    0.10000E-03    0.55621E+01
    0.10202E-03    0.56699E+01
    0.10408E-03    0.57798E+01
    0.10618E-03    0.58918E+01
    0.10833E-03    0.60060E+01
    0.11052E-03    0.61224E+01
    0.11275E-03    0.62410E+01
    0.11503E-03    0.63620E+01
    0.11735E-03    0.64852E+01
    0.11972E-03    0.66109E+01
    0.12214E-03    0.67390E+01
    0.12461E-03    0.68696E+01
    0.12712E-03    0.70027E+01
    0.12969E-03    0.71384E+01
    0.13231E-03    0.72767E+01
    0.13499E-03    0.74177E+01
    0.13771E-03    0.75614E+01
    0.14049E-03    0.77079E+01
    0.14333E-03    0.78573E+01
    0.14623E-03    0.80095E+01
    0.14918E-03    0.81647E+01
    0.15220E-03    0.83228E+01
    0.15527E-03    0.84841E+01
    0.15841E-03    0.86484E+01
    0.16161E-03    0.88159E+01
    0.16487E-03    0.89867E+01
    0.16820E-03    0.91608E+01
    0.17160E-03    0.93382E+01
    0.17507E-03    0.95191E+01
    0.17860E-03    0.97035E+01
    0.18221E-03    0.98914E+01
    0.18589E-03    0.10083E+02
    0.18965E-03    0.10278E+02
    0.19348E-03    0.10477E+02
    0.19739E-03    0.10680E+02
    0.20138E-03    0.10887E+02
    0.20544E-03    0.11098E+02
    0.20959E-03    0.11313E+02
    0.21383E-03    0.11532E+02
    0.21815E-03    0.11755E+02
    0.22255E-03    0.11982E+02
    0.22705E-03    0.12214E+02
    0.23164E-03    0.12451E+02
    0.23632E-03    0.12692E+02
    0.24109E-03    0.12938E+02
    0.24596E-03    0.13188E+02
    0.25093E-03    0.13443E+02
    0.25600E-03    0.13703E+02
    0.26117E-03    0.13968E+02
    0.26645E-03    0.14239E+02
    0.27183E-03    0.14514E+02
    0.27732E-03    0.14795E+02
    0.28292E-03    0.15081E+02
    0.28864E-03    0.15373E+02
    0.29447E-03    0.15670E+02
    0.30042E-03    0.15973E+02
    0.30649E-03    0.16282E+02
    0.31268E-03    0.16597E+02
    0.31899E-03    0.16917E+02
    0.32544E-03    0.17244E+02
    0.33201E-03    0.17578E+02
    0.33872E-03    0.17917E+02
    0.34556E-03    0.18264E+02
    0.35254E-03    0.18616E+02
    0.35966E-03    0.18976E+02
    0.36693E-03    0.19343E+02
    0.37434E-03    0.19716E+02
    0.38190E-03    0.20097E+02
    0.38962E-03    0.20485E+02
    0.39749E-03    0.20880E+02
    0.40552E-03    0.21283E+02
    0.41371E-03    0.21694E+02
    0.42207E-03    0.22112E+02
    0.43060E-03    0.22539E+02
    0.43929E-03    0.22973E+02
    0.44817E-03    0.23416E+02
    0.45722E-03    0.23867E+02
    0.46646E-03    0.24327E+02
    0.47588E-03    0.24796E+02
    0.48550E-03    0.25274E+02
    0.49530E-03    0.25760E+02
    0.50531E-03    0.26256E+02
    0.51552E-03    0.26761E+02
    0.52593E-03    0.27276E+02
    0.53656E-03    0.27801E+02
    0.54739E-03    0.28335E+02
    0.55845E-03    0.28880E+02
    0.56973E-03    0.29435E+02
    0.58124E-03    0.30000E+02
    0.59299E-03    0.30576E+02
    0.60496E-03    0.31163E+02
    0.61719E-03    0.31761E+02
    0.62965E-03    0.32370E+02
    0.64237E-03    0.32991E+02
    0.65535E-03    0.33623E+02
    0.66859E-03    0.34267E+02
    0.68210E-03    0.34923E+02
    0.69588E-03    0.35591E+02
    0.70993E-03    0.36272E+02
    0.72427E-03    0.36965E+02
    0.73891E-03    0.37671E+02
    0.75383E-03    0.38390E+02
    0.76906E-03    0.39123E+02
    0.78460E-03    0.39869E+02
    0.80045E-03    0.40629E+02
    0.81662E-03    0.41403E+02
    0.83311E-03    0.42190E+02
    0.84994E-03    0.42993E+02
    0.86711E-03    0.43810E+02
    0.88463E-03    0.44642E+02
    0.90250E-03    0.45489E+02
    0.92073E-03    0.46351E+02
    0.93933E-03    0.47229E+02
    0.95831E-03    0.48123E+02
    0.97767E-03    0.49032E+02
    0.99742E-03    0.49959E+02
    0.10176E-02    0.50901E+02
    0.10381E-02    0.51861E+02
    0.10591E-02    0.52837E+02
    0.10805E-02    0.53831E+02
    0.11023E-02    0.54843E+02
    0.11246E-02    0.55872E+02
    0.11473E-02    0.56919E+02
    0.11705E-02    0.57985E+02
    0.11941E-02    0.59069E+02
    0.12182E-02    0.60171E+02
    0.12429E-02    0.61293E+02
    0.12680E-02    0.62434E+02
    0.12936E-02    0.63595E+02
    0.13197E-02    0.64776E+02
    0.13464E-02    0.65976E+02
    0.13736E-02    0.67197E+02
    0.14013E-02    0.68438E+02
    0.14296E-02    0.69700E+02
    0.14585E-02    0.70983E+02
    0.14880E-02    0.72287E+02
    0.15180E-02    0.73612E+02
    0.15487E-02    0.74960E+02
    0.15800E-02    0.76329E+02
    0.16119E-02    0.77720E+02
    0.16445E-02    0.79134E+02
    0.16777E-02    0.80570E+02
    0.17116E-02    0.82029E+02
    0.17462E-02    0.83511E+02
    0.17814E-02    0.85016E+02
    0.18174E-02    0.86544E+02
    0.18541E-02    0.88096E+02
    0.18916E-02    0.89672E+02
    0.19298E-02    0.91272E+02
    0.19688E-02    0.92895E+02
    0.20086E-02    0.94544E+02
    0.20491E-02    0.96216E+02
    0.20905E-02    0.97913E+02
    0.21328E-02    0.99635E+02
    0.21758E-02    0.10138E+03
    0.22198E-02    0.10315E+03
    0.22646E-02    0.10495E+03
    0.23104E-02    0.10677E+03
    0.23571E-02    0.10862E+03
    0.24047E-02    0.11050E+03
    0.24533E-02    0.11239E+03
    0.25028E-02    0.11432E+03
    0.25534E-02    0.11627E+03
    0.26050E-02    0.11825E+03
    0.26576E-02    0.12025E+03
    0.27113E-02    0.12228E+03
    0.27660E-02    0.12433E+03
    0.28219E-02    0.12641E+03
    0.28789E-02    0.12851E+03
    0.29371E-02    0.13065E+03
    0.29964E-02    0.13280E+03
    0.30569E-02    0.13499E+03
    0.31187E-02    0.13720E+03
    0.31817E-02    0.13943E+03
    0.32460E-02    0.14169E+03
    0.33115E-02    0.14397E+03
    0.33784E-02    0.14628E+03
    0.34467E-02    0.14862E+03
    0.35163E-02    0.15098E+03
    0.35874E-02    0.15336E+03
    0.36598E-02    0.15577E+03
    0.37338E-02    0.15820E+03
    0.38092E-02    0.16066E+03
    0.38861E-02    0.16314E+03
    0.39646E-02    0.16564E+03
    0.40447E-02    0.16817E+03
    0.41264E-02    0.17071E+03
    0.42098E-02    0.17328E+03
    0.42948E-02    0.17587E+03
    0.43816E-02    0.17848E+03
    0.44701E-02    0.18110E+03
    0.45604E-02    0.18375E+03
    0.46525E-02    0.18642E+03
    0.47465E-02    0.18910E+03
    0.48424E-02    0.19180E+03
    0.49402E-02    0.19452E+03
    0.50400E-02    0.19725E+03
    0.51419E-02    0.20000E+03
    0.52457E-02    0.20276E+03
    0.53517E-02    0.20553E+03
    0.54598E-02    0.20831E+03
    0.55701E-02    0.21111E+03
    0.56826E-02    0.21391E+03
    0.57974E-02    0.21673E+03
    0.59145E-02    0.21955E+03
    0.60340E-02    0.22237E+03
    0.61559E-02    0.22520E+03
    0.62803E-02    0.22804E+03
    0.64072E-02    0.23087E+03
    0.65366E-02    0.23371E+03
    0.66686E-02    0.23655E+03
    0.68033E-02    0.23938E+03
    0.69408E-02    0.24221E+03
    0.70810E-02    0.24503E+03
    0.72240E-02    0.24784E+03
    0.73700E-02    0.25065E+03
    0.75189E-02    0.25344E+03
    0.76708E-02    0.25622E+03
    0.78257E-02    0.25899E+03
    0.79838E-02    0.26173E+03
    0.81451E-02    0.26446E+03
    0.83096E-02    0.26717E+03
    0.84775E-02    0.26985E+03
    0.86488E-02    0.27250E+03
    0.88235E-02    0.27513E+03
    0.90017E-02    0.27772E+03
    0.91836E-02    0.28028E+03
    0.93691E-02    0.28281E+03
    0.95583E-02    0.28529E+03
    0.97514E-02    0.28774E+03
    0.99484E-02    0.29014E+03
    0.10149E-01    0.29249E+03
    0.10354E-01    0.29479E+03
    0.10564E-01    0.29704E+03
    0.10777E-01    0.29923E+03
    0.10995E-01    0.30136E+03
    0.11217E-01    0.30343E+03
    0.11443E-01    0.30543E+03
    0.11675E-01    0.30736E+03
    0.11910E-01    0.30922E+03
    0.12151E-01    0.31100E+03
    0.12397E-01    0.31271E+03
    0.12647E-01    0.31433E+03
    0.12902E-01    0.31586E+03
    0.13163E-01    0.31731E+03
    0.13429E-01    0.31866E+03
    0.13700E-01    0.31991E+03
    0.13977E-01    0.32106E+03
    0.14259E-01    0.32211E+03
    0.14547E-01    0.32305E+03
    0.14841E-01    0.32388E+03
    0.15141E-01    0.32460E+03
    0.15447E-01    0.32519E+03
    0.15759E-01    0.32567E+03
    0.16077E-01    0.32601E+03
    0.16402E-01    0.32623E+03
    0.16734E-01    0.32632E+03
    0.17072E-01    0.32628E+03
    0.17416E-01    0.32609E+03
    0.17768E-01    0.32577E+03
    0.18127E-01    0.32530E+03
    0.18493E-01    0.32469E+03
    0.18867E-01    0.32393E+03
    0.19248E-01    0.32302E+03
    0.19637E-01    0.32196E+03
    0.20034E-01    0.32075E+03
    0.20438E-01    0.31939E+03
    0.20851E-01    0.31786E+03
    0.21272E-01    0.31619E+03
    0.21702E-01    0.31436E+03
    0.22141E-01    0.31237E+03
    0.22588E-01    0.31023E+03
    0.23044E-01    0.30794E+03
    0.23510E-01    0.30549E+03
    0.23985E-01    0.30290E+03
    0.24469E-01    0.30016E+03
    0.24964E-01    0.29728E+03
    0.25468E-01    0.29425E+03
    0.25982E-01    0.29109E+03
    0.26507E-01    0.28780E+03
    0.27043E-01    0.28439E+03
    0.27589E-01    0.28085E+03
    0.28146E-01    0.27721E+03
    0.28715E-01    0.27346E+03
    0.29295E-01    0.26961E+03
    0.29887E-01    0.26567E+03
    0.30490E-01    0.26165E+03
    0.31106E-01    0.25756E+03
    0.31735E-01    0.25341E+03
    0.32376E-01    0.24921E+03
    0.33030E-01    0.24497E+03
    0.33697E-01    0.24070E+03
    0.34378E-01    0.23641E+03
    0.35072E-01    0.23212E+03
    0.35781E-01    0.22784E+03
    0.36504E-01    0.22358E+03
    0.37241E-01    0.21935E+03
    0.37993E-01    0.21513E+03
    0.38761E-01    0.21093E+03
    0.39544E-01    0.20679E+03
    0.40343E-01    0.20273E+03
    0.41158E-01    0.19876E+03
    0.41989E-01    0.19489E+03
    0.42838E-01    0.19113E+03
    0.43703E-01    0.18748E+03
    0.44586E-01    0.18397E+03
    0.45486E-01    0.18058E+03
    0.46405E-01    0.17733E+03
    0.47343E-01    0.17422E+03
    0.48299E-01    0.17124E+03
    0.49275E-01    0.16839E+03
    0.50270E-01    0.16566E+03
    0.51286E-01    0.16305E+03
    0.52322E-01    0.16056E+03
    0.53379E-01    0.15816E+03
    0.54457E-01    0.15586E+03
    0.55557E-01    0.15364E+03
    0.56680E-01    0.15149E+03
    0.57825E-01    0.14941E+03
    0.58993E-01    0.14741E+03
    0.60184E-01    0.14563E+03
    0.61400E-01    0.14372E+03
    0.62641E-01    0.14179E+03
    0.63906E-01    0.13983E+03
    0.65197E-01    0.13783E+03
    0.66514E-01    0.13576E+03
    0.67858E-01    0.13361E+03
    0.69229E-01    0.13136E+03
    0.70627E-01    0.12898E+03
    0.72054E-01    0.12648E+03
    0.73510E-01    0.12384E+03
    0.74994E-01    0.12105E+03
    0.76509E-01    0.11812E+03
    0.78055E-01    0.11505E+03
    0.79632E-01    0.11187E+03
    0.81241E-01    0.10858E+03
    0.82882E-01    0.10521E+03
    0.84556E-01    0.10178E+03
    0.86264E-01    0.98320E+02
    0.88007E-01    0.94864E+02
    0.89785E-01    0.91441E+02
    0.91598E-01    0.88082E+02
    0.93449E-01    0.84818E+02
    0.95337E-01    0.81681E+02
    0.97263E-01    0.78698E+02
    0.99227E-01    0.75898E+02
    0.10123E+00    0.73300E+02
    0.10328E+00    0.70920E+02
    0.10536E+00    0.68766E+02
    0.10749E+00    0.66836E+02
    0.10966E+00    0.65119E+02
    0.11188E+00    0.63597E+02
    0.11414E+00    0.62244E+02
    0.11644E+00    0.61029E+02
    0.11880E+00    0.59918E+02
    0.12120E+00    0.58871E+02
    0.12365E+00    0.57846E+02
    0.12614E+00    0.56798E+02
    0.12869E+00    0.55683E+02
    0.13129E+00    0.54459E+02
    0.13394E+00    0.53097E+02
    0.13665E+00    0.51582E+02
    0.13941E+00    0.49915E+02
    0.14223E+00    0.48121E+02
    0.14510E+00    0.46236E+02
    0.14803E+00    0.44304E+02
    0.15102E+00    0.42372E+02
    0.15407E+00    0.40482E+02
    0.15718E+00    0.38676E+02
    0.16036E+00    0.36992E+02
    0.16360E+00    0.35464E+02
    0.16690E+00    0.34117E+02
    0.17028E+00    0.32959E+02
    0.17371E+00    0.31980E+02
    0.17722E+00    0.31151E+02
    0.18080E+00    0.30428E+02
    0.18446E+00    0.29760E+02
    0.18818E+00    0.29102E+02
    0.19198E+00    0.28411E+02
    0.19586E+00    0.27652E+02
    0.19982E+00    0.26803E+02
    0.20386E+00    0.25858E+02
    0.20797E+00    0.24831E+02
    0.21218E+00    0.23753E+02
    0.21646E+00    0.22667E+02
    0.22083E+00    0.21618E+02
    0.22530E+00    0.20645E+02
    0.22985E+00    0.19776E+02
    0.23449E+00    0.19026E+02
    0.23923E+00    0.18388E+02
    0.24406E+00    0.17840E+02
    0.24899E+00    0.17345E+02
    0.25402E+00    0.16863E+02
    0.25915E+00    0.16362E+02
    0.26439E+00    0.15819E+02
    0.26973E+00    0.15228E+02
    0.27518E+00    0.14598E+02
    0.28074E+00    0.13954E+02
    0.28641E+00    0.13326E+02
    0.29219E+00    0.12743E+02
    0.29810E+00    0.12223E+02
    0.30412E+00    0.11766E+02
    0.31026E+00    0.11360E+02
    0.31653E+00    0.10985E+02
    0.32292E+00    0.10619E+02
    0.32945E+00    0.10242E+02
    0.33610E+00    0.98445E+01
    0.34289E+00    0.94341E+01
    0.34982E+00    0.90259E+01
    0.35689E+00    0.86365E+01
    0.36409E+00    0.82783E+01
    0.37145E+00    0.79544E+01
    0.37895E+00    0.76577E+01
    0.38661E+00    0.73757E+01
    0.39442E+00    0.70968E+01
    0.40239E+00    0.68146E+01
    0.41052E+00    0.65308E+01
    0.41881E+00    0.62530E+01
    0.42727E+00    0.59892E+01
    0.43590E+00    0.57436E+01
    0.44471E+00    0.55153E+01
    0.45369E+00    0.52981E+01
    0.46286E+00    0.50860E+01
    0.47221E+00    0.48768E+01
    0.48174E+00    0.46712E+01
    0.49148E+00    0.44736E+01
    0.50141E+00    0.42864E+01
    0.51153E+00    0.41096E+01
    0.52187E+00    0.39410E+01
    0.53241E+00    0.37776E+01
    0.54317E+00    0.36187E+01
    0.55414E+00    0.34648E+01
    0.56533E+00    0.33178E+01
    0.57675E+00    0.31777E+01
    0.58840E+00    0.30439E+01
    0.60029E+00    0.29150E+01
    0.61242E+00    0.27906E+01
    0.62479E+00    0.26709E+01
    0.63741E+00    0.25563E+01
    0.65029E+00    0.24468E+01
    0.66342E+00    0.23418E+01
    0.67683E+00    0.22407E+01
    0.69050E+00    0.21438E+01
    0.70445E+00    0.20508E+01
    0.71868E+00    0.19618E+01
    0.73320E+00    0.18765E+01
    0.74801E+00    0.17946E+01
    0.76312E+00    0.17161E+01
    0.77854E+00    0.16409E+01
    0.79426E+00    0.15689E+01
    0.81031E+00    0.14999E+01
    0.82668E+00    0.14337E+01
    0.84338E+00    0.13704E+01
    0.86041E+00    0.13097E+01
    0.87780E+00    0.12516E+01
    0.89553E+00    0.11959E+01
    0.91362E+00    0.11427E+01
    0.93208E+00    0.10917E+01
    0.95091E+00    0.10429E+01
    0.97011E+00    0.99613E+00
    0.98971E+00    0.95142E+00
    0.10097E+01    0.90864E+00
    0.10301E+01    0.86770E+00
    0.10509E+01    0.82854E+00
    0.10721E+01    0.79108E+00
    0.10938E+01    0.75524E+00
    0.11159E+01    0.72096E+00
    0.11384E+01    0.68818E+00
    0.11614E+01    0.65684E+00
    0.11849E+01    0.62688E+00
    0.12088E+01    0.59824E+00
    0.12333E+01    0.57086E+00
    0.12582E+01    0.54469E+00
    0.12836E+01    0.51968E+00
    0.13095E+01    0.49578E+00
    0.13360E+01    0.47294E+00
    0.13630E+01    0.45112E+00
    0.13905E+01    0.43027E+00
    0.14186E+01    0.41035E+00
    0.14472E+01    0.39133E+00
    0.14765E+01    0.37317E+00
    0.15063E+01    0.35582E+00
    0.15367E+01    0.33925E+00
    0.15678E+01    0.32343E+00
    0.15994E+01    0.30832E+00
    0.16318E+01    0.29390E+00
    0.16647E+01    0.28014E+00
    0.16984E+01    0.26700E+00
    0.17327E+01    0.25446E+00
    0.17677E+01    0.24250E+00
    0.18034E+01    0.23107E+00
    0.18398E+01    0.22018E+00
    0.18770E+01    0.20978E+00
    0.19149E+01    0.19986E+00
    0.19536E+01    0.19040E+00
    0.19930E+01    0.18137E+00
    0.20333E+01    0.17276E+00
    0.20744E+01    0.16455E+00
    0.21163E+01    0.15672E+00
    0.21590E+01    0.14925E+00
    0.22026E+01    0.14213E+00
    0.22471E+01    0.13535E+00
    0.22925E+01    0.12887E+00
    0.23388E+01    0.12270E+00
    0.23861E+01    0.11682E+00
    0.24343E+01    0.11122E+00
    0.24835E+01    0.10587E+00
    0.25336E+01    0.10078E+00
    0.25848E+01    0.95925E-01
    0.26370E+01    0.91301E-01
    0.26903E+01    0.86894E-01
    0.27447E+01    0.82696E-01
    0.28001E+01    0.78696E-01
    0.28567E+01    0.74885E-01
    0.29144E+01    0.71255E-01
    0.29733E+01    0.67797E-01
    0.30333E+01    0.64503E-01
    0.30946E+01    0.61366E-01
    0.31571E+01    0.58379E-01
    0.32209E+01    0.55534E-01
    0.32860E+01    0.52825E-01
    0.33523E+01    0.50246E-01
    0.34201E+01    0.47790E-01
    0.34892E+01    0.45452E-01
    0.35596E+01    0.43226E-01
    0.36316E+01    0.41107E-01
    0.37049E+01    0.39090E-01
    0.37798E+01    0.37170E-01
    0.38561E+01    0.35343E-01
    0.39340E+01    0.33604E-01
    0.40135E+01    0.31949E-01
    0.40946E+01    0.30374E-01
    0.41773E+01    0.28875E-01
    0.42617E+01    0.27449E-01
    0.43478E+01    0.26092E-01
    0.44356E+01    0.24801E-01
    0.45252E+01    0.23573E-01
    0.46166E+01    0.22405E-01
    0.47099E+01    0.21293E-01
    0.48050E+01    0.20236E-01
    0.49021E+01    0.19231E-01
    0.50011E+01    0.18274E-01
    0.51021E+01    0.17365E-01
    0.52052E+01    0.16500E-01
    0.53104E+01    0.15677E-01
    0.54176E+01    0.14895E-01
    0.55271E+01    0.14151E-01
    0.56387E+01    0.13444E-01
    0.57526E+01    0.12772E-01
    0.58689E+01    0.12132E-01
    0.59874E+01    0.11525E-01
    0.61084E+01    0.10947E-01
    0.62318E+01    0.10398E-01
    0.63577E+01    0.98757E-02
    0.64861E+01    0.93795E-02
    0.66171E+01    0.89079E-02
    0.67508E+01    0.84596E-02
    0.68872E+01    0.80336E-02
    0.70263E+01    0.76288E-02
    0.71682E+01    0.72441E-02
    0.73130E+01    0.68785E-02
    0.74608E+01    0.65311E-02
    0.76115E+01    0.62011E-02
    0.77653E+01    0.58875E-02
    0.79221E+01    0.55895E-02
    0.80822E+01    0.53065E-02
    0.82454E+01    0.50375E-02
    0.84120E+01    0.47821E-02
    0.85819E+01    0.45394E-02
    0.87553E+01    0.43089E-02
    0.89322E+01    0.40900E-02
    0.91126E+01    0.38820E-02
    0.92967E+01    0.36845E-02
    0.94845E+01    0.34969E-02
    0.96761E+01    0.33188E-02
    0.98716E+01    0.31496E-02
    0.10071E+02    0.29889E-02
    0.10274E+02    0.28364E-02
    0.10482E+02    0.26915E-02
    0.10694E+02    0.25540E-02
    0.10910E+02    0.24234E-02
    0.11130E+02    0.22994E-02
    0.11355E+02    0.21817E-02
    0.11584E+02    0.20699E-02
    0.11818E+02    0.19638E-02
    0.12057E+02    0.18631E-02
    0.12301E+02    0.17675E-02
    0.12549E+02    0.16767E-02
    0.12803E+02    0.15906E-02
    0.13061E+02    0.15088E-02
    0.13325E+02    0.14312E-02
    0.13594E+02    0.13575E-02
    0.13869E+02    0.12876E-02
    0.14149E+02    0.12213E-02
    0.14435E+02    0.11583E-02
    0.14727E+02    0.10986E-02
    0.15024E+02    0.10419E-02
    0.15328E+02    0.98808E-03
    0.15637E+02    0.93703E-03
    0.15953E+02    0.88860E-03
    0.16275E+02    0.84264E-03
    0.16604E+02    0.79904E-03
    0.16940E+02    0.75767E-03
    0.17282E+02    0.71842E-03
    0.17631E+02    0.68118E-03
    0.17987E+02    0.64586E-03
    0.18351E+02    0.61235E-03
    0.18721E+02    0.58057E-03
    0.19099E+02    0.55042E-03
    0.19485E+02    0.52182E-03
    0.19879E+02    0.49469E-03
    0.20280E+02    0.46896E-03
    0.20690E+02    0.44456E-03
    0.21108E+02    0.42141E-03
    0.21535E+02    0.39946E-03
    0.21970E+02    0.37864E-03
    0.22413E+02    0.35890E-03
    0.22866E+02    0.34018E-03
    0.23328E+02    0.32243E-03
    0.23799E+02    0.30559E-03
    0.24280E+02    0.28963E-03
    0.24771E+02    0.27449E-03
    0.25271E+02    0.26014E-03
    0.25782E+02    0.24653E-03
    0.26302E+02    0.23363E-03
    0.26834E+02    0.22140E-03
    0.27376E+02    0.20980E-03
    0.27929E+02    0.19880E-03
    0.28493E+02    0.18838E-03
    0.29069E+02    0.17850E-03
    0.29656E+02    0.16913E-03
    0.30255E+02    0.16025E-03
    0.30866E+02    0.15183E-03
    0.31490E+02    0.14385E-03
    0.32126E+02    0.13629E-03
    0.32775E+02    0.12912E-03
    0.33437E+02    0.12233E-03
    0.34112E+02    0.11589E-03
    0.34801E+02    0.10978E-03
    0.35504E+02    0.10400E-03
    0.36222E+02    0.98517E-04
    0.36953E+02    0.93321E-04
    0.37700E+02    0.88398E-04
    0.38462E+02    0.83731E-04
    0.39239E+02    0.79310E-04
    0.40031E+02    0.75120E-04
    0.40840E+02    0.71150E-04
    0.41665E+02    0.67387E-04
    0.42507E+02    0.63823E-04
    0.43365E+02    0.60445E-04
    0.44241E+02    0.57245E-04
    0.45135E+02    0.54212E-04
    0.46047E+02    0.51340E-04
    0.46977E+02    0.48618E-04
    0.47926E+02    0.46039E-04
    0.48894E+02    0.43596E-04
    0.49882E+02    0.41282E-04
    0.50890E+02    0.39089E-04
    0.51918E+02    0.37012E-04
    0.52966E+02    0.35045E-04
    0.54036E+02    0.33181E-04
    0.55128E+02    0.31416E-04
    0.56242E+02    0.29744E-04
    0.57378E+02    0.28160E-04
    0.58537E+02    0.26660E-04
    0.59720E+02    0.25239E-04
    0.60926E+02    0.23893E-04
    0.62157E+02    0.22618E-04
    0.63412E+02    0.21411E-04
    0.64693E+02    0.20267E-04
    0.66000E+02    0.19185E-04
    0.67334E+02    0.18159E-04
    0.68694E+02    0.17188E-04
    0.70082E+02    0.16268E-04
    0.71497E+02    0.15398E-04
    0.72942E+02    0.14573E-04
    0.74415E+02    0.13792E-04
    0.75918E+02    0.13053E-04
    0.77452E+02    0.12353E-04
    0.79017E+02    0.11690E-04
    0.80613E+02    0.11062E-04
    0.82241E+02    0.10468E-04
    0.83903E+02    0.99052E-05
    0.85598E+02    0.93725E-05
    0.87327E+02    0.88682E-05
    0.89091E+02    0.83908E-05
    0.90891E+02    0.79388E-05
    0.92727E+02    0.75109E-05
    0.94600E+02    0.71058E-05
    0.96511E+02    0.67223E-05
    0.98461E+02    0.63593E-05
    0.10045E+03    0.60157E-05
    0.10248E+03    0.56905E-05
    0.10455E+03    0.53827E-05
    0.10666E+03    0.50913E-05
    0.10882E+03    0.48155E-05
    0.11101E+03    0.45545E-05
    0.11326E+03    0.43074E-05
    0.11554E+03    0.40736E-05
    0.11788E+03    0.38523E-05
    0.12026E+03    0.36429E-05
    0.12269E+03    0.34448E-05
    0.12517E+03    0.32572E-05
    0.12770E+03    0.30798E-05
    0.13028E+03    0.29118E-05
    0.13291E+03    0.27529E-05
    0.13559E+03    0.26026E-05
    0.13833E+03    0.24603E-05
    0.14113E+03    0.23257E-05
    0.14398E+03    0.21984E-05
    0.14689E+03    0.20779E-05
    0.14985E+03    0.19639E-05
    0.15288E+03    0.18560E-05
    0.15597E+03    0.17540E-05
    0.15912E+03    0.16575E-05
    0.16233E+03    0.15662E-05
    0.16561E+03    0.14799E-05
    0.16896E+03    0.13982E-05
    0.17237E+03    0.13209E-05
    0.17585E+03    0.12479E-05
    0.17941E+03    0.11788E-05
    0.18303E+03    0.11134E-05
    0.18673E+03    0.10516E-05
    0.19050E+03    0.99315E-06
    0.19435E+03    0.93788E-06
    0.19828E+03    0.88562E-06
