1.056141709579000061e-05 -1.507361293563999963e-04 -1.130580576032000020e-04 -1.130580583560000053e-04 -1.234051519360000108e-04 -1.234051519360000108e-04 -1.234051519360000108e-04 -1.131562070133000013e-04 6.013568528680000025e-01 5.996909086350999951e-01 2.261161167120000106e-04 9.555937722709000298e-08 9.999990285487999619e-01 -1.066024386820999937e-10
1.329603636645000006e-05 -2.388931945231999884e-04 -1.791848679878999906e-04 -1.791848698787000072e-04 -1.955799657178000043e-04 -1.955799657178000043e-04 -1.955799657178000043e-04 -1.793404006382999885e-04 6.013564587951000240e-01 5.996905834105999977e-01 3.583697397574999778e-04 1.514513199402999997e-07 9.999984603617999568e-01 -1.689500025179999997e-10
1.673871805787000120e-05 -3.786014330861999888e-04 -2.839886821446999847e-04 -2.839886868943000036e-04 -3.099632603051000255e-04 -3.099632603051000255e-04 -3.099632603051000255e-04 -2.842351253004999885e-04 6.013558348706999901e-01 5.996900692062000493e-01 5.679773737886000071e-04 2.400339483593999843e-07 9.999975598554999845e-01 -2.677587297614999882e-10
2.107279752391000104e-05 -5.999957015203000524e-04 -4.500912380103999741e-04 -4.500912499408000014e-04 -4.912333020381999971e-04 -4.912333020381999971e-04 -4.912333020381999971e-04 -4.504816746838999743e-04 6.013548451607000356e-01 5.996892521857000169e-01 9.001824998816999662e-04 3.804276246811000229e-07 9.999961326795999694e-01 -4.243474228919000105e-10
2.652908030043999967e-05 -9.508107227719000141e-04 -7.133453056992999615e-04 -7.133453356677000104e-04 -7.784886218882000391e-04 -7.784886218882000391e-04 -7.784886218882000391e-04 -7.139637308670999894e-04 6.013532769414999812e-01 5.996879592288999472e-01 1.426690671334999950e-03 6.029357809880000508e-07 9.999938708305999846e-01 -6.724906135423999901e-10
3.339813334175000296e-05 -1.506636129881999903e-03 -1.130573021640000073e-03 -1.130573096912000077e-03 -1.233661343839999921e-03 -1.233661343839999921e-03 -1.233661343839999921e-03 -1.131552217000999930e-03 6.013507923244999498e-01 5.996859101170000095e-01 2.261146193824000155e-03 9.555853685807000351e-07 9.999902862288000405e-01 -1.065685547762999941e-09
4.204575877041999790e-05 -2.387110706873999885e-03 -1.791829704886000038e-03 -1.791829893948000034e-03 -1.954819705036000069e-03 -1.954819705036000069e-03 -1.954819705036000069e-03 -1.793379258073999998e-03 6.013468542587999677e-01 5.996826620238999705e-01 3.583659787896000069e-03 1.514492091101000069e-06 9.999846054819999663e-01 -1.688654055949999899e-09
5.293247417425000248e-05 -3.781440740725000062e-03 -2.839839159253999996e-03 -2.839839634123000021e-03 -3.097171567416000162e-03 -3.097171567416000162e-03 -3.097171567416000162e-03 -2.842289092333000200e-03 6.013406138521999456e-01 5.996775147666999484e-01 5.679679268244999975e-03 2.400286467986999905e-06 9.999756032620999990e-01 -2.675466522593000158e-09
6.663803684710000493e-05 -5.988473277590999899e-03 -4.500792669235999938e-03 -4.500793861906000025e-03 -4.906153147878999747e-03 -4.906153147878999747e-03 -4.906153147878999747e-03 -4.504660631101000193e-03 6.013307259847999742e-01 5.996693583444000497e-01 9.001587723811000849e-03 3.804143091837000119e-06 9.999613386200999487e-01 -4.238147535227999691e-09
8.389231797889000670e-05 -9.479279685893999760e-03 -7.133152398614999758e-03 -7.133155393863999973e-03 -7.769370911759000166e-03 -7.769370911759000166e-03 -7.769370911759000166e-03 -7.139245259723999912e-03 6.013150612632000014e-01 5.996564347682999951e-01 1.426631078773000008e-02 6.029023399532000290e-06 9.999387379992999980e-01 -6.711529498385999946e-09
1.056141709578999993e-04 -1.499402257006000015e-02 -1.130497514427999950e-02 -1.130498266563000065e-02 -1.229767188381999943e-02 -1.229767188381999943e-02 -1.229767188381999943e-02 -1.131453775135000082e-02 6.012902498618000191e-01 5.996359604662000464e-01 2.260996533124999888e-02 9.555013947272999439e-06 9.999029368406000540e-01 -1.062330384467000082e-08
1.329603636644999904e-04 -2.368968975914999969e-02 -1.791640098896999864e-02 -1.791641987212000062e-02 -1.945050409863000040e-02 -1.945050409863000040e-02 -1.945050409863000040e-02 -1.793132128773999856e-02 6.012509651790000076e-01 5.996035311984000415e-01 3.583283974423000229e-02 1.514281261304000029e-05 9.998462418875999624e-01 -1.680231539801999940e-08
1.673871805787000120e-04 -3.735985712447999901e-02 -2.839363123606000044e-02 -2.839367863048000012e-02 -3.072681403119999904e-02 -3.072681403119999904e-02 -3.072681403119999904e-02 -2.841668906075000070e-02 6.011888004557000009e-01 5.995521854048000421e-01 5.678735726096000025e-02 2.399757301794000017e-05 9.997565020145999792e-01 -2.654348597648000032e-08
2.107279752390999968e-04 -5.874751426505000346e-02 -4.499597844402000030e-02 -4.499609734590000187e-02 -4.844831921873000297e-02 -4.844831921873000297e-02 -4.844831921873000297e-02 -4.503105071385000296e-02 6.010905197272999878e-01 5.994709377871000333e-01 8.999219469180000375e-02 3.802815536915000251e-05 9.996145633574999856e-01 -4.185253437501000162e-08
2.652908030044000103e-04 -9.195428873147000470e-02 -7.130154790996999503e-02 -7.130184599107999843e-02 -7.616112870223000486e-02 -7.616112870223000486e-02 -7.616112870223000486e-02 -7.135346893966999782e-02 6.009353635602000532e-01 5.993424901146999773e-01 1.426036919821999926e-01 6.025695290918000322e-05 9.993903294386999869e-01 -6.579285174134000511e-08
3.339813334175000025e-04 -1.428814769583000022e-01 -1.129745999662000039e-01 -1.129753464032000054e-01 -1.191576396528000042e-01 -1.191576396528000042e-01 -1.191576396528000042e-01 -1.130478119540000020e-01 6.006909744730000167e-01 5.991397194301000262e-01 2.259506928064000109e-01 9.546680102120999795e-05 9.990367477488999448e-01 -1.029356718611999972e-07
4.204575877041999790e-04 -2.194459572395000002e-01 -1.789758119213999965e-01 -1.789776778390000100e-01 -1.850323412313999993e-01 -1.850323412313999993e-01 -1.850323412313999993e-01 -1.790695462554000028e-01 6.003074064051000525e-01 5.988203580626000333e-01 3.579553556778999890e-01 1.512198157575000057e-04 9.984808411711999510e-01 -1.598368737020999915e-07
5.293247417424999570e-04 -3.308538791928999911e-01 -2.834658450711000088e-01 -2.834704968590999741e-01 -2.839444941345000140e-01 -2.839444941345000140e-01 -2.839444941345000140e-01 -2.835603416040000102e-01 5.997087570197999762e-01 5.983191859169999516e-01 5.669409937181999481e-01 2.394565128198000042e-04 9.976108470872000478e-01 -2.452489214468999887e-07
6.663803684709999680e-04 -4.842980386024000050e-01 -4.487869119655999994e-01 -4.487984624495000019e-01 -4.277177607689000016e-01 -4.277177607689000016e-01 -4.277177607689000016e-01 -4.488083377657999806e-01 5.987825143171999764e-01 5.975371573654000290e-01 8.975969248990000038e-01 3.789930829884000010e-04 9.962589954307999873e-01 -3.692818118737000196e-07
8.389231797889000128e-04 -6.761772818236000404e-01 -7.101039542368999813e-01 -7.101324668430000209e-01 -6.259501876587999503e-01 -6.259501876587999503e-01 -6.259501876587999503e-01 -7.098433847327999535e-01 5.973684184663999863e-01 5.963276325931999855e-01 1.420264933686000042e+00 5.993937703470999514e-04 9.941812744574000105e-01 -5.398081958693999951e-07
1.056141709578999966e-03 -8.751967812431999949e-01 -1.122565546169999928e+00 -1.122635367180000010e+00 -8.764739125698000066e-01 -8.764739125698000066e-01 -8.764739125698000066e-01 -1.121512870601999889e+00 5.952523724059000099e-01 5.944822240999999563e-01 2.245270734358999931e+00 9.469209514055999940e-04 9.910399478420000019e-01 -7.533912192978000287e-07
1.329603636644999904e-03 -1.003968605397000058e+00 -1.772222655326999963e+00 -1.772391956612000108e+00 -1.149987057778999899e+00 -1.149987057778999899e+00 -1.149987057778999899e+00 -1.769285732746999962e+00 5.921762944031000453e-01 5.917238044870000158e-01 3.544783913224999861e+00 1.493586039136000085e-03 9.864018987264000504e-01 -9.793715689116000300e-07
1.673871805787000011e-03 -9.586332703918000187e-01 -2.792403582562999809e+00 -2.792811086429999978e+00 -1.383426437128999931e+00 -1.383426437128999931e+00 -1.383426437128999931e+00 -2.785596062795999917e+00 5.878665455624999536e-01 5.877131688407000176e-01 5.585622172859999957e+00 2.350772798003000156e-03 9.797561426541000484e-01 -1.147215829140999999e-06
2.107279752390999860e-03 -7.454526223676000152e-01 -4.388097849175999876e+00 -4.389073343511999958e+00 -1.528881596018000000e+00 -1.528881596018000000e+00 -1.528881596018000000e+00 -4.374556398234999754e+00 5.821029779699999906e-01 5.821221607259999820e-01 8.778146687025000006e+00 3.689809601175000030e-03 9.706096348395000240e-01 -1.177129831887000014e-06
2.652908030044000103e-03 -6.570073352944999501e-01 -6.871443837204999738e+00 -6.873793015572999821e+00 -1.685673144257999967e+00 -1.685673144257999967e+00 -1.685673144257999967e+00 -6.848110202456999751e+00 5.746610309267999872e-01 5.746688897277999475e-01 1.374758603115000000e+01 5.772475229436999783e-03 9.584503290089999572e-01 -1.097764871551999982e-06
3.339813334174999808e-03 -8.550163056862000177e-01 -1.071267319426000064e+01 -1.071840705297000085e+01 -2.063341675269000142e+00 -2.063341675268000053e+00 -2.063341675268000053e+00 -1.067623666775999958e+01 5.651190926169999962e-01 5.650653961656999513e-01 2.143681410593000081e+01 8.994573717763000575e-03 9.425953589012000533e-01 -1.095668015817999903e-06
4.204575877042000115e-03 -7.278615710151999929e-01 -1.660986145796000102e+01 -1.662393041225000090e+01 -2.459367905109000052e+00 -2.459367905109000052e+00 -2.459367905109000052e+00 -1.655465093504000151e+01 5.528073174012000379e-01 5.527911274430999944e-01 3.324786082448999736e+01 1.394343449740000074e-02 9.221084187106000085e-01 -1.154236154154000082e-06
5.293247417425000004e-03 -7.794591823648999718e-01 -2.557786651504000019e+01 -2.561227006610999979e+01 -2.704628036788999879e+00 -2.704628036788999879e+00 -2.704628036788999879e+00 -2.550006527553999902e+01 5.372064525851000250e-01 5.371902624194000442e-01 5.122454013221999958e+01 2.147363783459000156e-02 8.961259063431999961e-01 -1.114288727698999906e-06
6.663803684709999897e-03 -6.570495667100000325e-01 -3.905301557428000336e+01 -3.913693407923000223e+01 -3.027443884564999799e+00 -3.027443884564999799e+00 -3.027443884564999799e+00 -3.895669939143999727e+01 5.177868443976999524e-01 5.177823330184000428e-01 7.827386815846000445e+01 3.280173742378000162e-02 8.637538751440999585e-01 -1.116883627565000047e-06
8.389231797889000128e-03 -7.312906369496999792e-01 -5.899310875223000039e+01 -5.919624254341000125e+01 -3.250491800824999888e+00 -3.250491800825999977e+00 -3.250491800824999888e+00 -5.890779975403000179e+01 4.939926310691000189e-01 4.939879245595000246e-01 1.183924850867999936e+02 4.959693691966000212e-02 8.240765966597000114e-01 -1.085373644910999943e-06
1.056141709578999922e-02 -8.012337398587999759e-01 -8.791537582556999553e+01 -8.840143918716999849e+01 -3.271955442807000125e+00 -3.271955442807000125e+00 -3.271955442807000125e+00 -8.793757415771999320e+01 4.652740000830000167e-01 4.652712823908999873e-01 1.768028783743000076e+02 7.403608437109999996e-02 7.761827928225000228e-01 -1.052291440380000094e-06
1.329603636644999948e-02 -6.541517248292000319e-01 -1.287505554285000073e+02 -1.298927719744999933e+02 -2.086697153990999976e+00 -2.086697153990999976e+00 -2.086697153990999976e+00 -1.291364977856999872e+02 4.310961625192999969e-01 4.310947726316999851e-01 2.597855439488999991e+02 1.087233733277999936e-01 7.191848518022999626e-01 -9.727139351105999109e-07
1.673871805783999980e-02 -6.475149901485000026e-01 -1.842992456716000049e+02 -1.869084978495999962e+02 -1.865949404108999898e+00 -1.865949404108999898e+00 -1.865949404108999898e+00 -1.856665237249000029e+02 3.910663150934999832e-01 3.910650011622999744e-01 3.738169956992999801e+02 1.563202893871999954e-01 6.524189547226999508e-01 -9.032351398062999558e-07
2.107279735414999827e-02 -5.706949338497999680e-01 -2.560754859941000063e+02 -2.617763129167000216e+02 -1.549432232168000079e+00 -1.549432232168000079e+00 -1.549432232168000079e+00 -2.597151202164999972e+02 3.451528288280000245e-01 3.451520939871999816e-01 5.235526258334000431e+02 2.186735663031000032e-01 5.758345929892000337e-01 -8.083794702007999859e-07
2.652895142966999950e-02 -4.867024969193000095e-01 -3.429050000309999859e+02 -3.545060513337999737e+02 -1.339587667031000073e+00 -1.339587667031000073e+00 -1.339587667031000073e+00 -3.511085447475999786e+02 2.944138040390000266e-01 2.944133814177000152e-01 7.090121026675000167e+02 2.956450366648000205e-01 4.912002742864999827e-01 -7.008935304235000277e-07
3.338033587096000260e-02 -4.003193293657000273e-01 -4.416503749378999828e+02 -4.626742663416999903e+02 -1.077343885354000053e+00 -1.077343885352999964e+00 -1.077343885352999964e+00 -4.573228090315000145e+02 2.422129407081999863e-01 2.422127259161999946e-01 9.253485326835000251e+02 3.851118273151000193e-01 4.041224933090000193e-01 -5.866440284404000283e-07
4.145467711312000175e-02 -3.254963233381999999e-01 -5.498951724564999495e+02 -5.809987626378999721e+02 -8.895970919540000521e-01 -8.895970919539000210e-01 -8.895970919539000210e-01 -5.735456338502000335e+02 1.969591306251000096e-01 1.969590136845000006e-01 1.161997525276000033e+03 4.829987586792999776e-01 3.286232200413999882e-01 -4.802221886999999828e-07
4.826304669327000085e-02 -2.820487745199000140e-01 -6.468131290147000527e+02 -6.821270902395999656e+02 -7.610694778730999754e-01 -7.610694778730000554e-01 -7.610694778730999754e-01 -6.735629425380000157e+02 1.706489386370000083e-01 1.706488652337999901e-01 1.364254180479000070e+03 5.672014587271999586e-01 2.847203885064999995e-01 -4.133542874473000129e-07
5.320051047139000289e-02 -2.589679379788000224e-01 -7.249943268854000280e+02 -7.602343194359000336e+02 -6.993510145549000079e-01 -6.993510145547999768e-01 -6.993510145547999768e-01 -7.513295127489000151e+02 1.566583500587999944e-01 1.566582946909000074e-01 1.520468638871999929e+03 6.326492452335999994e-01 2.613714069465999934e-01 -3.755248181838999825e-07
5.727199084335000273e-02 -2.436078597566999904e-01 -7.942928761301000122e+02 -8.279187124405999612e+02 -6.837013814505999987e-01 -6.837013814507000298e-01 -6.837013814507000298e-01 -8.189599182179999843e+02 1.473440737155000124e-01 1.473440258054999896e-01 1.655837424881000061e+03 6.895578163144999717e-01 2.458258319812000048e-01 -3.497027990698000182e-07
6.090716066191999983e-02 -2.317424217667000130e-01 -8.583181376288999900e+02 -8.899222153324000146e+02 -6.243103718979999828e-01 -6.243103718978999517e-01 -6.243103718978999517e-01 -8.809983256903000211e+02 1.401499284988000082e-01 1.401498909171000062e-01 1.779844430664999891e+03 7.417595429598999868e-01 2.338190105790000084e-01 -3.299238054301000017e-07
6.429752397858000401e-02 -2.216431185200999909e-01 -9.180369857174999879e+02 -9.478401926725000521e+02 -6.144492758184000314e-01 -6.144492758184000314e-01 -6.144492758181999692e-01 -9.389353919981999752e+02 1.340298882261000135e-01 1.340298543118000063e-01 1.895680385345000104e+03 7.905129252097999881e-01 2.236056341067000075e-01 -3.135079199851999835e-07
6.754442450898000272e-02 -2.124538405233999949e-01 -9.734583644885999547e+02 -1.002113429493000012e+03 -5.947770968583000473e-01 -5.947770968582000162e-01 -5.947770968582000162e-01 -9.931425881064000123e+02 1.284656413721000090e-01 1.284656114376999947e-01 2.004226858987000014e+03 8.361334695639000003e-01 2.143208509634000059e-01 -2.994867567341999814e-07
7.070862135333999543e-02 -2.037075478211000101e-01 -1.024238033656999960e+03 -1.052712481604999994e+03 -5.544081306471000392e-01 -5.544081306471000392e-01 -5.544081306471000392e-01 -1.043541607828999986e+03 1.231740966171000068e-01 1.231740716960000037e-01 2.105424963209999987e+03 8.785571463450000396e-01 2.054922113326999866e-01 -2.867397292641000108e-07
7.383002130867999391e-02 -1.951481139684999866e-01 -1.069973798083000020e+03 -1.099451817412000082e+03 -5.271777868684000001e-01 -5.271777868686999824e-01 -5.271777868684000001e-01 -1.089914142594999930e+03 1.179996236105999990e-01 1.179996019870000051e-01 2.198903634825000154e+03 9.176012537404000247e-01 1.968598863859999937e-01 -2.747871398340000074e-07
7.693674722399000687e-02 -1.866503170398000067e-01 -1.110383959845999925e+03 -1.142163242142999934e+03 -5.168270327670999587e-01 -5.168270327671999897e-01 -5.168270327670999587e-01 -1.132075110170000016e+03 1.128656775941000029e-01 1.128656576824000057e-01 2.284326484286999857e+03 9.531103344638000019e-01 1.882959724907999899e-01 -2.635044447291999945e-07
8.004977955945999368e-02 -1.781795097963000118e-01 -1.145441967699000088e+03 -1.180819562928000096e+03 -5.002891295767000202e-01 -5.002891295768000512e-01 -5.002891295767000202e-01 -1.169997479505999991e+03 1.077504057864999976e-01 1.077503877878999983e-01 2.361639125857000181e+03 9.850611568110000382e-01 1.797637922786000098e-01 -2.527365271013999817e-07
8.318553539471999769e-02 -1.697668651540999996e-01 -1.175477367930999890e+03 -1.215625730880999981e+03 -4.662161125595000177e-01 -4.662161125597000244e-01 -4.662161125593999866e-01 -1.203904628772000024e+03 1.026716873347000014e-01 1.026716720503000058e-01 2.431251461762999952e+03 1.013640320961999963e+00 1.712929353271999966e-01 -2.422403630441000000e-07
8.635739650205999374e-02 -1.614911685772000005e-01 -1.201245935509999981e+03 -1.247084042742000065e+03 -4.351330495942999921e-01 -4.351330495944999988e-01 -4.351330495944999988e-01 -1.234336072755000032e+03 9.767615779983999935e-02 9.767614474084000686e-02 2.494168085485000120e+03 1.039299538350000107e+00 1.629609552226999880e-01 -2.318893983237000007e-07
8.957666254111000537e-02 -1.534625157337000112e-01 -1.223957528968999895e+03 -1.276027409036000108e+03 -4.244449141516999924e-01 -4.244449141516999924e-01 -4.244449141516999924e-01 -1.262179647354000053e+03 9.282941824099999462e-02 9.282940614312000516e-02 2.552054818071000227e+03 1.062782884159999996e+00 1.548770546267000114e-01 -2.218130714219999887e-07
9.285317110981999855e-02 -1.458062029144999994e-01 -1.245250272352999900e+03 -1.303613655659999949e+03 -4.085795108497999872e-01 -4.085795108499000183e-01 -4.085795108497999872e-01 -1.288662602821000064e+03 8.820636790605999866e-02 8.820635695318999880e-02 2.607227311319999899e+03 1.085119581599000016e+00 1.471659776196000136e-01 -2.121365383956999983e-07
9.619571526009999818e-02 -1.386457711583000130e-01 -1.267095554625999966e+03 -1.331267353252000021e+03 -3.745772108011000134e-01 -3.745772108013999957e-01 -3.745772108011000134e-01 -1.315288112161000072e+03 8.388100357102000471e-02 8.388099446287999861e-02 2.662534706503000052e+03 1.107570752078000043e+00 1.399510008147999973e-01 -2.027453670240000047e-07
9.961233277825000398e-02 -1.320864193010999887e-01 -1.291635722828000098e+03 -1.360570468489999939e+03 -3.632470942268999914e-01 -3.632470942268000158e-01 -3.632470942268999914e-01 -1.343718285589000061e+03 7.991644749425999561e-02 7.991643913354000428e-02 2.721140936978999889e+03 1.131531288816000069e+00 1.333373092077999866e-01 -1.937134874522000023e-07
1.031105113799000023e-01 -1.261985230689000037e-01 -1.320940073871000095e+03 -1.393090923586999907e+03 -3.524494756366999826e-01 -3.524494756368000137e-01 -3.524494756368999893e-01 -1.375591909021999982e+03 7.635507032252999982e-02 7.635506265961999883e-02 2.786181847174999803e+03 1.158377262601999913e+00 1.273955462522000093e-01 -1.853032439008999907e-07
1.066973370537999954e-01 -1.210047260477000036e-01 -1.356713783043999911e+03 -1.430171492821999891e+03 -3.254722102422000218e-01 -3.254722102422000218e-01 -3.254722102422000218e-01 -1.412302032253000107e+03 7.321070001363000346e-02 7.321069359274999522e-02 2.860342985643999782e+03 1.189279144546000033e+00 1.221488156662000057e-01 -1.773396081044999958e-07
1.103796029164999942e-01 -1.164718681977000014e-01 -1.399985134222999932e+03 -1.472698027488999969e+03 -3.275544919951000056e-01 -3.275544919951999812e-01 -3.275544919951999812e-01 -1.454752788215999999e+03 7.046373608782000031e-02 7.046372983937000678e-02 2.945396054978999928e+03 1.224997566187000064e+00 1.175645268945999938e-01 -1.699914161631000092e-07
1.141638899758000009e-01 -1.125087517964000056e-01 -1.450808359049000046e+03 -1.520871625255000026e+03 -3.026194597926000207e-01 -3.026194597924999896e-01 -3.026194597924999896e-01 -1.503121376859000065e+03 6.805979625343999695e-02 6.805979103570999889e-02 3.041743250510000053e+03 1.265683772023999953e+00 1.135521438169000003e-01 -1.632068008542999897e-07
1.180566274990000053e-01 -1.089726818709999961e-01 -1.508061403995000092e+03 -1.574042011421000097e+03 -3.059119272063000050e-01 -3.059119272067000184e-01 -3.059119272063999806e-01 -1.556687214759999961e+03 6.591355127669000502e-02 6.591354619549000260e-02 3.148084022843000184e+03 1.310735493524999962e+00 1.099695440225999937e-01 -1.569340773793999891e-07
1.220641383221000020e-01 -1.056840998075000010e-01 -1.569395863337000037e+03 -1.630644504653000013e+03 -2.865430543056000090e-01 -2.865430543056999846e-01 -2.865430543056999846e-01 -1.613770632748000025e+03 6.391749047986999832e-02 6.391748612844000421e-02 3.261289009307000015e+03 1.358745586538000039e+00 1.066376304225999938e-01 -1.510804456580999983e-07
1.261926729065999953e-01 -1.024497017465000048e-01 -1.631411676348999890e+03 -1.688298660960999996e+03 -2.809257642749999895e-01 -2.809257642749999895e-01 -2.809257642749000139e-01 -1.671843410769999991e+03 6.195571823532999844e-02 6.195571421143999946e-02 3.376597321921999992e+03 1.407593927129999978e+00 1.033632959570000009e-01 -1.455928044319000112e-07
1.304484349460000026e-01 -9.909241582842000240e-02 -1.690121184366000080e+03 -1.744121561294999992e+03 -2.779166177315000041e-01 -2.779166177315000041e-01 -2.779166177312000219e-01 -1.727863753116999987e+03 5.992193312855000065e-02 5.992192937738999997e-02 3.488243122589999984e+03 1.454728399516999948e+00 9.996938696351999332e-02 -1.402502910606999943e-07
1.348376006525000004e-01 -9.548249507035000416e-02 -1.741661300485000083e+03 -1.795234736682999937e+03 -2.625535704206999887e-01 -2.625535704204999821e-01 -2.625535704206999887e-01 -1.778812969626000040e+03 5.773807699537999993e-02 5.773807368907000331e-02 3.590469473365999875e+03 1.497614940587999932e+00 9.632577639693000460e-02 -1.349813236105999954e-07
1.393663334127999975e-01 -9.156454527575000335e-02 -1.783191740140000093e+03 -1.839421560580999994e+03 -2.465286573783999902e-01 -2.465286573781000079e-01 -2.465286573782999868e-01 -1.822387444227000060e+03 5.537057313745000209e-02 5.537057027555000038e-02 3.678843121160999999e+03 1.534318132901000054e+00 9.237642773153000031e-02 -1.297223519087999972e-07
1.440407952019999993e-01 -8.737214390625000493e-02 -1.813771766959999923e+03 -1.875785896206999951e+03 -2.354076700809999978e-01 -2.354076700809999978e-01 -2.354076700807999911e-01 -1.857688155747000110e+03 5.283915190609000251e-02 5.283914935640000171e-02 3.751571792412999912e+03 1.564080166754999945e+00 8.815411612086999915e-02 -1.244065239986999937e-07
1.488671559540999945e-01 -8.302507018575000508e-02 -1.834983408921000091e+03 -1.905242756705999909e+03 -2.257891346802000099e-01 -2.257891346793000076e-01 -2.257891346803000132e-01 -1.885729737139000008e+03 5.021525913535999919e-02 5.021525683248000138e-02 3.810485513411999818e+03 1.587748602223999939e+00 8.377779369424000200e-02 -1.190306345209999980e-07
1.538516019579000138e-01 -7.870666852438999717e-02 -1.851037362421999887e+03 -1.930649907872000085e+03 -2.148856741165000028e-01 -2.148856741161999928e-01 -2.148856741166000062e-01 -1.909567512671000031e+03 4.760855590184000230e-02 4.760855384393000017e-02 3.861299815744000171e+03 1.607883821323000006e+00 7.943011288187999674e-02 -1.136647281129000008e-07
1.590003442684000123e-01 -7.462408591215000109e-02 -1.868184663949999958e+03 -1.956442682273999935e+03 -2.028659301872000054e-01 -2.028659301872000054e-01 -2.028659301869999987e-01 -1.933899255003999997e+03 4.514313834948999876e-02 4.514313653686000127e-02 3.912885364546999881e+03 1.628425856031999963e+00 7.531781854862000525e-02 -1.084190722719999970e-07
1.643196280725000014e-01 -7.095685915822999568e-02 -1.893340756294999892e+03 -1.987681244227999969e+03 -1.909534263843999935e-01 -1.909534263846000002e-01 -1.909534263847000035e-01 -1.964050911409000037e+03 4.292673731708000068e-02 4.292673573224999733e-02 3.975362488456999927e+03 1.653844100846999954e+00 7.162043434813999965e-02 -1.034123926725000010e-07
1.698157439182000072e-01 -6.780598343209999490e-02 -1.932108855168999980e+03 -2.028620852623000019e+03 -1.830660439421999963e-01 -1.830660439425000063e-01 -1.830660439426000097e-01 -2.004468245796000019e+03 4.102015505741000295e-02 4.102015363105999957e-02 4.057241705247000027e+03 1.687871847402000025e+00 6.843933125802000028e-02 -9.874351642690000485e-08
1.754950416932999913e-01 -6.516001029873999539e-02 -1.986727400987000010e+03 -2.081180490102000022e+03 -1.819019716649999951e-01 -1.819019716649999951e-01 -1.819019716647999885e-01 -2.057111291083000197e+03 3.941686703135999920e-02 3.941686567027000154e-02 4.162360980202999599e+03 1.732158533490999908e+00 6.576372216183000441e-02 -9.447752812745000598e-08
1.813639482294999994e-01 -6.289266233908000214e-02 -2.054703750954000043e+03 -2.143868884708000223e+03 -1.753729013307999962e-01 -1.753729013306999929e-01 -1.753729013306999929e-01 -2.120339704063000227e+03 3.804149125713000151e-02 3.804149003019000053e-02 4.287737769416000447e+03 1.785333196817999957e+00 6.346808676279999673e-02 -9.060240727125000644e-08
1.874289893975999988e-01 -6.080662133254999963e-02 -2.129205356292000033e+03 -2.212043596040000011e+03 -1.634421445054000110e-01 -1.634421445053000077e-01 -1.634421445051000010e-01 -2.189191300726999998e+03 3.677597477962000344e-02 3.677597373940000303e-02 4.424087192080000023e+03 1.843237160249999951e+00 6.135578677233999995e-02 -8.698639394237000449e-08
1.936968175541000092e-01 -5.867332377533999999e-02 -2.200042732942999919e+03 -2.278313145162000183e+03 -1.655879750099999992e-01 -1.655879750105999915e-01 -1.655879750106999948e-01 -2.255872741247999784e+03 3.548326935445000191e-02 3.548326832918000107e-02 4.556626290324000365e+03 1.899331924826000106e+00 5.919846829855000131e-02 -8.354420341484000285e-08
2.001742452052999999e-01 -5.632102338506000255e-02 -2.257409972408000158e+03 -2.335281729475999782e+03 -1.518227291907000009e-01 -1.518227291905999976e-01 -1.518227291904999943e-01 -2.312646588097999938e+03 3.406017456865999965e-02 3.406017372134999971e-02 4.670563458951999564e+03 1.947121645898999942e+00 5.682412167171999734e-02 -8.010809094834999977e-08
2.068682857649999929e-01 -5.371506933490999974e-02 -2.296703645521999988e+03 -2.379294207169999936e+03 -1.481068651637000022e-01 -1.481068651640999878e-01 -1.481068651640000122e-01 -2.355726735800999904e+03 3.248561365745000068e-02 3.248561286556000266e-02 4.758588414339000337e+03 1.983424042700000056e+00 5.419755368719000183e-02 -7.663506429839000541e-08
2.137862023185999882e-01 -5.095877362060999977e-02 -2.320782437546999972e+03 -2.412084947487000136e+03 -1.432835771865000052e-01 -1.432835771854999996e-01 -1.432835771860999918e-01 -2.387014591732000099e+03 3.082121260550000144e-02 3.082121188639000073e-02 4.824169894974000272e+03 2.009828259974999920e+00 5.142136807086999939e-02 -7.310377265589999989e-08
2.209355653614999970e-01 -4.824543274195999820e-02 -2.339460725723999985e+03 -2.440519180006000170e+03 -1.351901152355000080e-01 -1.351901152355000080e-01 -1.351901152356000113e-01 -2.413803173192000031e+03 2.918264007644999838e-02 2.918263943813000083e-02 4.881038360010999895e+03 2.032448814572000106e+00 4.868823729756999869e-02 -6.961060203713000617e-08
2.283243205807999887e-01 -4.577324489974000238e-02 -2.365707606002999910e+03 -2.473965485004000129e+03 -1.276501271813000049e-01 -1.276501271815999872e-01 -1.276501271816999905e-01 -2.445978900271999919e+03 2.768868597481000116e-02 2.768868541095999974e-02 4.947930970006999814e+03 2.059580172167000178e+00 4.619607950580000011e-02 -6.626817641576000572e-08
2.359608678984000119e-01 -4.365629409599999788e-02 -2.409631527131999974e+03 -2.520021219486000064e+03 -1.225742043965999950e-01 -1.225742043962999989e-01 -1.225742043976000006e-01 -2.491495490837000034e+03 2.640791543405000136e-02 2.640791492570000037e-02 5.040042438970999683e+03 2.097900389358000162e+00 4.405917919616000183e-02 -6.317087830981000100e-08
2.438541532099000042e-01 -4.187300163352000032e-02 -2.472996820495000065e+03 -2.580467983893000110e+03 -1.187012863846999972e-01 -1.187012863848000005e-01 -1.187012863849000038e-01 -2.552123827900999913e+03 2.532768004152999991e-02 2.532767957714000123e-02 5.160935967786000219e+03 2.148903608303000201e+00 4.225653319893000331e-02 -6.035338112588000502e-08
2.520137745675000152e-01 -4.027784065193999730e-02 -2.547292914835999909e+03 -2.649587808249999853e+03 -1.116843684152999949e-01 -1.116843684152999949e-01 -1.116843684152000055e-01 -2.621737317772000097e+03 2.436097114988999834e-02 2.436097074705999982e-02 5.299175616501000150e+03 2.207456856089000219e+00 4.064322746698999927e-02 -5.776597844148999877e-08
2.604501049717000138e-01 -3.867919369590999690e-02 -2.617537629934000051e+03 -2.716579239230999974e+03 -1.034861482989000020e-01 -1.034861482989000020e-01 -1.034861482991999981e-01 -2.688932889284999874e+03 2.339294324280000170e-02 2.339294290297999970e-02 5.433158478461999948e+03 2.263993964252999813e+00 3.902791556605000184e-02 -5.528618272912999895e-08
2.691744345125000049e-01 -3.694847971658000302e-02 -2.670964442003999920e+03 -2.771760315569999875e+03 -1.047605814543999952e-01 -1.047605814542000024e-01 -1.047605814543999952e-01 -2.743592445638999834e+03 2.234631699958999906e-02 2.234631666292000163e-02 5.543520631139000216e+03 2.310019243430999847e+00 3.728178751436000277e-02 -5.282940879784999949e-08
2.781991353578999737e-01 -3.509627011335000185e-02 -2.705825725526000042e+03 -2.813259613033999813e+03 -9.381458678329999967e-02 -9.381458678352000424e-02 -9.381458678371000504e-02 -2.783872194944000057e+03 2.122715130141000078e-02 2.122715103229000019e-02 5.626519226067999625e+03 2.343976068494999954e+00 3.541486953793000075e-02 -5.034777751525000316e-08
2.875378540949000139e-01 -3.325753524114000159e-02 -2.733568562991999897e+03 -2.849067311231000076e+03 -9.198490757107999349e-02 -9.198490757122999850e-02 -9.198490757096000614e-02 -2.818264075705999858e+03 2.011618414543999908e-02 2.011618388957999923e-02 5.698134622462000152e+03 2.372983476262000124e+00 3.356164201892999910e-02 -4.789854793929999688e-08
2.972057372611000003e-01 -3.158740274861000091e-02 -2.771052567634999832e+03 -2.891610945640999944e+03 -8.881660328675999860e-02 -8.881660328677999650e-02 -8.881660328681000027e-02 -2.859828987919000156e+03 1.910643481727000020e-02 1.910643458627999877e-02 5.783221891283000332e+03 2.408002114062000043e+00 3.187709727889000144e-02 -4.556255088836000032e-08
3.072196976636999977e-01 -3.014352080157000138e-02 -2.827482422955999937e+03 -2.948081669350000084e+03 -8.491891417251999641e-02 -8.491891417246000273e-02 -8.491891417255000019e-02 -2.916038879084000200e+03 1.823262351320999869e-02 1.823262330631000155e-02 5.896163338700999702e+03 2.455309382427000031e+00 3.041912516804000030e-02 -4.340963127930000323e-08
3.175987314361999880e-01 -2.885017259023000061e-02 -2.896695376905000103e+03 -3.014442554257000211e+03 -7.974810650732999662e-02 -7.974810650777999776e-02 -7.974810650789999900e-02 -2.982544347019999805e+03 1.744951495123000032e-02 1.744951477113999838e-02 6.028885108514000422e+03 2.511263892086999849e+00 2.911239423320000075e-02 -4.141915767101000041e-08
3.283642989312000049e-01 -2.757242150447999918e-02 -2.962363014595000095e+03 -3.078882436167999913e+03 -7.319405946278000064e-02 -7.319405946271999308e-02 -7.319405946203999536e-02 -3.046884809303000111e+03 1.667623997898999913e-02 1.667623982813000102e-02 6.157764872337000270e+03 2.565412146197000087e+00 2.782216790052000066e-02 -3.950926247477999691e-08
3.395407868254999850e-01 -2.623394637159999834e-02 -3.012724137310000060e+03 -3.132459007477999876e+03 -7.437213958770999556e-02 -7.437213958718000284e-02 -7.437213958770000355e-02 -3.099719809881999936e+03 1.586691526137000083e-02 1.586691511106000027e-02 6.264918014955999752e+03 2.609910568374000039e+00 2.647196418399999987e-02 -3.762300296511000129e-08
3.511560746806000055e-01 -2.487522906665000019e-02 -3.051915453051999975e+03 -3.177700999508000223e+03 -6.611859445444999428e-02 -6.611859445385000200e-02 -6.611859445352999409e-02 -3.143816754787999798e+03 1.504564521113000049e-02 1.504564509212000072e-02 6.355401999015000001e+03 2.647072838186999899e+00 2.510190477407999929e-02 -3.575814879602999902e-08
3.632422373559999751e-01 -2.359839828637999917e-02 -3.095827769506000095e+03 -3.226142963259000226e+03 -6.470589711584999459e-02 -6.470589711561000601e-02 -6.470589711584999459e-02 -3.191335859979999896e+03 1.427360884064000045e-02 1.427360872886000026e-02 6.452285926518000451e+03 2.687100843146000173e+00 2.381391336673999853e-02 -3.396546686808999745e-08
3.758364261869999723e-01 -2.245155400597999978e-02 -3.154546938046999912e+03 -3.285569937578000008e+03 -6.187386404669999868e-02 -6.187386404666000289e-02 -6.187386404671999657e-02 -3.250384944585000085e+03 1.357972639641000061e-02 1.357972629577999975e-02 6.571139875156999551e+03 2.736804655798999786e+00 2.265619728509999861e-02 -3.228078805986999759e-08
3.889819883282000235e-01 -2.138062585360000004e-02 -3.220656125797000186e+03 -3.350945206915000199e+03 -5.715145429237000058e-02 -5.715145429187999671e-02 -5.715145429237000058e-02 -3.315579770109000037e+03 1.293166537032999948e-02 1.293166528527000050e-02 6.701890413830000398e+03 2.791673217296000153e+00 2.157490506157999990e-02 -3.068860695339000187e-08
4.027299077170000130e-01 -2.030783250704000162e-02 -3.279628153529999963e+03 -3.411661153116000150e+03 -5.799020542221999808e-02 -5.799020542225000185e-02 -5.799020542209999685e-02 -3.375750864904000082e+03 1.228277742587999960e-02 1.228277734242999922e-02 6.823322306232000301e+03 2.842333919550000143e+00 2.049230744558000125e-02 -2.914426331979000069e-08
4.171406868252000022e-01 -1.922856356308999884e-02 -3.329626463820000026e+03 -3.466089361640999869e+03 -5.239162237664000271e-02 -5.239162237662999683e-02 -5.239162237765999930e-02 -3.429244745239000167e+03 1.163020411760999975e-02 1.163020404934999967e-02 6.932178723283000181e+03 2.887393367361000163e+00 1.940361842195000019e-02 -2.762516939131999871e-08
4.322868424944000254e-01 -1.819583910407000099e-02 -3.382624349089000134e+03 -3.522686920173000090e+03 -4.942250683110999826e-02 -4.942250683096000019e-02 -4.942250683109999931e-02 -3.485027345320000222e+03 1.100566055764999954e-02 1.100566049787999982e-02 7.045373840344999735e+03 2.934370640356000148e+00 1.836166360650999876e-02 -2.615602370618999968e-08
4.482562730183999866e-01 -1.723284618554999856e-02 -3.445838181445999908e+03 -3.587037503428000036e+03 -4.929605244201999692e-02 -4.929605244273999737e-02 -4.929605244178000140e-02 -3.548911139365000054e+03 1.042308622991000057e-02 1.042308617202999943e-02 7.174075006856000073e+03 2.988148420736000066e+00 1.738967829726000003e-02 -2.475539185809000075e-08
4.651568867843999810e-01 -1.630334068224000010e-02 -3.511486581973999819e+03 -3.654050057888000083e+03 -4.425148461378999865e-02 -4.425148461390000093e-02 -4.425148461340999706e-02 -3.615409525037000094e+03 9.860808936432000071e-03 9.860808890116000425e-03 7.308100115776000166e+03 3.044130656404000046e+00 1.645156666596999870e-02 -2.340702837591999966e-08
4.831231000012000121e-01 -1.537496132044999936e-02 -3.571449327574000108e+03 -3.717493714088000161e+03 -4.327430046466999858e-02 -4.327430046469000341e-02 -4.327430046532999841e-02 -3.678025852059000044e+03 9.299361415024000321e-03 9.299361371879999796e-03 7.434987428174999877e+03 3.096861132563999863e+00 1.551487608181000011e-02 -2.208493047765000162e-08
5.023251762536999898e-01 -1.447106644705000063e-02 -3.633426435666000089e+03 -3.782728795042000002e+03 -3.793093317127999714e-02 -3.793093317130000197e-02 -3.793093317222000216e-02 -3.742460197183000219e+03 8.752684107344999367e-03 8.752684074053999203e-03 7.565457590084000003e+03 3.151118552118000071e+00 1.460281824530000085e-02 -2.079293347281999977e-08
5.229830158614999780e-01 -1.360639374342000052e-02 -3.703868004305999875e+03 -3.855080951309999818e+03 -3.656841317088999760e-02 -3.656841317080999909e-02 -3.656841317079000120e-02 -3.814189138106999962e+03 8.229643249552000620e-03 8.229643219482000310e-03 7.710161902619000102e+03 3.211506203053999808e+00 1.373017363805000002e-02 -1.954084604711000049e-08
5.453871510272999545e-01 -1.275001372434000045e-02 -3.774452488731999892e+03 -3.928590717769000094e+03 -3.376796958086999978e-02 -3.376796958095999723e-02 -3.376796958078000233e-02 -3.886912637643999915e+03 7.711678745299000055e-03 7.711678719870000004e-03 7.857181435538999722e+03 3.272739433128000197e+00 1.286601325168999950e-02 -1.831321439308999997e-08
5.699318693746000530e-01 -1.190170877358000083e-02 -3.847218592625999918e+03 -4.004794411674999992e+03 -3.242685738867000234e-02 -3.242685738849999944e-02 -3.242685738874000190e-02 -3.962238241875999847e+03 7.198610136367999610e-03 7.198610113756999732e-03 8.009588823349999984e+03 3.336165792035000077e+00 1.201002400799999932e-02 -1.709848582524000157e-08
5.971696840738000001e-01 -1.106697913638999935e-02 -3.927870275287999903e+03 -4.088282602315000076e+03 -3.165888745777999808e-02 -3.165888745781000185e-02 -3.165888745813000282e-02 -4.044909015611000086e+03 6.693714817216999714e-03 6.693714796322999643e-03 8.176565204630000153e+03 3.405770232521999841e+00 1.116766164273000003e-02 -1.589606314117999976e-08
6.279053759849999583e-01 -1.022699093339000075e-02 -4.012808806308999920e+03 -4.176927248912000323e+03 -2.836847027758000045e-02 -2.836847027741000102e-02 -2.836847027736999829e-02 -4.132577739285999996e+03 6.185667639028999583e-03 6.185667622289999640e-03 8.353854497824999271e+03 3.479588117839000017e+00 1.032004786336000041e-02 -1.469110457567000024e-08
6.633679498247000428e-01 -9.378758350940000210e-03 -4.107525041550999958e+03 -4.275352925295999739e+03 -2.503072178586999985e-02 -2.503072178619999977e-02 -2.503072178616000051e-02 -4.229982900990999951e+03 5.672618712991999573e-03 5.672618700228999715e-03 8.550705850592999923e+03 3.561600858504999856e+00 9.464085506774999254e-03 -1.347159344941000026e-08
7.055469758550999559e-01 -8.505337226449000143e-03 -4.213696063954999772e+03 -4.385936377293000078e+03 -2.450083649777000036e-02 -2.450083649796000115e-02 -2.450083649839000094e-02 -4.339381714529999954e+03 5.144343221071000054e-03 5.144343209279999586e-03 8.771872754584999711e+03 3.653713962068999788e+00 8.582721510816000363e-03 -1.221680164605000076e-08
7.579029804361000489e-01 -7.588663514717999825e-03 -4.338276990913000191e+03 -4.515546942281999691e+03 -2.150284981297000131e-02 -2.150284981320000136e-02 -2.150284981445000146e-02 -4.467625892154000212e+03 4.589903129968000116e-03 4.589903121157999644e-03 9.031093884564999826e+03 3.761693647827000220e+00 7.657704066338999818e-03 -1.089910127936000048e-08
8.269888601010000340e-01 -6.598124472997999625e-03 -4.491037658866000129e+03 -4.674521452594999573e+03 -1.821598545453999990e-02 -1.821598545471999828e-02 -1.821598545460000051e-02 -4.624917499209000198e+03 3.990787663212000055e-03 3.990787657082999970e-03 9.349042905189999146e+03 3.894131151923000189e+00 6.658151373583999846e-03 -9.477330352896000368e-09
9.262809837709999883e-01 -5.493752074660999789e-03 -4.691199254070999814e+03 -4.882826756968000154e+03 -1.437200971363000040e-02 -1.437200971287999965e-02 -1.437200971322000025e-02 -4.831017426317000172e+03 3.322821844254999785e-03 3.322821840497999866e-03 9.765653513937000753e+03 4.067664677648999749e+00 5.543730169100999881e-03 -7.890205185062000648e-09
1.083286894538999956e+00 -4.255884827153000316e-03 -4.970602605275999849e+03 -5.173601151296000353e+03 -1.208164727922000047e-02 -1.208164727909000029e-02 -1.208164727925000077e-02 -5.118712834623000163e+03 2.574113760011000149e-03 2.574113757559999809e-03 1.034720230258999982e+04 4.309900624106999700e+00 4.294600238701999986e-03 -6.112307732829000274e-09
1.333218422435999972e+00 -3.021750227168999887e-03 -5.345599402359000123e+03 -5.563865073124999981e+03 -8.690993665486000663e-03 -8.690993665493000273e-03 -8.690993665495999609e-03 -5.504843438261000301e+03 1.827663789841999951e-03 1.827663788669999954e-03 1.112773014624999996e+04 4.635017902909000398e+00 3.049237817965000201e-03 -4.339887967478999835e-09
1.675633096075999973e+00 -2.062582664356000205e-03 -5.763774514787000044e+03 -5.999072326573000282e+03 -5.766804174546000424e-03 -5.766804174579000068e-03 -5.766804174658000243e-03 -5.935440315073999955e+03 1.247524347527000088e-03 1.247524347037999972e-03 1.199814465315000052e+04 4.997575451782999778e+00 2.081344693467000132e-03 -2.962174785251000133e-09
2.109444119725000011e+00 -1.397645507138999942e-03 -6.189741617020000376e+03 -6.442399546865000048e+03 -3.982959356877999700e-03 -3.982959357071999898e-03 -3.982959356966999688e-03 -6.374069557400999656e+03 8.453463762504000514e-04 8.453463760345000539e-04 1.288479909373000010e+04 5.366896486336999672e+00 1.410359007566000045e-03 -2.007228476697999795e-09
2.655632610006000149e+00 -9.431194574712999578e-04 -6.619770591987999978e+03 -6.889968323043999590e+03 -2.254275010890999936e-03 -2.254275010838999865e-03 -2.254275011221999921e-03 -6.816893294311999853e+03 5.704327573824999808e-04 5.704327573131999464e-04 1.377993664609000007e+04 5.739749764209999938e+00 9.516986551857999901e-04 -1.354510837822000079e-09
3.343243377022000029e+00 -6.340281740192000052e-04 -7.053172599698000340e+03 -7.341070407696999609e+03 -1.808578776255999939e-03 -1.808578776357000093e-03 -1.808578776192999987e-03 -7.263209491653000441e+03 3.834833668533000174e-04 3.834833668128000248e-04 1.468214081538999926e+04 6.115544514795000275e+00 6.397960723336000317e-04 -9.106515956334000352e-10
4.208894045144999652e+00 -4.247902797695000238e-04 -7.489430204360999596e+03 -7.795181115135999789e+03 -9.614049539667999904e-04 -9.614049532383000477e-04 -9.614049533048000216e-04 -7.712496951224999975e+03 2.569289051839000206e-04 2.569289051716999814e-04 1.559036223027000051e+04 6.493842462998999920e+00 4.286551811168000056e-04 -6.101324736318000511e-10
5.298683668983000139e+00 -2.837229464448000056e-04 -7.928020784151999578e+03 -8.251780129988999761e+03 -6.996707331094000103e-04 -6.996707331494999866e-04 -6.996707327508999968e-04 -8.164237346003999846e+03 1.716064402802999940e-04 1.716064402742999921e-04 1.650356025998000041e+04 6.874208119951999763e+00 2.863049248142000218e-04 -4.075399877646999850e-10
6.670647519941000247e+00 -1.889666630960000037e-04 -8.368514644970999143e+03 -8.710459454350999295e+03 -5.097934715277000536e-04 -5.097934712108000100e-04 -5.097934715948999884e-04 -8.618021140431999811e+03 1.142945483492999951e-04 1.142945483463999982e-04 1.742091890870000134e+04 7.256298218362999819e+00 1.906869434240999876e-04 -2.714718682563000126e-10
8.397847675974999149e+00 -1.255315002252999990e-04 -8.810564844960999835e+03 -9.170922942852999768e+03 -3.411810383030000116e-04 -3.411810381589000019e-04 -3.411810350603000121e-04 -9.073545622256000570e+03 7.592678097861999486e-05 7.592678097730999403e-05 1.834184588571000131e+04 7.639860449076000037e+00 1.266749560185000015e-04 -1.803826634387999998e-10
1.057226384366000005e+01 -8.319220565403999336e-05 -9.253662559586000498e+03 -9.632748141137000857e+03 -2.276975039309000050e-04 -2.276975038670999926e-04 -2.276975039713000071e-04 -9.530376806278000004e+03 5.031854007154999676e-05 5.031854007097999779e-05 1.926549628226999994e+04 8.024533640467000239e+00 8.395070355893999683e-05 -1.195926773955999923e-10
1.330969161298000003e+01 -5.501214773443000331e-05 -9.697442964018999191e+03 -1.009573174782999922e+04 -1.554250906286999895e-04 -1.554250906831999867e-04 -1.554250905972000133e-04 -9.988287182861999099e+03 3.327430403514000055e-05 3.327430403488000209e-05 2.019146349565999844e+04 8.410133209918999597e+00 5.551446254394999777e-05 -7.912771421617000560e-11
1.675590899471999862e+01 -3.630359505214999794e-05 -1.014136329115999979e+04 -1.055959876715000064e+04 -6.442160523277000071e-05 -6.442160537261000389e-05 -6.442160536244999954e-05 -1.044696134449000056e+04 2.195876682098000024e-05 2.195876682091999982e-05 2.111919753430000128e+04 8.796405052792000134e+00 3.663586579359999842e-05 -5.226877543795999840e-11
2.109443963117000109e+01 -2.391186410597000037e-05 -1.058466965940000046e+04 -1.102404007527000067e+04 -6.034210573448000188e-05 -6.034210572842999790e-05 -6.034210572607000148e-05 -1.090602238029000000e+04 1.446386444052999983e-05 1.446386444048999955e-05 2.204808015053000054e+04 9.183050616034000413e+00 2.413153809202000079e-05 -3.448046946234999848e-11
2.655632609922999876e+01 -1.572165205189000165e-05 -1.102631279103000088e+04 -1.148874209227999927e+04 -2.617559205656000030e-05 -2.617559192273999919e-05 -2.617559206146999958e-05 -1.136504368830999920e+04 9.510187210416999400e-06 9.510187210404000833e-06 2.297748418455999854e+04 9.569741480258999289e+00 1.586693834711000158e-05 -2.272500688636000026e-11
3.343243377022000118e+01 -1.031898038330000075e-05 -1.146462164366999968e+04 -1.195323709796000003e+04 -1.828321815361000160e-05 -1.828321816136999908e-05 -1.828321818603999968e-05 -1.182337248422999983e+04 6.242511140101000333e-06 6.242511140094999951e-06 2.390647419592000006e+04 9.955978252977999432e+00 1.041522825332000029e-05 -1.497258528947000113e-11
4.208894045145000007e+01 -6.761538997862000320e-06 -1.189697948601999997e+04 -1.241687225686999955e+04 -1.266103653247999954e-05 -1.266103652794999958e-05 -1.266103652687000038e-05 -1.228005339832999925e+04 4.090893802411999625e-06 4.090893802409000282e-06 2.483374451372999829e+04 1.034103830287000036e+01 6.825527433664999644e-06 -9.869875801629999731e-12
5.298683668982999961e+01 -4.423079447587000328e-06 -1.231941545337000025e+04 -1.287887430707999920e+04 -7.635823139920000591e-06 -7.635823158355999643e-06 -7.635823160616999936e-06 -1.273381927910000013e+04 2.676557798173000060e-06 2.676557798172000138e-06 2.575774861415000123e+04 1.072398727222000048e+01 4.465891302361999740e-06 -6.517524138695999613e-12
6.670647519940999359e+01 -2.888250601117999950e-06 -1.272528851697999926e+04 -1.333775002909999967e+04 -6.267810339084999617e-06 -6.267810348764999711e-06 -6.267810291910999715e-06 -1.318238291503000073e+04 1.748283492640999909e-06 1.748283492640999909e-06 2.667550005821000013e+04 1.110311287765000010e+01 2.917189954288999995e-06 -4.318912723839999733e-12
8.397847675974999504e+01 -1.882333477899999990e-06 -1.310425017655000011e+04 -1.379139797127999918e+04 -3.741147752337000168e-06 -3.741147701503000124e-06 -3.741147731497999986e-06 -1.362236952919999931e+04 1.139910032549999938e-06 1.139910032549000016e-06 2.758279594255000120e+04 1.147591443397000077e+01 1.902203690092000078e-06 -2.879379897308999853e-12
1.057226384365999934e+02 -1.223941706113000053e-06 -1.343988228383000023e+04 -1.423642009961999975e+04 -1.472859699624000002e-06 -1.472859692870999972e-06 -1.472859675102999902e-06 -1.404837117414000022e+04 7.417266238416000158e-07 7.417266238414000101e-07 2.847284019923999949e+04 1.183837477522999926e+01 1.237892726266999943e-06 -1.938175599481999964e-12
