1.056141709579000061e-05 2.722951276867861452e+03 2.042431727682213022e+03 2.042431777712063877e+03 1.981876270031822742e+03 1.981876270031822742e+03 1.981876270031822742e+03 2.042149447892365060e+03 3.878728784341779829e+04 2.725345977827135357e+03 -4.084863555522992101e+03 -8.540250850520360038e-01 4.556671427831600951e+00 -1.099868188412066921e-03
1.329603636645000006e-05 3.427776268452712884e+03 2.571267697740736821e+03 2.571267797640794470e+03 2.494956347692802410e+03 2.494956347692802410e+03 2.494956347692802410e+03 2.570911992693836964e+03 3.081104775714700372e+04 2.166301503245988897e+03 -5.142535595203080447e+03 -1.075152955390268561e+00 5.736321804904418897e+00 -1.384661471962074161e-03
1.673871805787000120e-05 4.314883121553021738e+03 3.237031240275852269e+03 3.237031439408100596e+03 3.140808220563839313e+03 3.140808220563839313e+03 3.140808220563839313e+03 3.236582764031322768e+03 2.447559033262841331e+04 1.722534474090285357e+03 -6.474062878816201192e+03 -1.353535530270607135e+00 7.221413361042499091e+00 -1.743246113763934416e-03
2.107279752391000104e-05 5.431255071724277514e+03 4.075174889536118371e+03 4.075175286760958898e+03 3.953732587314795182e+03 3.953732587314795182e+03 3.953732587314795182e+03 4.074608954789927338e+03 1.944357481101996382e+04 1.370614308393978718e+03 -8.150350573571507994e+03 -1.703996590528412680e+00 9.090730354373308231e+00 -2.194711618174579465e-03
2.652908030043999967e-05 6.835827479999582465e+03 5.130329261023360232e+03 5.130330053619354658e+03 4.976834580243270466e+03 4.976834580243270466e+03 4.976834580243270466e+03 5.129614124915722641e+03 1.544699158415999591e+04 1.091631032794436123e+03 -1.026066010723879663e+04 -2.145197256476782499e+00 1.144359727630115486e+01 -2.763069678587773154e-03
3.339813334175000296e-05 8.602370734585632817e+03 6.458678002342965556e+03 6.458679583800445471e+03 6.264226990043114711e+03 6.264226990043114711e+03 6.264226990043114711e+03 6.457772380314666407e+03 1.227300918184292277e+04 8.707370712990617676e+02 -1.291735916728820666e+04 -2.700628677665701805e+00 1.440477008350850241e+01 -3.478926023096933894e-03
4.204575877041999790e-05 1.082290943671868990e+04 8.130946235735037590e+03 8.130949390133957422e+03 7.883728053131462730e+03 7.883728053131462730e+03 7.883728053131462730e+03 8.129795516689086071e+03 9.752614488643957884e+03 6.962539894202437836e+02 -1.626189878026791484e+04 -3.399860810059456728e+00 1.813082706321579352e+01 -4.380237281729116965e-03
5.293247417425000248e-05 1.361160849070259064e+04 1.023615981457399539e+04 1.023616610616447542e+04 9.920106536056864570e+03 9.920106536056864570e+03 9.920106536056864570e+03 1.023468999273916052e+04 7.751579843205901852e+03 5.588496189257365359e+02 -2.047233221232895085e+04 -4.280112811238383053e+00 2.281794477656764997e+01 -5.515599730216333950e-03
6.663803684710000493e-05 1.710883448745169881e+04 1.288637215295375245e+04 1.288638470020290333e+04 1.247886652729249727e+04 1.247886652729249727e+04 1.247886652729249727e+04 1.288447959606627228e+04 6.163339668719985639e+03 4.512031531220360421e+02 -2.577276940024895885e+04 -5.388226383807743325e+00 2.871130904049845256e+01 -6.946069867228989170e-03
8.389231797889000670e-05 2.148462205912971331e+04 1.622260327369172410e+04 1.622262828823825657e+04 1.569041576326311588e+04 1.569041576326311588e+04 1.569041576326311588e+04 1.622013670323870247e+04 4.903302517988322506e+03 3.675665337289067907e+02 -3.244525657672547823e+04 -6.783143018613777997e+00 3.611589849266531616e+01 -8.749320278746921045e-03
1.056141709578999993e-04 2.693978909167614984e+04 2.042229347146412329e+04 2.042234331741099959e+04 1.971413386295757664e+04 1.971413386295757664e+04 1.971413386295757664e+04 2.041902111580485507e+04 3.904358256375655401e+03 3.034917446861724670e+02 -4.084468663581062719e+04 -8.539008492748068946e+00 4.540842756739237274e+01 -1.102417617766597753e-02
1.329603636644999904e-04 3.370097300354002800e+04 2.570864091158764495e+04 2.570874016372354163e+04 2.474117403097321585e+04 2.474117403097321585e+04 2.474117403097321585e+04 2.570418918528415816e+04 3.113279424041496441e+03 2.555445743391782685e+02 -5.141748032666178915e+04 -1.074905316540137079e+01 5.704872186628349340e+01 -1.389734387598518840e-02
1.673871805787000120e-04 4.200203640939245088e+04 3.236226567175793025e+04 3.236246306221290070e+04 3.099346584672506651e+04 3.099346584672506651e+04 3.099346584672506651e+04 3.235600307453106507e+04 2.487881265303527925e+03 2.211358578262171477e+02 -6.472492612442580139e+04 -1.353042178964843778e+01 7.158709143122797514e+01 -1.753261997154329302e-02
2.107279752390999968e-04 5.203715007884718943e+04 4.073571344730845158e+04 4.073610528117126523e+04 3.871375949911722273e+04 3.871375949911722273e+04 3.871375949911722273e+04 4.072652976405896334e+04 1.994744862649625929e+03 1.983465044853843153e+02 -8.147221056184737245e+04 -1.703014589816433855e+01 8.965993034945456941e+01 -2.214483296047197250e-02
2.652908030044000103e-04 6.385829740273435891e+04 5.127136036176377092e+04 5.127213583763048518e+04 4.813674907958084077e+04 4.813674907958084077e+04 4.813674907958084077e+04 5.125724891047953133e+04 1.607395689363352403e+03 1.858413376709839042e+02 -1.025442716721112520e+05 -2.143245343967206296e+01 1.119580001644415717e+02 -2.801969663951033029e-02
3.339813334175000025e-04 7.717024396491539665e+04 6.452326407638882665e+04 6.452479150229464722e+04 5.942323634525477246e+04 5.942323634525477246e+04 5.942323634525477246e+04 6.450054518913206266e+04 1.304777095081299876e+03 1.826671021085274447e+02 -1.290495830014625535e+05 -2.696757401622680916e+01 1.391368191918379296e+02 -3.554447437893497319e-02
4.204575877041999790e-04 9.095275890668090142e+04 8.118334955501617515e+04 8.118633556943931035e+04 7.252787835745642951e+04 7.252787835745642951e+04 7.252787835745642951e+04 8.114527832996789948e+04 1.069949906609473828e+03 1.881025815599451789e+02 -1.623726711363956274e+05 -3.392209349054071765e+01 1.716139890376018684e+02 -4.525036230370303725e-02
5.293247417424999570e-04 1.028389973512691940e+05 1.021118982467958849e+05 1.021176663955915719e+05 8.696201226866312209e+04 8.696201226866312209e+04 8.696201226866312209e+04 1.020463337975957984e+05 8.888557621446203711e+02 2.013832852332413665e+02 -2.042353327911831439e+05 -4.265071490120551090e+01 2.091617088530268802e+02 -5.786046557603031354e-02
6.663803684709999680e-04 1.082960818597987818e+05 1.283714689845056710e+05 1.283824035117472667e+05 1.014321647806403344e+05 1.014321647806403344e+05 1.014321647806403344e+05 1.282574845457495830e+05 7.490169393394828603e+02 2.212100048912961654e+02 -2.567648070250620658e+05 -5.358904969914186722e+01 2.501681438765147334e+02 -7.430050769195881144e-02
8.389231797889000128e-04 1.001475020428499702e+05 1.612620751484955836e+05 1.612821969154717517e+05 1.134611795670030551e+05 1.134611795670030551e+05 1.134611795670030551e+05 1.610665582566030498e+05 6.381110471136809110e+02 2.449602964426578353e+02 -3.225643938284560572e+05 -6.726712249013503708e+01 2.904772690641304962e+02 -9.551724854003232346e-02
1.056141709578999966e-03 7.031319558903737925e+04 2.023541263831874239e+05 2.023894720675489807e+05 1.195045090707901545e+05 1.195045090707901545e+05 1.195045090707901545e+05 2.020330263951471716e+05 5.426830356451660009e+02 2.675155259990390277e+02 -4.047789441252097022e+05 -8.432461322644699919e+01 3.220263520339738079e+02 -1.216826397552860373e-01
1.329603636644999904e-03 1.775641209691851327e+04 2.535160445982665988e+05 2.535738274285906518e+05 1.169007224396292586e+05 1.169007224396292586e+05 1.169007224396292586e+05 2.530319035256086499e+05 4.482230413758510394e+02 2.800507776360137200e+02 -5.071476548650357872e+05 -1.055329850730992405e+02 3.325189987059353598e+02 -1.499618996502766477e-01
1.673871805787000011e-03 -3.498493337746537873e+04 3.169337161893871380e+05 3.170186674246339826e+05 1.093489154652116849e+05 1.093489154652116849e+05 1.093489154652116849e+05 3.163029582241546595e+05 3.435489271378161220e+02 2.703528378614026337e+02 -6.340373348555068951e+05 -1.318324550970820894e+02 3.093948947834925889e+02 -1.703845847578556172e-01
2.107279752390999860e-03 -3.603685230827450141e+04 3.951468106060777209e+05 3.952557062782585854e+05 1.127324663700864912e+05 1.127324663700864912e+05 1.127324663700864912e+05 3.944865424871100695e+05 2.324250525415601487e+02 2.285678006117451844e+02 -7.905114125565171707e+05 -1.643840618688477377e+02 2.521701936048680750e+02 -1.640422392627302883e-01
2.652908030044000103e-03 2.742148435637431976e+04 4.910486179754155455e+05 4.911750370114709949e+05 1.415297647958734597e+05 1.415297647958734597e+05 1.415297647958734597e+05 4.904664791635604342e+05 1.437506157757735252e+02 1.620187372999039326e+02 -9.823500740465614945e+05 -2.045257521062418391e+02 1.867971881758485893e+02 -1.198368286614841793e-01
3.339813334174999808e-03 2.979315817433411939e+04 6.077710161766012898e+05 6.079317029802401084e+05 1.635045919745279243e+05 1.635045919745279243e+05 1.635045919745279243e+05 6.070576902159095043e+05 1.058996232642690103e+02 1.060855545752967402e+02 -1.215863405991749372e+06 -2.534908264413541303e+02 1.480939007264844633e+02 -7.376303067142567227e-02
4.204575877042000115e-03 -1.424218051774458581e+04 7.483660099231541390e+05 7.485899224969095085e+05 1.405235324668464309e+05 1.405235324668464309e+05 1.405235324668464309e+05 7.473295599138742546e+05 8.949712511036324258e+01 8.600158027296411944e+01 -1.497179845018665772e+06 -3.122837205007744501e+02 1.239294633366007474e+02 -6.899648482592558862e-02
5.293247417425000004e-03 3.946276558360712079e+04 9.154668782873437740e+05 9.157561471415943233e+05 1.450758106518488494e+05 1.450758106518488494e+05 1.450758106518488494e+05 9.143006723900083452e+05 6.625144562696290507e+01 6.817155295620501931e+01 -1.831512294283188647e+06 -3.821751210491958091e+02 9.502265423444374903e+01 -4.834934272868738475e-02
6.663803684709999897e-03 1.168520509106116697e+04 1.110734566731809406e+06 1.111145854275742779e+06 1.226300180551184167e+05 1.226300180551184167e+05 1.226300180551184167e+05 1.109213655164047610e+06 5.300902548573041173e+01 5.305027674168053409e+01 -2.222291708582818042e+06 -4.638105305819121327e+02 7.566971110042004511e+01 -4.156942520708756250e-02
8.389231797889000128e-03 -1.489314715570428405e+02 1.333944100682982709e+06 1.334532248773510801e+06 1.150249375296945364e+05 1.150249375296950748e+05 1.150249375296945364e+05 1.332118679293336347e+06 4.070137352211629889e+01 4.006613159725834805e+01 -2.669064497447433881e+06 -5.571396179115230325e+02 5.840660337121784806e+01 -2.941139655579049286e-02
1.056141709578999922e-02 -5.931814782978996845e+03 1.581529923969217343e+06 1.582404898989938665e+06 5.676499708587358327e+04 5.676499708587358327e+04 5.676499708587358327e+04 1.579326660517169861e+06 3.128863412059350324e+01 3.106096468159836732e+01 -3.164809798019416165e+06 -6.606666942336199781e+02 4.489738302370182765e+01 -1.802119991706292376e-02
1.329603636644999948e-02 2.567689447447529528e+04 1.844510014694147045e+06 1.845854096660335315e+06 6.645734451976697892e+04 6.645734451976697892e+04 6.645734451976697892e+04 1.842316992905894062e+06 2.265145603885839876e+01 2.282331283011297174e+01 -3.691708193320626393e+06 -7.705685770936835297e+02 3.304156018910754256e+01 -1.659191016639130489e-02
1.673871805783999980e-02 -3.835741006688992456e+03 2.105989373714476824e+06 2.108092546904363204e+06 3.299827226938979584e+04 3.299827226938979584e+04 3.299827226938979584e+04 2.103803982990667690e+06 1.661129178700528897e+01 1.659393197245762153e+01 -4.216185093746349216e+06 -8.799368031296252184e+02 2.437683022498877961e+01 -1.142493382993618224e-02
2.107279735414999827e-02 -2.258541381459263448e+03 2.339185907200984657e+06 2.342451107125608250e+06 2.352508845961535189e+04 2.352508846011093556e+04 2.352508846011093556e+04 2.337523708140294999e+06 1.169954523727051132e+01 1.169464845987391932e+01 -4.684902214251216501e+06 -9.776284660755661662e+02 1.732470127905218504e+01 -8.410165387274742485e-03
2.652895142966999950e-02 -1.527735139682808494e+03 2.510786332752417773e+06 2.515630952373650391e+06 1.787376706720870425e+04 1.787376706720870425e+04 1.787376706720870425e+04 2.510121021472532302e+06 7.953517606153022612e+00 7.951927604164295893e+00 -5.031261904668631032e+06 -1.049686147864749728e+03 1.192960921770677984e+01 -5.811757290260424064e-03
3.338033587096000260e-02 -9.976545828227141328e+02 2.597823960443071555e+06 2.604309332945232280e+06 8.063578272275306517e+03 8.063578271962517647e+03 8.063578271962517647e+03 2.598354866643456277e+06 5.218843774816439129e+00 5.216664842318851747e+00 -5.208618665827905759e+06 -1.086426146892941460e+03 7.936598887517615886e+00 -3.955327531547501128e-03
4.145467711312000175e-02 -6.529028361349099896e+02 2.622904741427791305e+06 2.630079556581627578e+06 6.239377900926743678e+03 6.239377900926743678e+03 6.239377900901574321e+03 2.623967593138527591e+06 3.419916861586943302e+00 3.419200182241395769e+00 -5.260159113163312897e+06 -1.097069526814723531e+03 5.231882320294992006e+00 -2.619587026022785099e-03
4.826304669327000085e-02 -4.862180296780283584e+02 2.646362571519631892e+06 2.652888577419570182e+06 4.118444844731467128e+03 4.118444844709823883e+03 4.118444844731467128e+03 2.646830673331847880e+06 2.546370605909447082e+00 2.545852131477718494e+00 -5.305777154839140363e+06 -1.106729431007132689e+03 3.866712740750603228e+00 -1.896070297132542663e-03
5.320051047139000289e-02 -4.053160737640060347e+02 2.678820017577635590e+06 2.684377561798362527e+06 4.050615338032276668e+03 4.050615338012642042e+03 4.050615338012642042e+03 2.678411571144189220e+06 2.120343909550344463e+00 2.120113923485163365e+00 -5.368755123478991911e+06 -1.120072875599920735e+03 3.186148098743965207e+00 -1.551079162758772952e-03
5.727199084335000273e-02 -3.544282348768558677e+02 2.713198289890262764e+06 2.717845798572630621e+06 3.676593409604780391e+03 3.676593409623019397e+03 3.676593409623019397e+03 2.711957648024444003e+06 1.852442590565624103e+00 1.852278621018052185e+00 -5.435691597072336823e+06 -1.134230182170558237e+03 2.756346560040564775e+00 -1.348621271104600509e-03
6.090716066191999983e-02 -3.172308796852749424e+02 2.745214536348764319e+06 2.749104167698606383e+06 3.108696603684677939e+03 3.108696603667527597e+03 3.108696603667508953e+03 2.743273698945672251e+06 1.656857825084333991e+00 1.656720615216547676e+00 -5.498208335431518033e+06 -1.147434756168980812e+03 2.445316463812186925e+00 -1.176679761788940008e-03
6.429752397858000401e-02 -2.875346866747723311e+02 2.771985088301466312e+06 2.775307671287702397e+06 2.184165833861285137e+03 2.184165833861285137e+03 2.184165833861285137e+03 2.769513670114508830e+06 1.501204444878857069e+00 1.501016279309123069e+00 -5.550615342477990314e+06 -1.158490397585037272e+03 2.202123144827901502e+00 -1.061465393482889435e-03
6.754442450898000272e-02 -2.624356367461222135e+02 2.791395703607173637e+06 2.794361000720493495e+06 2.759517888158707137e+03 2.759517888158707137e+03 2.759517888158707137e+03 2.788588259331561159e+06 1.369456011669848650e+00 1.369366080463387148e+00 -5.588722001224556006e+06 -1.166518744925799865e+03 2.001363120513047988e+00 -9.639619683541373772e-04
7.070862135333999543e-02 -2.403980573759313586e+02 2.801926478766595479e+06 2.804749344274655916e+06 2.601612180719084790e+03 2.601612180719084790e+03 2.601612180733841342e+03 2.798978914439412765e+06 1.254299263623955385e+00 1.254240973413552673e+00 -5.609498688549311832e+06 -1.170886144996742587e+03 1.830251701795788222e+00 -8.767172838464410908e-04
7.383002130867999391e-02 -2.205513110001179484e+02 2.802658009606526699e+06 2.805546129863185808e+06 1.984111732997239415e+03 1.984111733011387741e+03 1.984111732997239415e+03 2.799762613466357812e+06 1.150991819699862306e+00 1.150915216563780152e+00 -5.611092259867809713e+06 -1.171206904391003945e+03 1.680496895502274990e+00 -8.044721432999213861e-04
7.693674722399000687e-02 -2.023918034430431305e+02 2.793300364591040649e+06 2.796441679750620387e+06 1.742595293098723914e+03 1.742595293112300624e+03 1.742595293112300624e+03 2.790635536926230881e+06 1.056575616967665221e+00 1.056498103132214483e+00 -5.592883359501240775e+06 -1.167355563395674153e+03 1.546642230026782361e+00 -7.435569938653418393e-04
8.004977955945999368e-02 -1.856358483397235943e+02 2.774240153416500427e+06 2.777790327456137165e+06 1.788094375959811941e+03 1.788094375972860917e+03 1.788094375959811941e+03 2.771956188443784602e+06 9.695185145439424446e-01 9.694609865358789769e-01 -5.555580654781827703e+06 -1.159486468355685247e+03 1.425306425650685771e+00 -6.882750865697956225e-04
8.318553539471999769e-02 -1.701354327599313194e+02 2.746561008184147533e+06 2.750631850534555037e+06 1.686301062989608681e+03 1.686301062989601860e+03 1.686301063002166075e+03 2.744768088392629288e+06 8.890844622359147520e-01 8.890431874450656080e-01 -5.501263701194639318e+06 -1.148042453578000050e+03 1.314348472590201933e+00 -6.369083986529022962e-04
8.635739650205999374e-02 -1.558255484117639185e+02 2.712024791962760035e+06 2.716674451335687656e+06 1.488831378345611938e+03 1.488831378357701169e+03 1.488831378345611938e+03 2.710784659568625037e+06 8.148706942662559127e-01 8.148359524850239399e-01 -5.433348902671375312e+06 -1.133747409191659244e+03 1.212289064649303194e+00 -5.899453314648469204e-04
8.957666254111000537e-02 -1.426885320091113556e+02 2.672992666577087715e+06 2.678218945254540071e+06 1.397380910890097311e+03 1.397380910890097311e+03 1.397380910890097311e+03 2.672312255971084815e+06 7.466993461431675749e-01 7.466670851318666369e-01 -5.356437890625653788e+06 -1.117574056699274934e+03 1.118138022479122196e+00 -5.465919882787896675e-04
9.285317110981999855e-02 -1.307275422147465065e+02 2.632276851248847321e+06 2.638015010160302278e+06 1.211260990357103537e+03 1.211260990357103537e+03 1.211260990357103537e+03 2.632104593860238325e+06 6.845716913458235187e-01 6.845390055149740416e-01 -5.276030020433064550e+06 -1.100683004261167753e+03 1.031314353659180671e+00 -5.063935915231552749e-04
9.619571526009999818e-02 -1.199446642678952912e+02 2.592908914376667235e+06 2.599035140441789292e+06 1.085522509213960575e+03 1.085522509213960575e+03 1.085522509203101890e+03 2.593138151520202868e+06 6.284395435603256086e-01 6.284148160834538421e-01 -5.198070280992131680e+06 -1.084327231426078015e+03 9.513930415750632141e-01 -4.696046176857135977e-04
9.961233277825000398e-02 -1.103250599885916472e+02 2.557846835066682659e+06 2.564187962884696200e+06 1.201168780157923038e+03 1.201168780157923038e+03 1.201168780168409285e+03 2.558324136116675567e+06 5.782065549455839282e-01 5.781916700599392112e-01 -5.128375925874222070e+06 -1.069731198292859062e+03 8.780818417351355931e-01 -4.337243100466516249e-04
1.031105113799000023e-01 -1.018249843270932047e+02 2.529616129550159443e+06 2.535966331756571773e+06 8.512883489910891512e+02 8.512883490113390508e+02 8.512883490012141010e+02 2.530153932345258538e+06 5.337492740266015501e-01 5.337250199175820331e-01 -5.071932663513143547e+06 -1.057942420279882072e+03 8.112242131042075588e-01 -4.006043993840172741e-04
1.066973370537999954e-01 -9.436388364957724662e+01 2.509949216901470441e+06 2.516092614496078342e+06 9.500332769161401529e+02 9.500332769161346960e+02 9.500332769063501246e+02 2.510350623899737373e+06 4.945264434070772430e-01 4.945145816259375882e-01 -5.032185228992156684e+06 -1.049682216844175855e+03 7.503777672987684833e-01 -3.714413379960730482e-04
1.103796029164999942e-01 -8.782563143022531449e+01 2.499464792854343075e+06 2.505202286912945565e+06 8.695286147839835849e+02 8.695286147934469909e+02 8.695286147934469909e+02 2.499544149995489046e+06 4.600702297435897425e-01 4.600558905314712788e-01 -5.010404573825891130e+06 -1.045212822092284341e+03 6.952682885447881711e-01 -3.413058415914447803e-04
1.141638899758000009e-01 -8.206148612709851875e+01 2.497430497863920871e+06 2.502608155954557937e+06 7.210407285625859686e+02 7.210407285625859686e+02 7.210407285625859686e+02 2.497041947671073489e+06 4.296132371606925515e-01 4.296006282118013941e-01 -5.005216312000583857e+06 -1.044238358780695989e+03 6.453802213747680261e-01 -3.175030729378204011e-04
1.180566274990000053e-01 -7.690144640127225273e+01 2.501696300092400052e+06 2.506230960220857523e+06 7.842861166137981854e+02 7.842861166049500525e+02 7.842861166049500525e+02 2.500758352009626571e+06 4.022922439189439148e-01 4.022829325143256196e-01 -5.012461920264812186e+06 -1.045876750235445570e+03 6.001040741553095303e-01 -2.915579880627525611e-04
1.220641383221000020e-01 -7.216943167476271981e+01 2.508836204612275120e+06 2.512733683468366507e+06 7.134509403093268247e+02 7.134509403093220499e+02 7.134509403093220499e+02 2.507347942341814749e+06 3.772671093940203613e-01 3.772587615637655878e-01 -5.025467366851185448e+06 -1.048716848973600918e+03 5.588134862123940172e-01 -2.722004363934719799e-04
1.261926729065999953e-01 -6.770121144443245953e+01 2.514545478684734553e+06 2.517906801363888197e+06 5.296262052135459726e+02 5.296262052135413114e+02 5.296262052135459726e+02 2.512594398615302984e+06 3.537114359745608394e-01 3.536998965203860812e-01 -5.035813602562278509e+06 -1.050982083000528064e+03 5.208047438824299213e-01 -2.507714329771169978e-04
1.304484349460000026e-01 -6.336381062383446761e+01 2.514314505438121967e+06 2.517325938464939594e+06 7.619731420300150830e+02 7.619731420220120981e+02 7.619731420220120981e+02 2.512069880002669059e+06 3.309008503438131688e-01 3.308993277903687913e-01 -5.034651877009928226e+06 -1.050807892170634886e+03 4.853581827792744496e-01 -2.339369088153924262e-04
1.348376006525000004e-01 -5.907257516831361954e+01 2.504274111444553826e+06 2.507180231775162742e+06 4.782455644580392118e+02 4.782455644580392118e+02 4.782455644580392118e+02 2.501959174665894825e+06 3.084914041610149482e-01 3.084823803424550648e-01 -5.014360463550325483e+06 -1.046591290008404030e+03 4.520001993170100207e-01 -2.179694347216330264e-04
1.393663334127999975e-01 -5.479995439426361514e+01 2.482096492812186014e+06 2.485157681190790609e+06 4.361296240660194599e+02 4.361296240510333746e+02 4.361296240510333746e+02 2.479954266618561931e+06 2.862472240934547663e-01 2.862395867017895612e-01 -4.970315362456508912e+06 -1.037363527474076136e+03 4.202411895015876198e-01 -2.021668703370333342e-04
1.440407952019999993e-01 -5.057655906714912675e+01 2.447709338339258451e+06 2.451150084157328121e+06 5.350127903143944650e+02 5.350127903143944650e+02 5.350127903143944650e+02 2.445952470614425372e+06 2.643131983981715227e-01 2.643098512477038420e-01 -4.902300168169666082e+06 -1.023086315681793735e+03 3.898803665617955883e-01 -1.881787235532347694e-04
1.488671559540999945e-01 -4.647977640604052141e+01 2.403613836024901830e+06 2.407571820854099002e+06 5.459511994424743762e+02 5.459511994424743762e+02 5.459511994424764225e+02 2.402376501141571440e+06 2.430724189932756685e-01 2.430705390839705271e-01 -4.815143641708198003e+06 -1.004784894275540523e+03 3.609147430043963545e-01 -1.752917450058526900e-04
1.538516019579000138e-01 -4.261267527363781937e+01 2.354625763842325658e+06 2.359114636868112721e+06 4.967932912425632708e+02 4.967932912425632708e+02 4.967932912357775876e+02 2.353928600416583475e+06 2.230173756691306020e-01 2.230156306472207695e-01 -4.718229273804098368e+06 -9.844429347557373831e+02 3.334770299731992238e-01 -1.629114094414091754e-04
1.590003442684000123e-01 -3.907715338116365444e+01 2.306987555112985894e+06 2.311885526385634672e+06 4.310650978059676390e+02 4.310650978059676390e+02 4.310650978125371466e+02 2.306725384834799450e+06 2.046418312179865140e-01 2.046400139789275874e-01 -4.623771052771269344e+06 -9.646374457696394984e+02 3.077935464029584733e-01 -1.509940642353935593e-04
1.643196280725000014e-01 -3.594576675064891447e+01 2.266891820046433248e+06 2.271964420282377396e+06 3.608497689544551577e+02 3.608497689544551577e+02 3.608497689544533955e+02 2.266852823720665183e+06 1.883043593843326813e-01 1.883023887174795907e-01 -4.543928840564754792e+06 -9.479297359467137767e+02 2.840967766946763118e-01 -1.396502942025191238e-04
1.698157439182000072e-01 -3.323939306466715493e+01 2.238707579671631567e+06 2.243664509636111557e+06 3.090557347692311509e+02 3.090557347630817162e+02 3.090557347692311509e+02 2.238624668507555965e+06 1.741131248100483697e-01 1.741110457446545801e-01 -4.487329019272223115e+06 -9.361321859090296584e+02 2.625268217644159408e-01 -1.290171370835254002e-04
1.754950416932999913e-01 -3.091822391081401378e+01 2.223445456127351616e+06 2.228020531399475876e+06 2.995854167540447861e+02 2.995854167540447861e+02 2.995854167540447861e+02 2.223069988809325267e+06 1.618788377729599437e-01 1.618768819221730604e-01 -4.456041062739422545e+06 -9.296723583236995410e+02 2.430620100054445565e-01 -1.191066295342233428e-04
1.813639482294999994e-01 -2.889046790500756146e+01 2.218073358402868267e+06 2.222105741601912770e+06 2.551720205896819778e+02 2.551720205954398750e+02 2.551720205896819778e+02 2.217250986436497420e+06 1.511581767113564789e-01 1.511561787857592376e-01 -4.444211483318978921e+06 -9.273074443057329290e+02 2.255029443647088294e-01 -1.099949994320846357e-04
1.874289893975999988e-01 -2.704149283907619150e+01 2.216449613681175280e+06 2.219938064438332804e+06 2.742866917115686647e+02 2.742866917115686647e+02 2.742866917115686647e+02 2.215172332758974750e+06 1.413836447596153179e-01 1.413825828514916061e-01 -4.439876128932404332e+06 -9.265079168871135380e+02 2.095267356506847478e-01 -1.018038425131326111e-04
1.936968175541000092e-01 -2.525688447116035107e+01 2.210366911422972567e+06 2.213475848795893602e+06 2.337527747579293873e+02 2.337527747525366237e+02 2.337527747525381017e+02 2.208781498693719972e+06 1.319931654236142504e-01 1.319915939145687722e-01 -4.426951697591835633e+06 -9.238828802821296904e+02 1.947133649618995876e-01 -9.403162531654311515e-05
2.001742452052999999e-01 -2.346147774884660464e+01 2.192736852877171710e+06 2.195741905049963389e+06 2.464882955520038195e+02 2.464882955572206527e+02 2.464882955676543475e+02 2.191097545316754840e+06 1.225993334463931078e-01 1.225986902320824606e-01 -4.391483810152068734e+06 -9.164965600644471806e+02 1.806731768844802577e-01 -8.753623116115773065e-05
2.068682857649999929e-01 -2.164745562313583704e+01 2.161118536319858860e+06 2.164303004144052509e+06 1.445533634578891338e+02 1.445533634831278675e+02 1.445533634730318227e+02 2.159690205641183071e+06 1.131600752761782597e-01 1.131583711198495684e-01 -4.328606008237649687e+06 -9.033310980486337485e+02 1.672284273977807378e-01 -8.086665914527877189e-05
2.137862023185999882e-01 -1.986427307343963733e+01 2.118606804459603503e+06 2.122148052732011769e+06 2.500873196643591996e+02 2.500873196497051936e+02 2.500873196545898907e+02 2.117560094535803888e+06 1.038951188495134403e-01 1.038950734234211914e-01 -4.244296105561757460e+06 -8.856553231579046042e+02 1.543680156569469109e-01 -7.503655755315784932e-05
2.209355653614999970e-01 -1.819049774602022751e+01 2.072693145187662216e+06 2.076588224089383148e+06 1.865979506976632649e+02 1.865979507023885731e+02 1.865979507023885731e+02 2.072031584453240037e+06 9.519960267420880806e-02 9.519899721572319673e-02 -4.153176448084238451e+06 -8.665578596201983146e+02 1.422465123967913969e-01 -6.960192360789669273e-05
2.283243205807999887e-01 -1.669580346557741990e+01 2.032143154938274994e+06 2.036211706148688681e+06 1.287098951868902930e+02 1.287098951868902930e+02 1.287098951914639429e+02 2.031704669772633119e+06 8.740837619901536959e-02 8.740747567682083385e-02 -4.072423412251621950e+06 -8.496602176870708263e+02 1.310398216324522302e-01 -6.423085091148534286e-05
2.359608678984000119e-01 -1.540887219861422608e+01 2.002999491688485257e+06 2.006971847119905520e+06 1.133002692964364542e+02 1.133002692920108245e+02 1.133002692920114356e+02 2.002535398524521850e+06 8.066527921743725515e-02 8.066449325116885338e-02 -4.013943694239811040e+06 -8.374663518267677773e+02 1.208713844654793063e-01 -5.921118248838176608e-05
2.438541532099000042e-01 -1.430512452336082774e+01 1.985568435273590032e+06 1.989221666643914999e+06 1.311672742606272948e+02 1.311672742606272948e+02 1.311672742606272948e+02 1.984868802058322355e+06 7.485491948507208559e-02 7.485438634655504353e-02 -3.978443333330671303e+06 -8.301147103081865453e+02 1.117333313152488183e-01 -5.459472027868511091e-05
2.520137745675000152e-01 -1.331945818996834596e+01 1.973989112210794818e+06 1.977262585577361519e+06 1.437717851605438284e+02 1.437717851605438284e+02 1.437717851605443968e+02 1.972991733412782196e+06 6.966031045090360918e-02 6.966000755459915428e-02 -3.954525171113306656e+06 -8.251936954218950859e+02 1.034687112667330433e-01 -5.033191325136009733e-05
2.604501049717000138e-01 -1.237934371381294696e+01 1.959194872838813113e+06 1.962217442666042829e+06 1.186131275102202096e+02 1.186131275142297312e+02 1.186131275142297312e+02 1.958014279742819723e+06 6.472303837866204279e-02 6.472274689729655417e-02 -3.924434885291974060e+06 -8.189587889092605337e+02 9.583181606387669582e-02 -4.648542845732245006e-05
2.691744345125000049e-01 -1.144190512814081728e+01 1.934211537389761768e+06 1.937216647013235604e+06 1.102457330606835484e+02 1.102457330645625575e+02 1.102457330606835484e+02 1.933063741972189397e+06 5.982479591679074754e-02 5.982446189858800500e-02 -3.874433294065247755e+06 -8.085204273479346284e+02 8.860418836809934306e-02 -4.297029504309887667e-05
2.781991353578999737e-01 -1.051329414087472891e+01 1.898752464371266775e+06 1.901926811722093029e+06 1.076628252658912430e+02 1.076628252643894541e+02 1.076628252576332017e+02 1.897814640310235089e+06 5.498869267893468499e-02 5.498854591411783677e-02 -3.803853623444186058e+06 -7.937483772756115741e+02 8.170329703604499449e-02 -3.978897606841273938e-05
2.875378540949000139e-01 -9.636304613938094121e+00 1.859564591132392175e+06 1.862928082400074229e+06 5.514082474500199993e+01 5.514082474500199993e+01 5.514082474609113405e+01 1.858860454123030649e+06 5.042270593311856675e-02 5.042224362216645578e-02 -3.725856164800148457e+06 -7.774232903359960574e+02 7.519740394442664400e-02 -3.664311858979558446e-05
2.972057372611000003e-01 -8.853669653745086521e+00 1.825521202296870761e+06 1.828925761997253634e+06 1.037726674392163915e+02 1.037726674392163915e+02 1.037726674392168746e+02 1.824916538706708234e+06 4.633360551930219839e-02 4.633355281641706597e-02 -3.657851523959388491e+06 -7.632137112969320469e+02 6.920554596801070657e-02 -3.373523180061125233e-05
3.072196976636999977e-01 -8.174512105375018933e+00 1.800817389411628479e+06 1.804070763932623435e+06 1.020724101386706337e+02 1.020724101369710581e+02 1.020724101376507917e+02 1.800132392685276223e+06 4.277172427587749848e-02 4.277170558131429545e-02 -3.608141527865246870e+06 -7.528619954314406186e+02 6.378528912505770920e-02 -3.110822417834984831e-05
3.175987314361999880e-01 -7.569779177076827459e+00 1.781864014341221424e+06 1.784883999418625841e+06 9.308436072532126104e+01 9.308436072367723568e+01 9.308436072203322453e+01 1.781018498605540954e+06 3.959484389664180010e-02 3.959480641434905829e-02 -3.569767998837281950e+06 -7.448937522149255983e+02 5.886892737293487193e-02 -2.864684457477873161e-05
3.283642989312000049e-01 -6.998235043728291416e+00 1.760719465917480644e+06 1.763589958321612328e+06 7.049495661936089164e+01 7.049495662985532363e+01 7.049495662381303873e+01 1.759788216701369733e+06 3.659907350725172953e-02 3.659897365119327978e-02 -3.527179916643224657e+06 -7.360291530171153909e+02 5.431882443462836968e-02 -2.637022706757493758e-05
3.395407868254999850e-01 -6.438939030662504948e+00 1.732243853203251027e+06 1.735122248795420397e+06 5.639335674369365137e+01 5.639335673969534923e+01 5.639335674154042266e+01 1.731373386098740390e+06 3.367765524259223181e-02 3.367751930764711910e-02 -3.470244497560073156e+06 -7.241377896140389794e+02 5.002505886829861081e-02 -2.433696399561989008e-05
3.511560746806000055e-01 -5.902536197396183404e+00 1.698656177759376122e+06 1.701618148678990547e+06 5.689542509160618522e+01 5.689542509220087396e+01 5.689542509220045474e+01 1.697919983570235781e+06 3.087944333832867705e-02 3.087936929265935881e-02 -3.403236297417454422e+06 -7.101281395282572930e+02 4.597082591715896671e-02 -2.239624049176735298e-05
3.632422373559999751e-01 -5.412800605871312953e+00 1.666899338233568473e+06 1.669875242253120523e+06 3.560729295122293081e+01 3.560729294949824464e+01 3.560729295122293081e+01 1.666235224948231596e+06 2.832086934861956923e-02 2.832073825862427285e-02 -3.339750484477480408e+06 -6.968675440011305682e+02 4.220949103027735877e-02 -2.058815017224495321e-05
3.758364261869999723e-01 -4.977544398543970239e+00 1.640901917134213960e+06 1.643771071435593301e+06 2.551329564372925063e+01 2.551329564345143552e+01 2.551329564372925063e+01 1.640197326975619188e+06 2.604071930554051686e-02 2.604057177001910944e-02 -3.287542142898982856e+06 -6.859854983288186077e+02 3.877265274797407624e-02 -1.886860371599724417e-05
3.889819883282000235e-01 -4.580458572294038966e+00 1.617327819279038114e+06 1.620061462452264968e+06 2.540996771835382972e+01 2.540996771432687495e+01 2.540996771781697916e+01 1.616553948715575505e+06 2.395932526961573258e-02 2.395920580718499324e-02 -3.240122924958219752e+06 -6.761092296744403711e+02 3.561710842162441049e-02 -1.732942672202466539e-05
4.027299077170000130e-01 -4.202159919022210310e+00 1.590474114378181286e+06 1.593153486925968435e+06 4.286979970537839790e+01 4.286979970511895743e+01 4.286979970537839790e+01 1.589705664451381657e+06 2.198014382699460187e-02 2.198010337762923427e-02 -3.186306973851936869e+06 -6.648813633010481681e+02 3.266982327145171588e-02 -1.591120918029135145e-05
4.171406868252000022e-01 -3.841063759511043951e+00 1.559806987166134873e+06 1.562499207013924373e+06 2.671216385723714382e+01 2.671216385623574041e+01 2.671216384847535963e+01 1.559107644584184512e+06 2.009391542363633473e-02 2.009385208942758919e-02 -3.124998414052870590e+06 -6.520757058719916586e+02 2.989973486345477369e-02 -1.455201311669580147e-05
4.322868424944000254e-01 -3.507279754364699187e+00 1.529614410302089993e+06 1.532284309441149468e+06 3.062692483275646893e+01 3.062692483275646893e+01 3.062692483251493414e+01 1.528953708134677028e+06 1.834870923041197199e-02 1.834867106359323874e-02 -3.064568618858154397e+06 -6.394603653598501296e+02 2.731741680155107613e-02 -1.330463423499221095e-05
4.482562730183999866e-01 -3.203490394410584585e+00 1.502194107871215092e+06 1.504777164647280471e+06 3.041674714007524827e+01 3.041674714356954468e+01 3.041674714752987185e+01 1.501512424076983007e+06 1.675817443926305716e-02 1.675813297304238475e-02 -3.009554329294581898e+06 -6.279885275402626803e+02 2.493184740856019960e-02 -1.212584875044023694e-05
4.651568867843999810e-01 -2.920693863008204882e+00 1.474762780516006285e+06 1.477271218604680616e+06 3.344703571369412032e+01 3.344703572065343167e+01 3.344703571436753009e+01 1.474070440813253168e+06 1.527797521997967603e-02 1.527796096474170161e-02 -2.954542437164463568e+06 -6.165148221271197144e+02 2.271817511967689357e-02 -1.107576621552108266e-05
4.831231000012000121e-01 -2.651856877802913903e+00 1.444490516154399840e+06 1.446972679189604474e+06 2.599102104331164398e+01 2.599102104374388489e+01 2.599102104698600257e+01 1.443833607311781961e+06 1.387246715277203231e-02 1.387244400373496139e-02 -2.893945358357585501e+06 -6.038653472154524025e+02 2.063793487225717982e-02 -1.005857868064243583e-05
5.023251762536999898e-01 -2.400499915132091822e+00 1.413600443319136510e+06 1.416042213431401644e+06 2.592584270797134494e+01 2.592584271171324772e+01 2.592584270859506645e+01 1.412968270896506496e+06 1.255788592515392349e-02 1.255787345227733255e-02 -2.832084426842005458e+06 -5.909546788711570571e+02 1.868679163829917861e-02 -9.092711915490443421e-06
5.229830158614999780e-01 -2.167976860169117614e+00 1.383804099921482150e+06 1.386173471322047990e+06 2.026707404070765861e+01 2.026707404070780072e+01 2.026707404070780072e+01 1.383167615006849170e+06 1.134100018145350712e-02 1.134098574526607416e-02 -2.772346942644114140e+06 -5.784936682805447390e+02 1.686906646738138907e-02 -8.209571845146617559e-06
5.453871510272999545e-01 -1.948065373353005336e+00 1.352256932453103829e+06 1.354574607786678011e+06 1.261452426314355613e+01 1.261452426352645162e+01 1.261452426352658485e+01 1.351636893780287588e+06 1.019072437657594574e-02 1.019070254924334985e-02 -2.709149215554200578e+06 -5.653060414509407110e+02 1.515875068160425256e-02 -7.390366537318856718e-06
5.699318693746000530e-01 -1.740119419564421399e+00 1.319091228175290860e+06 1.321359785902517848e+06 1.892392717716515094e+01 1.892392717789796563e+01 1.892392717753156006e+01 1.318492922882387415e+06 9.103035737493065521e-03 9.103030863802021033e-03 -2.642719571805035695e+06 -5.514429714626830901e+02 1.354297951475013848e-02 -6.588286341491897010e-06
5.971696840738000001e-01 -1.544293469471306635e+00 1.285199802087906748e+06 1.287401456313586095e+06 1.585905544486880459e+01 1.585905544521849819e+01 1.585905544469395778e+01 1.284609606345796492e+06 8.078482518006462054e-03 8.078474981308139333e-03 -2.574802912609693594e+06 -5.372728273386624096e+02 1.201650078952260815e-02 -5.853315778268416896e-06
6.279053759849999583e-01 -1.357217211660995959e+00 1.248778048598261783e+06 1.250921453182914294e+06 5.359626031467855434e+00 5.359626027809115456e+00 5.359626032964620812e+00 1.248208043335682480e+06 7.099968174218280331e-03 7.099951394002009149e-03 -2.501842906365828589e+06 -5.220477899096590590e+02 1.056191025613359077e-02 -5.138843087763328256e-06
6.633679498247000428e-01 -1.178117738042904206e+00 1.209883293852591189e+06 1.211956871203075629e+06 1.306133774959925731e+01 1.306133774959925731e+01 1.306133774944180281e+01 1.209328480932368198e+06 6.162978810816832458e-03 6.162976244967085376e-03 -2.423913742406122386e+06 -5.057872815478651205e+02 9.167423077680592058e-03 -4.460215662404445890e-06
7.055469758550999559e-01 -1.004529528409634276e+00 1.166973384636783041e+06 1.168974433968218043e+06 9.152932617678317229e+00 9.152932617382338876e+00 9.152932617086259270e+00 1.166439094316687668e+06 5.254935328537167598e-03 5.254928919954826583e-03 -2.337948867921628989e+06 -4.878491873885900532e+02 7.816879042537307545e-03 -3.802411255486507845e-06
7.579029804361000489e-01 -8.343525583759208164e-01 1.118465410551052773e+06 1.120382229384879814e+06 5.780084841029655252e+00 5.780084840754123654e+00 5.780084836758484279e+00 1.117952437112842454e+06 4.364697146144572854e-03 4.364692461616520060e-03 -2.240764458797303028e+06 -4.675703710605115475e+02 6.492446943367357129e-03 -3.161413414929633993e-06
8.269888601010000340e-01 -6.648431669989258719e-01 1.061118551485521253e+06 1.062936493229581043e+06 8.050740065663276823e+00 8.050740066799678019e+00 8.050740065915833910e+00 1.060631385738430312e+06 3.477944187255540675e-03 3.477943770557070675e-03 -2.125872986459162086e+06 -4.435966023901926292e+02 5.173329463819529607e-03 -2.516616170745738575e-06
9.262809837709999883e-01 -4.942255384993396450e-01 9.895908141656104708e+05 9.912856034752107225e+05 3.292488370002604192e+00 3.292488367522425463e+00 3.292488369438930640e+00 9.891359646574120270e+05 2.585411021323860779e-03 2.585409262662903464e-03 -1.982571206950400956e+06 -4.136945748175104427e+02 3.845643296193813551e-03 -1.871780169393571927e-06
1.083286894538999956e+00 -3.273751649594148772e-01 8.965558087160157738e+05 8.980906403536206344e+05 4.504687913134751476e+00 4.504687912941980343e+00 4.504687912941963468e+00 8.961432006775519112e+05 1.712573314971113213e-03 1.712573141463866883e-03 -1.796181280726528959e+06 -3.748015215643286524e+02 2.547300798051294925e-03 -1.241063543695705705e-06
1.333218422435999972e+00 -1.888673790581294754e-01 7.834368051156440051e+05 7.847774452798471320e+05 3.840880644165384883e+00 3.840880644533516630e+00 3.840880644235876051e+00 7.830758015273989877e+05 9.880056568591702709e-04 9.880059544934898050e-04 -1.569554890622353414e+06 -3.275124606470019444e+02 1.469544197364663169e-03 -7.154729989947319448e-07
1.675633096075999973e+00 -1.025727700031138362e-01 6.721009269790990511e+05 6.732507299497715430e+05 1.175567452251530920e+00 1.175567452345005259e+00 1.175567452401096391e+00 6.717909553661230020e+05 5.365791330935884779e-04 5.365790957022177707e-04 -1.346501459899543086e+06 -2.809688852459598252e+02 7.980915195468840434e-04 -3.887854544716332946e-07
2.109444119725000011e+00 -5.521130194436082994e-02 5.733361393250242108e+05 5.743169007884194143e+05 8.882643127736634669e-01 8.882643127192063615e-01 8.882643126449529802e-01 5.730716515620810678e+05 2.888196958030058163e-04 2.888197151091544557e-04 -1.148633801566942828e+06 -2.396806547845290254e+02 4.295834763386784452e-04 -2.092186106599385930e-07
2.655632610006000149e+00 -2.959348915116772824e-02 4.870560777150450158e+05 4.878893845694462070e+05 3.015842607175198697e-01 3.015842605956208788e-01 3.015842606506717316e-01 4.868315072473285836e+05 1.548069363792848826e-04 1.548069355931372870e-04 -9.757787691703493474e+05 -2.036116514220664442e+02 2.302612332291956371e-04 -1.120287452628467428e-07
3.343243377022000029e+00 -1.580284279435249448e-02 4.122121271873611258e+05 4.129177400809243554e+05 2.807616117285809954e-01 2.807616119222344775e-01 2.807616117535688405e-01 4.120223662142239627e+05 8.266497935910898081e-05 8.266498092059569277e-05 -8.258354801555989543e+05 -1.723234979410159440e+02 1.229626207640512254e-04 -5.988486332460047152e-08
4.208894045144999652e+00 -8.410009081839430606e-03 3.476855436767018400e+05 3.482813014909592457e+05 6.065028400472399772e-02 6.065028406029904229e-02 6.065028403052674655e-02 3.475259918402293115e+05 4.399164475300406486e-05 4.399164351226760841e-05 -6.965626029819184914e+05 -1.453485043927264257e+02 6.544252639540293522e-05 -3.186127751119877877e-08
5.298683668983000139e+00 -4.461783697209967259e-03 2.923521185551444069e+05 2.928539502380810445e+05 4.944808632996063047e-02 4.944808634730335495e-02 4.944808627891811997e-02 2.922187062752696802e+05 2.333790243657151911e-05 2.333790243657151911e-05 -5.857079004840450361e+05 -1.222167000015981699e+02 3.472295213822038280e-05 -1.691818557647302060e-08
6.670647519941000247e+00 -2.360405240410224162e-03 2.451300153321286780e+05 2.455520323646035395e+05 7.445389070652373709e-02 7.445389098141265427e-02 7.445389080561529149e-02 2.450191995609028963e+05 1.234545957904858731e-05 1.234546020522393790e-05 -4.911040647323394078e+05 -1.024758306088969704e+02 1.837251861253841483e-05 -8.954167090249983048e-09
8.397847675974999149e+00 -1.245471505464232050e-03 2.050044128717675922e+05 2.053590448756939149e+05 3.576075368772725638e-02 3.576075362120196416e-02 3.576075265639901135e-02 2.049131640209610050e+05 6.513324619738838477e-06 6.513324706779765413e-06 -4.107180897538758582e+05 -8.570166066109838710e+01 9.696974713280701359e-06 -4.728767679320569978e-09
1.057226384366000005e+01 -6.555885409647688828e-04 1.710376873524167167e+05 1.713358376039463328e+05 2.115922512464877767e-02 2.115922510726492636e-02 2.115922514440311472e-02 1.709634739325984265e+05 3.427819894947485110e-06 3.427819924584250598e-06 -3.426716752019673004e+05 -7.150222986491803567e+01 5.106544567667416787e-06 -2.491764109013453109e-09
1.330969161298000003e+01 -3.443149333839795601e-04 1.423854676171745814e+05 1.426367007020198798e+05 1.091299636187251232e-02 1.091299637309189711e-02 1.091299636367702892e-02 1.423262366023410868e+05 1.799748722081391848e-06 1.799748737775604753e-06 -2.852734013961934252e+05 -5.952456560193910207e+01 2.683862181728355766e-06 -1.311845136930539992e-09
1.675590899471999862e+01 -1.804534514178994140e-04 1.182914422573991033e+05 1.185041690242229815e+05 4.371741295204258776e-03 4.371741300507755133e-03 4.371741284734369064e-03 1.182456074286917137e+05 9.427877179446961807e-07 9.427877241778744202e-07 -2.370083380484459631e+05 -4.945251274195504010e+01 1.408186978289462401e-06 -6.901969582268506321e-10
2.109443963117000109e+01 -9.438421846807672818e-05 9.808706957191454421e+04 9.826874008806422353e+04 5.448739608965975055e-04 5.448739594412027815e-04 5.448739613569776119e-04 9.805350704053335357e+04 4.927414919697744924e-07 4.927414870194237340e-07 -1.965374801761284471e+05 -4.100661343080624732e+01 7.378587091185524184e-07 -3.628939906624550021e-10
2.655632609922999876e+01 -4.926955340909135834e-05 8.118727888692117995e+04 8.134457894644273620e+04 8.581791869738627544e-04 8.581791857706163760e-04 8.581791770844411161e-04 8.116533385973115219e+04 2.569070917067475868e-07 2.569070917067475868e-07 -1.626891578928854724e+05 -3.394231137383972907e+01 3.862652602917014066e-07 -1.911623742771812206e-10
3.343243377022000118e+01 -2.566796903524668156e-05 6.708309413733554538e+04 6.722214229904656531e+04 -3.933467901095587097e-04 -3.933467898659308922e-04 -3.933467853400693273e-04 6.707260206233392819e+04 1.335854613094668683e-07 1.335854609972795877e-07 -1.344442845949694456e+05 -2.804686974215816520e+01 2.021379711531182854e-07 -1.009995011367849155e-10
4.208894045145000007e+01 -1.334394251969157193e-05 5.533507176510910358e+04 5.546162065047600481e+04 1.024442028998365844e-05 1.024442089287566403e-05 1.024442093257208502e-05 5.533639564291364513e+04 6.923597013754919963e-08 6.923597013775935644e-08 -1.109232413034323254e+05 -2.313662974785805915e+01 1.058314606944588787e-07 -5.366693347537211031e-11
5.298683668982999961e+01 -6.920633395790255885e-06 4.556652156000358809e+04 4.568616444639182009e+04 1.754640497559163052e-04 1.754640502515616323e-04 1.754640496625025302e-04 4.558060652082152956e+04 3.573459961271738587e-08 3.573459941565706328e-08 -9.137232889475455158e+04 -1.905417850214192654e+01 5.550198653573642621e-08 -2.878795845978610641e-11
6.670647519940999359e+01 -3.579000027652193504e-06 3.745439124073743733e+04 3.757276559612055280e+04 7.694190264052266383e-05 7.694190303407117955e-05 7.694190277201870131e-05 3.748283392080385238e+04 1.833740639203140308e-08 1.833740639206455317e-08 -7.514553119224110560e+04 -1.566453939316190258e+01 2.920664050704658054e-08 -1.566932701106829872e-11
8.397847675974999504e+01 -1.844062909884114859e-06 3.072421111997052503e+04 3.084719709650554796e+04 5.501806476443187564e-05 5.501806070949875568e-05 5.501806314606467189e-05 3.076933440053193408e+04 9.331153595839612692e-09 9.331153595839612692e-09 -6.169439419425420056e+04 -1.285305797148860130e+01 1.546057690877989129e-08 -8.713869728524180533e-12
1.057226384365999934e+02 -9.453745020691252207e-07 2.514282752910994896e+04 2.527670674098874224e+04 -2.221400747802865138e-05 -2.221400749156038218e-05 -2.221400737579984179e-05 2.520773563652305529e+04 4.687804022930113202e-09 4.687804022940570419e-09 -5.055341348296527576e+04 -1.052235820354049878e+01 8.261399552983765674e-09 -4.988388329050167645e-12