  0.107695E-04  0.197746E+08  0.197746E+08  0.263515E+08  0.263515E+08  0.000000E+00  0.197746E+08
  0.109871E-04  0.197746E+08  0.197746E+08  0.263509E+08  0.263509E+08  0.000000E+00  0.197746E+08
  0.112090E-04  0.197746E+08  0.197746E+08  0.263503E+08  0.263502E+08  0.000000E+00  0.197746E+08
  0.114355E-04  0.197746E+08  0.197746E+08  0.263496E+08  0.263496E+08  0.000000E+00  0.197746E+08
  0.116665E-04  0.197746E+08  0.197746E+08  0.263489E+08  0.263489E+08  0.000000E+00  0.197746E+08
  0.119021E-04  0.197746E+08  0.197746E+08  0.263482E+08  0.263482E+08  0.000000E+00  0.197746E+08
  0.121426E-04  0.197746E+08  0.197746E+08  0.263475E+08  0.263475E+08  0.000000E+00  0.197746E+08
  0.123879E-04  0.197746E+08  0.197746E+08  0.263467E+08  0.263467E+08  0.000000E+00  0.197746E+08
  0.126381E-04  0.197746E+08  0.197746E+08  0.263459E+08  0.263459E+08  0.000000E+00  0.197746E+08
  0.128934E-04  0.197746E+08  0.197746E+08  0.263451E+08  0.263451E+08  0.000000E+00  0.197746E+08
  0.131539E-04  0.197746E+08  0.197746E+08  0.263443E+08  0.263442E+08  0.000000E+00  0.197746E+08
  0.134196E-04  0.197746E+08  0.197746E+08  0.263434E+08  0.263433E+08  0.000000E+00  0.197746E+08
  0.136907E-04  0.197746E+08  0.197746E+08  0.263424E+08  0.263424E+08  0.000000E+00  0.197746E+08
  0.139673E-04  0.197746E+08  0.197746E+08  0.263415E+08  0.263414E+08  0.000000E+00  0.197746E+08
  0.142495E-04  0.197746E+08  0.197746E+08  0.263405E+08  0.263404E+08  0.000000E+00  0.197746E+08
  0.145373E-04  0.197746E+08  0.197746E+08  0.263394E+08  0.263394E+08  0.000000E+00  0.197746E+08
  0.148310E-04  0.197746E+08  0.197746E+08  0.263383E+08  0.263383E+08  0.000000E+00  0.197746E+08
  0.151306E-04  0.197746E+08  0.197746E+08  0.263372E+08  0.263371E+08  0.000000E+00  0.197746E+08
  0.154363E-04  0.197746E+08  0.197746E+08  0.263360E+08  0.263359E+08  0.000000E+00  0.197746E+08
  0.157481E-04  0.197746E+08  0.197746E+08  0.263348E+08  0.263347E+08  0.000000E+00  0.197746E+08
  0.160662E-04  0.197746E+08  0.197746E+08  0.263335E+08  0.263334E+08  0.000000E+00  0.197746E+08
  0.163908E-04  0.197746E+08  0.197746E+08  0.263321E+08  0.263321E+08  0.000000E+00  0.197746E+08
  0.167219E-04  0.197746E+08  0.197746E+08  0.263308E+08  0.263307E+08  0.000000E+00  0.197746E+08
  0.170597E-04  0.197746E+08  0.197746E+08  0.263293E+08  0.263293E+08  0.000000E+00  0.197746E+08
  0.174043E-04  0.197746E+08  0.197746E+08  0.263278E+08  0.263278E+08  0.000000E+00  0.197746E+08
  0.177559E-04  0.197746E+08  0.197746E+08  0.263262E+08  0.263262E+08  0.000000E+00  0.197746E+08
  0.181146E-04  0.197746E+08  0.197746E+08  0.263246E+08  0.263246E+08  0.000000E+00  0.197746E+08
  0.184806E-04  0.197745E+08  0.197745E+08  0.263229E+08  0.263229E+08  0.000000E+00  0.197745E+08
  0.188539E-04  0.197745E+08  0.197745E+08  0.263212E+08  0.263211E+08  0.000000E+00  0.197745E+08
  0.192348E-04  0.197745E+08  0.197745E+08  0.263193E+08  0.263193E+08  0.000000E+00  0.197745E+08
  0.196233E-04  0.197745E+08  0.197745E+08  0.263174E+08  0.263173E+08  0.000000E+00  0.197745E+08
  0.200197E-04  0.197745E+08  0.197745E+08  0.263154E+08  0.263154E+08  0.000000E+00  0.197745E+08
  0.204242E-04  0.197745E+08  0.197745E+08  0.263134E+08  0.263133E+08  0.000000E+00  0.197745E+08
  0.208368E-04  0.197745E+08  0.197745E+08  0.263112E+08  0.263111E+08  0.000000E+00  0.197745E+08
  0.212577E-04  0.197745E+08  0.197745E+08  0.263090E+08  0.263089E+08  0.000000E+00  0.197745E+08
  0.216871E-04  0.197745E+08  0.197745E+08  0.263066E+08  0.263065E+08  0.000000E+00  0.197745E+08
  0.221252E-04  0.197745E+08  0.197745E+08  0.263042E+08  0.263041E+08  0.000000E+00  0.197745E+08
  0.225722E-04  0.197745E+08  0.197745E+08  0.263017E+08  0.263016E+08  0.000000E+00  0.197745E+08
  0.230282E-04  0.197745E+08  0.197745E+08  0.262991E+08  0.262990E+08  0.000000E+00  0.197745E+08
  0.234934E-04  0.197745E+08  0.197745E+08  0.262963E+08  0.262962E+08  0.000000E+00  0.197745E+08
  0.239680E-04  0.197745E+08  0.197745E+08  0.262935E+08  0.262934E+08  0.000000E+00  0.197745E+08
  0.244522E-04  0.197745E+08  0.197745E+08  0.262905E+08  0.262904E+08  0.000000E+00  0.197745E+08
  0.249461E-04  0.197745E+08  0.197745E+08  0.262874E+08  0.262873E+08  0.000000E+00  0.197745E+08
  0.254501E-04  0.197745E+08  0.197745E+08  0.262842E+08  0.262841E+08  0.000000E+00  0.197745E+08
  0.259642E-04  0.197745E+08  0.197745E+08  0.262809E+08  0.262807E+08  0.000000E+00  0.197745E+08
  0.264887E-04  0.197745E+08  0.197745E+08  0.262774E+08  0.262773E+08  0.000000E+00  0.197745E+08
  0.270238E-04  0.197745E+08  0.197745E+08  0.262738E+08  0.262736E+08  0.000000E+00  0.197745E+08
  0.275697E-04  0.197744E+08  0.197744E+08  0.262700E+08  0.262699E+08  0.000000E+00  0.197744E+08
  0.281267E-04  0.197744E+08  0.197744E+08  0.262661E+08  0.262660E+08  0.000000E+00  0.197744E+08
  0.286949E-04  0.197744E+08  0.197744E+08  0.262620E+08  0.262619E+08  0.000000E+00  0.197744E+08
  0.292746E-04  0.197744E+08  0.197744E+08  0.262578E+08  0.262576E+08  0.000000E+00  0.197744E+08
  0.298659E-04  0.197744E+08  0.197744E+08  0.262534E+08  0.262532E+08  0.000000E+00  0.197744E+08
  0.304693E-04  0.197744E+08  0.197744E+08  0.262488E+08  0.262486E+08  0.000000E+00  0.197744E+08
  0.310848E-04  0.197744E+08  0.197744E+08  0.262440E+08  0.262438E+08  0.000000E+00  0.197744E+08
  0.317128E-04  0.197744E+08  0.197744E+08  0.262390E+08  0.262388E+08  0.000000E+00  0.197744E+08
  0.323534E-04  0.197744E+08  0.197744E+08  0.262338E+08  0.262336E+08  0.000000E+00  0.197744E+08
  0.330070E-04  0.197744E+08  0.197744E+08  0.262284E+08  0.262282E+08  0.000000E+00  0.197744E+08
  0.336738E-04  0.197744E+08  0.197744E+08  0.262228E+08  0.262226E+08  0.000000E+00  0.197744E+08
  0.343540E-04  0.197743E+08  0.197743E+08  0.262170E+08  0.262168E+08  0.000000E+00  0.197743E+08
  0.350480E-04  0.197743E+08  0.197743E+08  0.262109E+08  0.262107E+08  0.000000E+00  0.197743E+08
  0.357560E-04  0.197743E+08  0.197743E+08  0.262046E+08  0.262044E+08  0.000000E+00  0.197743E+08
  0.364783E-04  0.197743E+08  0.197743E+08  0.261980E+08  0.261978E+08  0.000000E+00  0.197743E+08
  0.372153E-04  0.197743E+08  0.197743E+08  0.261912E+08  0.261909E+08  0.000000E+00  0.197743E+08
  0.379671E-04  0.197743E+08  0.197743E+08  0.261841E+08  0.261838E+08  0.000000E+00  0.197743E+08
  0.387340E-04  0.197743E+08  0.197743E+08  0.261767E+08  0.261764E+08  0.000000E+00  0.197743E+08
  0.395165E-04  0.197743E+08  0.197743E+08  0.261690E+08  0.261687E+08  0.000000E+00  0.197743E+08
  0.403148E-04  0.197742E+08  0.197742E+08  0.261610E+08  0.261606E+08  0.000000E+00  0.197742E+08
  0.411292E-04  0.197742E+08  0.197742E+08  0.261526E+08  0.261523E+08  0.000000E+00  0.197742E+08
  0.419601E-04  0.197742E+08  0.197742E+08  0.261439E+08  0.261436E+08  0.000000E+00  0.197742E+08
  0.428077E-04  0.197742E+08  0.197742E+08  0.261349E+08  0.261346E+08  0.000000E+00  0.197742E+08
  0.436725E-04  0.197742E+08  0.197742E+08  0.261255E+08  0.261251E+08  0.000000E+00  0.197742E+08
  0.445548E-04  0.197742E+08  0.197742E+08  0.261157E+08  0.261153E+08  0.000000E+00  0.197742E+08
  0.454548E-04  0.197741E+08  0.197741E+08  0.261055E+08  0.261052E+08  0.000000E+00  0.197741E+08
  0.463731E-04  0.197741E+08  0.197741E+08  0.260950E+08  0.260946E+08  0.000000E+00  0.197741E+08
  0.473099E-04  0.197741E+08  0.197741E+08  0.260839E+08  0.260835E+08  0.000000E+00  0.197741E+08
  0.482656E-04  0.197741E+08  0.197741E+08  0.260725E+08  0.260720E+08  0.000000E+00  0.197741E+08
  0.492406E-04  0.197740E+08  0.197740E+08  0.260606E+08  0.260601E+08  0.000000E+00  0.197740E+08
  0.502353E-04  0.197740E+08  0.197740E+08  0.260482E+08  0.260477E+08  0.000000E+00  0.197740E+08
  0.512502E-04  0.197740E+08  0.197740E+08  0.260353E+08  0.260348E+08  0.000000E+00  0.197740E+08
  0.522855E-04  0.197740E+08  0.197740E+08  0.260218E+08  0.260213E+08  0.000000E+00  0.197740E+08
  0.533417E-04  0.197740E+08  0.197740E+08  0.260079E+08  0.260073E+08  0.000000E+00  0.197740E+08
  0.544193E-04  0.197739E+08  0.197739E+08  0.259933E+08  0.259928E+08  0.000000E+00  0.197739E+08
  0.555186E-04  0.197739E+08  0.197739E+08  0.259782E+08  0.259776E+08  0.000000E+00  0.197739E+08
  0.566402E-04  0.197739E+08  0.197739E+08  0.259625E+08  0.259619E+08  0.000000E+00  0.197739E+08
  0.577844E-04  0.197738E+08  0.197738E+08  0.259461E+08  0.259455E+08  0.000000E+00  0.197738E+08
  0.589517E-04  0.197738E+08  0.197738E+08  0.259291E+08  0.259285E+08  0.000000E+00  0.197738E+08
  0.601426E-04  0.197738E+08  0.197738E+08  0.259114E+08  0.259108E+08  0.000000E+00  0.197738E+08
  0.613576E-04  0.197737E+08  0.197737E+08  0.258930E+08  0.258923E+08  0.000000E+00  0.197737E+08
  0.625971E-04  0.197737E+08  0.197737E+08  0.258739E+08  0.258732E+08  0.000000E+00  0.197737E+08
  0.638616E-04  0.197737E+08  0.197737E+08  0.258540E+08  0.258532E+08  0.000000E+00  0.197737E+08
  0.651517E-04  0.197736E+08  0.197736E+08  0.258333E+08  0.258325E+08  0.000000E+00  0.197736E+08
  0.664679E-04  0.197736E+08  0.197736E+08  0.258117E+08  0.258109E+08  0.000000E+00  0.197736E+08
  0.678106E-04  0.197735E+08  0.197735E+08  0.257893E+08  0.257885E+08  0.000000E+00  0.197735E+08
  0.691805E-04  0.197735E+08  0.197735E+08  0.257660E+08  0.257652E+08  0.000000E+00  0.197735E+08
  0.705780E-04  0.197734E+08  0.197734E+08  0.257418E+08  0.257409E+08  0.000000E+00  0.197734E+08
  0.720038E-04  0.197734E+08  0.197734E+08  0.257166E+08  0.257157E+08  0.000000E+00  0.197734E+08
  0.734584E-04  0.197733E+08  0.197733E+08  0.256904E+08  0.256894E+08  0.000000E+00  0.197733E+08
  0.749423E-04  0.197733E+08  0.197733E+08  0.256632E+08  0.256622E+08  0.000000E+00  0.197733E+08
  0.764563E-04  0.197732E+08  0.197732E+08  0.256349E+08  0.256338E+08  0.000000E+00  0.197732E+08
  0.780008E-04  0.197732E+08  0.197732E+08  0.256054E+08  0.256043E+08  0.000000E+00  0.197732E+08
  0.795765E-04  0.197731E+08  0.197731E+08  0.255748E+08  0.255737E+08  0.000000E+00  0.197731E+08
  0.811841E-04  0.197731E+08  0.197731E+08  0.255430E+08  0.255418E+08  0.000000E+00  0.197731E+08
  0.828241E-04  0.197730E+08  0.197730E+08  0.255099E+08  0.255086E+08  0.000000E+00  0.197730E+08
  0.844972E-04  0.197729E+08  0.197729E+08  0.254755E+08  0.254742E+08  0.000000E+00  0.197729E+08
  0.862042E-04  0.197729E+08  0.197729E+08  0.254397E+08  0.254384E+08  0.000000E+00  0.197729E+08
  0.879456E-04  0.197728E+08  0.197728E+08  0.254025E+08  0.254012E+08  0.000000E+00  0.197728E+08
  0.897223E-04  0.197727E+08  0.197727E+08  0.253639E+08  0.253625E+08  0.000000E+00  0.197727E+08
  0.915348E-04  0.197726E+08  0.197726E+08  0.253238E+08  0.253223E+08  0.000000E+00  0.197726E+08
  0.933839E-04  0.197726E+08  0.197726E+08  0.252820E+08  0.252805E+08  0.000000E+00  0.197726E+08
  0.952704E-04  0.197725E+08  0.197725E+08  0.252387E+08  0.252370E+08  0.000000E+00  0.197725E+08
  0.971950E-04  0.197724E+08  0.197724E+08  0.251936E+08  0.251919E+08  0.000000E+00  0.197724E+08
  0.991584E-04  0.197723E+08  0.197723E+08  0.251468E+08  0.251450E+08  0.000000E+00  0.197723E+08
  0.101162E-03  0.197722E+08  0.197722E+08  0.250981E+08  0.250963E+08  0.000000E+00  0.197722E+08
  0.103205E-03  0.197721E+08  0.197721E+08  0.250476E+08  0.250457E+08  0.000000E+00  0.197721E+08
  0.105290E-03  0.197720E+08  0.197720E+08  0.249950E+08  0.249931E+08  0.000000E+00  0.197720E+08
  0.107417E-03  0.197719E+08  0.197719E+08  0.249405E+08  0.249385E+08  0.000000E+00  0.197719E+08
  0.109587E-03  0.197718E+08  0.197718E+08  0.248838E+08  0.248818E+08  0.000000E+00  0.197718E+08
  0.111801E-03  0.197717E+08  0.197717E+08  0.248250E+08  0.248228E+08  0.000000E+00  0.197717E+08
  0.114059E-03  0.197715E+08  0.197715E+08  0.247639E+08  0.247617E+08  0.000000E+00  0.197715E+08
  0.116363E-03  0.197714E+08  0.197714E+08  0.247004E+08  0.246981E+08  0.000000E+00  0.197714E+08
  0.118714E-03  0.197713E+08  0.197713E+08  0.246345E+08  0.246321E+08  0.000000E+00  0.197713E+08
  0.121112E-03  0.197711E+08  0.197711E+08  0.245661E+08  0.245636E+08  0.000000E+00  0.197711E+08
  0.123559E-03  0.197710E+08  0.197710E+08  0.244951E+08  0.244925E+08  0.000000E+00  0.197710E+08
  0.126055E-03  0.197708E+08  0.197708E+08  0.244214E+08  0.244187E+08  0.000000E+00  0.197708E+08
  0.128602E-03  0.197707E+08  0.197707E+08  0.243449E+08  0.243421E+08  0.000000E+00  0.197707E+08
  0.131199E-03  0.197705E+08  0.197705E+08  0.242655E+08  0.242626E+08  0.000000E+00  0.197705E+08
  0.133850E-03  0.197704E+08  0.197704E+08  0.241831E+08  0.241801E+08  0.000000E+00  0.197704E+08
  0.136554E-03  0.197702E+08  0.197702E+08  0.240976E+08  0.240946E+08  0.000000E+00  0.197702E+08
  0.139312E-03  0.197700E+08  0.197700E+08  0.240089E+08  0.240058E+08  0.000000E+00  0.197700E+08
  0.142127E-03  0.197698E+08  0.197698E+08  0.239169E+08  0.239137E+08  0.000000E+00  0.197698E+08
  0.144998E-03  0.197696E+08  0.197696E+08  0.238216E+08  0.238182E+08  0.000000E+00  0.197696E+08
  0.147927E-03  0.197694E+08  0.197694E+08  0.237226E+08  0.237192E+08  0.000000E+00  0.197694E+08
  0.150915E-03  0.197692E+08  0.197692E+08  0.236201E+08  0.236165E+08  0.000000E+00  0.197692E+08
  0.153964E-03  0.197690E+08  0.197690E+08  0.235138E+08  0.235101E+08  0.000000E+00  0.197690E+08
  0.157074E-03  0.197688E+08  0.197688E+08  0.234036E+08  0.233998E+08  0.000000E+00  0.197688E+08
  0.160247E-03  0.197685E+08  0.197685E+08  0.232894E+08  0.232855E+08  0.000000E+00  0.197685E+08
  0.163485E-03  0.197683E+08  0.197683E+08  0.231711E+08  0.231671E+08  0.000000E+00  0.197683E+08
  0.166787E-03  0.197680E+08  0.197680E+08  0.230486E+08  0.230444E+08  0.000000E+00  0.197680E+08
  0.170157E-03  0.197678E+08  0.197678E+08  0.229217E+08  0.229174E+08  0.000000E+00  0.197678E+08
  0.173594E-03  0.197675E+08  0.197675E+08  0.227903E+08  0.227859E+08  0.000000E+00  0.197675E+08
  0.177101E-03  0.197672E+08  0.197672E+08  0.226543E+08  0.226497E+08  0.000000E+00  0.197672E+08
  0.180678E-03  0.197669E+08  0.197669E+08  0.225135E+08  0.225088E+08  0.000000E+00  0.197669E+08
  0.184328E-03  0.197666E+08  0.197666E+08  0.223678E+08  0.223630E+08  0.000000E+00  0.197666E+08
  0.188052E-03  0.197663E+08  0.197663E+08  0.222171E+08  0.222121E+08  0.000000E+00  0.197663E+08
  0.191851E-03  0.197659E+08  0.197659E+08  0.220612E+08  0.220561E+08  0.000000E+00  0.197659E+08
  0.195727E-03  0.197656E+08  0.197656E+08  0.219001E+08  0.218948E+08  0.000000E+00  0.197656E+08
  0.199681E-03  0.197652E+08  0.197652E+08  0.217335E+08  0.217281E+08  0.000000E+00  0.197652E+08
  0.203714E-03  0.197648E+08  0.197648E+08  0.215613E+08  0.215558E+08  0.000000E+00  0.197648E+08
  0.207830E-03  0.197644E+08  0.197644E+08  0.213834E+08  0.213778E+08  0.000000E+00  0.197644E+08
  0.212028E-03  0.197640E+08  0.197640E+08  0.211998E+08  0.211940E+08  0.000000E+00  0.197640E+08
  0.216311E-03  0.197636E+08  0.197636E+08  0.210101E+08  0.210043E+08  0.000000E+00  0.197636E+08
  0.220681E-03  0.197632E+08  0.197632E+08  0.208144E+08  0.208084E+08  0.000000E+00  0.197632E+08
  0.225139E-03  0.197627E+08  0.197627E+08  0.206125E+08  0.206064E+08  0.000000E+00  0.197627E+08
  0.229687E-03  0.197622E+08  0.197622E+08  0.204042E+08  0.203980E+08  0.000000E+00  0.197622E+08
  0.234327E-03  0.197617E+08  0.197617E+08  0.201896E+08  0.201832E+08  0.000000E+00  0.197617E+08
  0.239061E-03  0.197612E+08  0.197612E+08  0.199683E+08  0.199618E+08  0.000000E+00  0.197612E+08
  0.243890E-03  0.197607E+08  0.197607E+08  0.197404E+08  0.197339E+08  0.000000E+00  0.197607E+08
  0.248817E-03  0.197601E+08  0.197601E+08  0.195058E+08  0.194991E+08  0.000000E+00  0.197601E+08
  0.253844E-03  0.197595E+08  0.197595E+08  0.192643E+08  0.192575E+08  0.000000E+00  0.197595E+08
  0.258972E-03  0.197589E+08  0.197589E+08  0.190159E+08  0.190091E+08  0.000000E+00  0.197589E+08
  0.264203E-03  0.197583E+08  0.197583E+08  0.187605E+08  0.187536E+08  0.000000E+00  0.197583E+08
  0.269541E-03  0.197576E+08  0.197576E+08  0.184980E+08  0.184911E+08  0.000000E+00  0.197576E+08
  0.274986E-03  0.197570E+08  0.197569E+08  0.182285E+08  0.182215E+08  0.000000E+00  0.197570E+08
  0.280541E-03  0.197563E+08  0.197562E+08  0.179518E+08  0.179448E+08  0.000000E+00  0.197562E+08
  0.286208E-03  0.197555E+08  0.197555E+08  0.176679E+08  0.176609E+08  0.000000E+00  0.197555E+08
  0.291990E-03  0.197548E+08  0.197547E+08  0.173769E+08  0.173699E+08  0.000000E+00  0.197548E+08
  0.297888E-03  0.197540E+08  0.197540E+08  0.170787E+08  0.170718E+08  0.000000E+00  0.197540E+08
  0.303906E-03  0.197531E+08  0.197531E+08  0.167735E+08  0.167666E+08  0.000000E+00  0.197531E+08
  0.310045E-03  0.197523E+08  0.197523E+08  0.164611E+08  0.164543E+08  0.000000E+00  0.197523E+08
  0.316309E-03  0.197514E+08  0.197514E+08  0.161418E+08  0.161351E+08  0.000000E+00  0.197514E+08
  0.322699E-03  0.197505E+08  0.197505E+08  0.158155E+08  0.158090E+08  0.000000E+00  0.197505E+08
  0.329218E-03  0.197495E+08  0.197495E+08  0.154825E+08  0.154761E+08  0.000000E+00  0.197495E+08
  0.335868E-03  0.197485E+08  0.197485E+08  0.151429E+08  0.151367E+08  0.000000E+00  0.197485E+08
  0.342653E-03  0.197475E+08  0.197475E+08  0.147968E+08  0.147908E+08  0.000000E+00  0.197475E+08
  0.349575E-03  0.197464E+08  0.197464E+08  0.144445E+08  0.144388E+08  0.000000E+00  0.197464E+08
  0.356637E-03  0.197453E+08  0.197453E+08  0.140862E+08  0.140808E+08  0.000000E+00  0.197453E+08
  0.363842E-03  0.197442E+08  0.197442E+08  0.137221E+08  0.137171E+08  0.000000E+00  0.197442E+08
  0.371192E-03  0.197430E+08  0.197430E+08  0.133526E+08  0.133480E+08  0.000000E+00  0.197430E+08
  0.378690E-03  0.197417E+08  0.197417E+08  0.129780E+08  0.129738E+08  0.000000E+00  0.197417E+08
  0.386340E-03  0.197404E+08  0.197404E+08  0.125987E+08  0.125950E+08  0.000000E+00  0.197404E+08
  0.394145E-03  0.197391E+08  0.197391E+08  0.122151E+08  0.122119E+08  0.000000E+00  0.197391E+08
  0.402107E-03  0.197377E+08  0.197377E+08  0.118277E+08  0.118251E+08  0.000000E+00  0.197377E+08
  0.410230E-03  0.197363E+08  0.197363E+08  0.114369E+08  0.114350E+08  0.000000E+00  0.197363E+08
  0.418518E-03  0.197348E+08  0.197348E+08  0.110432E+08  0.110421E+08  0.000000E+00  0.197348E+08
  0.426972E-03  0.197332E+08  0.197332E+08  0.106474E+08  0.106470E+08  0.000000E+00  0.197332E+08
  0.435598E-03  0.197316E+08  0.197316E+08  0.102499E+08  0.102504E+08  0.000000E+00  0.197316E+08
  0.444397E-03  0.197300E+08  0.197299E+08  0.985141E+07  0.985284E+07  0.000000E+00  0.197300E+08
  0.453375E-03  0.197282E+08  0.197282E+08  0.945268E+07  0.945511E+07  0.000000E+00  0.197282E+08
  0.462533E-03  0.197264E+08  0.197264E+08  0.905440E+07  0.905791E+07  0.000000E+00  0.197264E+08
  0.471877E-03  0.197246E+08  0.197246E+08  0.865737E+07  0.866203E+07  0.000000E+00  0.197246E+08
  0.481410E-03  0.197227E+08  0.197226E+08  0.826237E+07  0.826826E+07  0.000000E+00  0.197227E+08
  0.491135E-03  0.197207E+08  0.197207E+08  0.787025E+07  0.787745E+07  0.000000E+00  0.197207E+08
  0.501056E-03  0.197186E+08  0.197186E+08  0.748189E+07  0.749047E+07  0.000000E+00  0.197186E+08
  0.511179E-03  0.197165E+08  0.197164E+08  0.709816E+07  0.710820E+07  0.000000E+00  0.197165E+08
  0.521505E-03  0.197143E+08  0.197142E+08  0.671998E+07  0.673157E+07  0.000000E+00  0.197143E+08
  0.532040E-03  0.197120E+08  0.197119E+08  0.634829E+07  0.636149E+07  0.000000E+00  0.197120E+08
  0.542788E-03  0.197096E+08  0.197096E+08  0.598402E+07  0.599890E+07  0.000000E+00  0.197096E+08
  0.553753E-03  0.197071E+08  0.197071E+08  0.562809E+07  0.564473E+07  0.000000E+00  0.197071E+08
  0.564940E-03  0.197046E+08  0.197046E+08  0.528146E+07  0.529992E+07  0.000000E+00  0.197046E+08
  0.576352E-03  0.197020E+08  0.197019E+08  0.494502E+07  0.496536E+07  0.000000E+00  0.197020E+08
  0.587995E-03  0.196992E+08  0.196992E+08  0.461968E+07  0.464196E+07  0.000000E+00  0.196992E+08
  0.599873E-03  0.196964E+08  0.196964E+08  0.430628E+07  0.433056E+07  0.000000E+00  0.196964E+08
  0.611992E-03  0.196935E+08  0.196935E+08  0.400566E+07  0.403196E+07  0.000000E+00  0.196935E+08
  0.624355E-03  0.196905E+08  0.196904E+08  0.371856E+07  0.374693E+07  0.000000E+00  0.196905E+08
  0.636968E-03  0.196874E+08  0.196873E+08  0.344569E+07  0.347614E+07  0.000000E+00  0.196874E+08
  0.649835E-03  0.196842E+08  0.196841E+08  0.318765E+07  0.322020E+07  0.000000E+00  0.196841E+08
  0.662963E-03  0.196808E+08  0.196808E+08  0.294497E+07  0.297962E+07  0.000000E+00  0.196808E+08
  0.676355E-03  0.196774E+08  0.196773E+08  0.271809E+07  0.275482E+07  0.000000E+00  0.196774E+08
  0.690019E-03  0.196738E+08  0.196738E+08  0.250730E+07  0.254610E+07  0.000000E+00  0.196738E+08
  0.703958E-03  0.196701E+08  0.196701E+08  0.231281E+07  0.235362E+07  0.000000E+00  0.196701E+08
  0.718179E-03  0.196663E+08  0.196663E+08  0.213467E+07  0.217744E+07  0.000000E+00  0.196663E+08
  0.732687E-03  0.196624E+08  0.196624E+08  0.197280E+07  0.201745E+07  0.000000E+00  0.196624E+08
  0.747489E-03  0.196584E+08  0.196583E+08  0.182696E+07  0.187340E+07  0.000000E+00  0.196584E+08
  0.762589E-03  0.196542E+08  0.196541E+08  0.169678E+07  0.174491E+07  0.000000E+00  0.196542E+08
  0.777994E-03  0.196499E+08  0.196498E+08  0.158172E+07  0.163140E+07  0.000000E+00  0.196499E+08
  0.793711E-03  0.196454E+08  0.196454E+08  0.148108E+07  0.153218E+07  0.000000E+00  0.196454E+08
  0.809745E-03  0.196408E+08  0.196408E+08  0.139403E+07  0.144639E+07  0.000000E+00  0.196408E+08
  0.826103E-03  0.196361E+08  0.196360E+08  0.131957E+07  0.137302E+07  0.000000E+00  0.196361E+08
  0.842791E-03  0.196312E+08  0.196311E+08  0.125659E+07  0.131094E+07  0.000000E+00  0.196312E+08
  0.859816E-03  0.196262E+08  0.196261E+08  0.120384E+07  0.125890E+07  0.000000E+00  0.196261E+08
  0.877186E-03  0.196210E+08  0.196209E+08  0.115998E+07  0.121554E+07  0.000000E+00  0.196209E+08
  0.894906E-03  0.196156E+08  0.196155E+08  0.112359E+07  0.117944E+07  0.000000E+00  0.196156E+08
  0.912984E-03  0.196101E+08  0.196100E+08  0.109319E+07  0.114911E+07  0.000000E+00  0.196100E+08
  0.931428E-03  0.196044E+08  0.196043E+08  0.106730E+07  0.112307E+07  0.000000E+00  0.196043E+08
  0.950244E-03  0.195985E+08  0.195984E+08  0.104442E+07  0.109981E+07  0.000000E+00  0.195985E+08
  0.969440E-03  0.195924E+08  0.195923E+08  0.102310E+07  0.107792E+07  0.000000E+00  0.195924E+08
  0.989024E-03  0.195862E+08  0.195861E+08  0.100199E+07  0.105603E+07  0.000000E+00  0.195862E+08
  0.100900E-02  0.195798E+08  0.195797E+08  0.979844E+06  0.103291E+07  0.000000E+00  0.195798E+08
  0.102939E-02  0.195732E+08  0.195731E+08  0.955569E+06  0.100749E+07  0.000000E+00  0.195732E+08
  0.105018E-02  0.195664E+08  0.195662E+08  0.928268E+06  0.978895E+06  0.000000E+00  0.195663E+08
  0.107140E-02  0.195594E+08  0.195592E+08  0.897261E+06  0.946466E+06  0.000000E+00  0.195593E+08
  0.109304E-02  0.195521E+08  0.195520E+08  0.862111E+06  0.909794E+06  0.000000E+00  0.195521E+08
  0.111512E-02  0.195447E+08  0.195446E+08  0.822643E+06  0.868731E+06  0.000000E+00  0.195447E+08
  0.113765E-02  0.195370E+08  0.195369E+08  0.778952E+06  0.823403E+06  0.000000E+00  0.195370E+08
  0.116063E-02  0.195292E+08  0.195290E+08  0.731402E+06  0.774204E+06  0.000000E+00  0.195291E+08
  0.118408E-02  0.195211E+08  0.195209E+08  0.680612E+06  0.721781E+06  0.000000E+00  0.195210E+08
  0.120800E-02  0.195127E+08  0.195126E+08  0.627430E+06  0.667011E+06  0.000000E+00  0.195127E+08
  0.123240E-02  0.195042E+08  0.195040E+08  0.572894E+06  0.610958E+06  0.000000E+00  0.195041E+08
  0.125730E-02  0.194953E+08  0.194952E+08  0.518189E+06  0.554828E+06  0.000000E+00  0.194953E+08
  0.128270E-02  0.194863E+08  0.194861E+08  0.464575E+06  0.499901E+06  0.000000E+00  0.194862E+08
  0.130861E-02  0.194769E+08  0.194767E+08  0.413329E+06  0.447466E+06  0.000000E+00  0.194769E+08
  0.133504E-02  0.194673E+08  0.194671E+08  0.365664E+06  0.398745E+06  0.000000E+00  0.194673E+08
  0.136201E-02  0.194574E+08  0.194572E+08  0.322656E+06  0.354818E+06  0.000000E+00  0.194574E+08
  0.138953E-02  0.194473E+08  0.194471E+08  0.285172E+06  0.316548E+06  0.000000E+00  0.194473E+08
  0.141760E-02  0.194369E+08  0.194366E+08  0.253804E+06  0.284525E+06  0.000000E+00  0.194368E+08
  0.144623E-02  0.194261E+08  0.194259E+08  0.228821E+06  0.259005E+06  0.000000E+00  0.194261E+08
  0.147545E-02  0.194151E+08  0.194149E+08  0.210133E+06  0.239891E+06  0.000000E+00  0.194151E+08
  0.150526E-02  0.194038E+08  0.194035E+08  0.197290E+06  0.226721E+06  0.000000E+00  0.194038E+08
  0.153567E-02  0.193922E+08  0.193919E+08  0.189493E+06  0.218686E+06  0.000000E+00  0.193921E+08
  0.156669E-02  0.193802E+08  0.193799E+08  0.185649E+06  0.214686E+06  0.000000E+00  0.193802E+08
  0.159834E-02  0.193679E+08  0.193676E+08  0.000000E+00  0.000000E+00  0.000000E+00  0.193679E+08
  0.163063E-02  0.193553E+08  0.193550E+08  0.000000E+00  0.000000E+00  0.000000E+00  0.193552E+08
  0.166357E-02  0.193423E+08  0.193420E+08  0.000000E+00  0.000000E+00  0.000000E+00  0.193423E+08
  0.169717E-02  0.193290E+08  0.193287E+08  0.000000E+00  0.000000E+00  0.000000E+00  0.193290E+08
  0.173146E-02  0.193154E+08  0.193150E+08  0.000000E+00  0.000000E+00  0.000000E+00  0.193153E+08
  0.176644E-02  0.193013E+08  0.193010E+08  0.000000E+00  0.000000E+00  0.000000E+00  0.193013E+08
  0.180212E-02  0.192869E+08  0.192866E+08  0.000000E+00  0.000000E+00  0.000000E+00  0.192869E+08
  0.183852E-02  0.192721E+08  0.192717E+08  0.000000E+00  0.000000E+00  0.000000E+00  0.192721E+08
  0.187567E-02  0.192570E+08  0.192566E+08  0.000000E+00  0.000000E+00  0.000000E+00  0.192569E+08
  0.191356E-02  0.192414E+08  0.192410E+08  0.000000E+00  0.000000E+00  0.000000E+00  0.192413E+08
  0.195221E-02  0.192254E+08  0.192250E+08  0.000000E+00  0.000000E+00  0.000000E+00  0.192253E+08
  0.199165E-02  0.192090E+08  0.192086E+08  0.000000E+00  0.000000E+00  0.000000E+00  0.192089E+08
  0.203188E-02  0.191922E+08  0.191917E+08  0.000000E+00  0.000000E+00  0.000000E+00  0.191921E+08
  0.207293E-02  0.191749E+08  0.191745E+08  0.000000E+00  0.000000E+00  0.000000E+00  0.191749E+08
  0.211481E-02  0.191572E+08  0.191567E+08  0.000000E+00  0.000000E+00  0.000000E+00  0.191572E+08
  0.215753E-02  0.191391E+08  0.191386E+08  0.000000E+00  0.000000E+00  0.000000E+00  0.191390E+08
  0.220111E-02  0.191205E+08  0.191200E+08  0.000000E+00  0.000000E+00  0.000000E+00  0.191204E+08
  0.224558E-02  0.191014E+08  0.191009E+08  0.000000E+00  0.000000E+00  0.000000E+00  0.191013E+08
  0.229094E-02  0.190819E+08  0.190813E+08  0.000000E+00  0.000000E+00  0.000000E+00  0.190818E+08
  0.233722E-02  0.190618E+08  0.190612E+08  0.000000E+00  0.000000E+00  0.000000E+00  0.190617E+08
  0.238444E-02  0.190413E+08  0.190407E+08  0.000000E+00  0.000000E+00  0.000000E+00  0.190412E+08
  0.243261E-02  0.190202E+08  0.190196E+08  0.000000E+00  0.000000E+00  0.000000E+00  0.190201E+08
  0.248175E-02  0.189987E+08  0.189980E+08  0.000000E+00  0.000000E+00  0.000000E+00  0.189986E+08
  0.253188E-02  0.189766E+08  0.189759E+08  0.000000E+00  0.000000E+00  0.000000E+00  0.189765E+08
  0.258303E-02  0.189539E+08  0.189532E+08  0.000000E+00  0.000000E+00  0.000000E+00  0.189538E+08
  0.263521E-02  0.189308E+08  0.189300E+08  0.000000E+00  0.000000E+00  0.000000E+00  0.189306E+08
  0.268845E-02  0.189070E+08  0.189062E+08  0.000000E+00  0.000000E+00  0.000000E+00  0.189069E+08
  0.274276E-02  0.188827E+08  0.188819E+08  0.000000E+00  0.000000E+00  0.000000E+00  0.188826E+08
  0.279816E-02  0.188578E+08  0.188570E+08  0.000000E+00  0.000000E+00  0.000000E+00  0.188577E+08
  0.285469E-02  0.188324E+08  0.188315E+08  0.000000E+00  0.000000E+00  0.000000E+00  0.188322E+08
  0.291236E-02  0.188063E+08  0.188054E+08  0.000000E+00  0.000000E+00  0.000000E+00  0.188061E+08
  0.297119E-02  0.187796E+08  0.187786E+08  0.000000E+00  0.000000E+00  0.000000E+00  0.187794E+08
  0.303121E-02  0.187523E+08  0.187513E+08  0.000000E+00  0.000000E+00  0.000000E+00  0.187521E+08
  0.309245E-02  0.187244E+08  0.187233E+08  0.000000E+00  0.000000E+00  0.000000E+00  0.187242E+08
  0.315492E-02  0.186958E+08  0.186947E+08  0.000000E+00  0.000000E+00  0.000000E+00  0.186956E+08
  0.321865E-02  0.186665E+08  0.186654E+08  0.000000E+00  0.000000E+00  0.000000E+00  0.186663E+08
  0.328368E-02  0.186366E+08  0.186354E+08  0.000000E+00  0.000000E+00  0.000000E+00  0.186364E+08
  0.335001E-02  0.186060E+08  0.186048E+08  0.000000E+00  0.000000E+00  0.000000E+00  0.186058E+08
  0.341769E-02  0.185748E+08  0.185735E+08  0.000000E+00  0.000000E+00  0.000000E+00  0.185746E+08
  0.348673E-02  0.185428E+08  0.185415E+08  0.000000E+00  0.000000E+00  0.000000E+00  0.185426E+08
  0.355716E-02  0.185101E+08  0.185087E+08  0.000000E+00  0.000000E+00  0.000000E+00  0.185099E+08
  0.362902E-02  0.184767E+08  0.184753E+08  0.000000E+00  0.000000E+00  0.000000E+00  0.184765E+08
  0.370233E-02  0.184426E+08  0.184411E+08  0.000000E+00  0.000000E+00  0.000000E+00  0.184423E+08
  0.377713E-02  0.184077E+08  0.184061E+08  0.000000E+00  0.000000E+00  0.000000E+00  0.184074E+08
  0.385343E-02  0.183720E+08  0.183704E+08  0.000000E+00  0.000000E+00  0.000000E+00  0.183718E+08
  0.393127E-02  0.183356E+08  0.183340E+08  0.000000E+00  0.000000E+00  0.000000E+00  0.183354E+08
  0.401069E-02  0.182984E+08  0.182967E+08  0.000000E+00  0.000000E+00  0.000000E+00  0.182982E+08
  0.409171E-02  0.182605E+08  0.182587E+08  0.000000E+00  0.000000E+00  0.000000E+00  0.182602E+08
  0.417437E-02  0.182217E+08  0.182198E+08  0.000000E+00  0.000000E+00  0.000000E+00  0.182214E+08
  0.425870E-02  0.181821E+08  0.181801E+08  0.000000E+00  0.000000E+00  0.000000E+00  0.181818E+08
  0.434473E-02  0.181416E+08  0.181396E+08  0.000000E+00  0.000000E+00  0.000000E+00  0.181413E+08
  0.443250E-02  0.181004E+08  0.180983E+08  0.000000E+00  0.000000E+00  0.000000E+00  0.181000E+08
  0.452204E-02  0.180582E+08  0.180561E+08  0.000000E+00  0.000000E+00  0.000000E+00  0.180579E+08
  0.461339E-02  0.180153E+08  0.180130E+08  0.000000E+00  0.000000E+00  0.000000E+00  0.180149E+08
  0.470659E-02  0.179714E+08  0.179691E+08  0.000000E+00  0.000000E+00  0.000000E+00  0.179710E+08
  0.480167E-02  0.179267E+08  0.179242E+08  0.000000E+00  0.000000E+00  0.000000E+00  0.179263E+08
  0.489867E-02  0.178810E+08  0.178785E+08  0.000000E+00  0.000000E+00  0.000000E+00  0.178806E+08
  0.499763E-02  0.178345E+08  0.178318E+08  0.000000E+00  0.000000E+00  0.000000E+00  0.178341E+08
  0.509859E-02  0.177870E+08  0.177843E+08  0.000000E+00  0.000000E+00  0.000000E+00  0.177866E+08
  0.520158E-02  0.177386E+08  0.177358E+08  0.000000E+00  0.000000E+00  0.000000E+00  0.177381E+08
  0.530666E-02  0.176892E+08  0.176863E+08  0.000000E+00  0.000000E+00  0.000000E+00  0.176888E+08
  0.541387E-02  0.176389E+08  0.176359E+08  0.000000E+00  0.000000E+00  0.000000E+00  0.176384E+08
  0.552324E-02  0.175876E+08  0.175844E+08  0.000000E+00  0.000000E+00  0.000000E+00  0.175871E+08
  0.563481E-02  0.175353E+08  0.175321E+08  0.000000E+00  0.000000E+00  0.000000E+00  0.175348E+08
  0.574864E-02  0.174821E+08  0.174787E+08  0.000000E+00  0.000000E+00  0.000000E+00  0.174815E+08
  0.586477E-02  0.174278E+08  0.174243E+08  0.000000E+00  0.000000E+00  0.000000E+00  0.174272E+08
  0.598325E-02  0.173725E+08  0.173688E+08  0.000000E+00  0.000000E+00  0.000000E+00  0.173719E+08
  0.610412E-02  0.173162E+08  0.173124E+08  0.000000E+00  0.000000E+00  0.000000E+00  0.173156E+08
  0.622743E-02  0.172588E+08  0.172548E+08  0.000000E+00  0.000000E+00  0.000000E+00  0.172582E+08
  0.635323E-02  0.172004E+08  0.171963E+08  0.000000E+00  0.000000E+00  0.000000E+00  0.171997E+08
  0.648158E-02  0.171409E+08  0.171366E+08  0.000000E+00  0.000000E+00  0.000000E+00  0.171402E+08
  0.661251E-02  0.170803E+08  0.170759E+08  0.000000E+00  0.000000E+00  0.000000E+00  0.170796E+08
  0.674609E-02  0.170187E+08  0.170140E+08  0.000000E+00  0.000000E+00  0.000000E+00  0.170179E+08
  0.688237E-02  0.169559E+08  0.169511E+08  0.000000E+00  0.000000E+00  0.000000E+00  0.169551E+08
  0.702141E-02  0.168920E+08  0.168870E+08  0.000000E+00  0.000000E+00  0.000000E+00  0.168912E+08
  0.716325E-02  0.168270E+08  0.168218E+08  0.000000E+00  0.000000E+00  0.000000E+00  0.168262E+08
  0.730796E-02  0.167608E+08  0.167555E+08  0.000000E+00  0.000000E+00  0.000000E+00  0.167600E+08
  0.745559E-02  0.166935E+08  0.166880E+08  0.000000E+00  0.000000E+00  0.000000E+00  0.166926E+08
  0.760620E-02  0.166250E+08  0.166193E+08  0.000000E+00  0.000000E+00  0.000000E+00  0.166241E+08
  0.775985E-02  0.165554E+08  0.165494E+08  0.000000E+00  0.000000E+00  0.000000E+00  0.165545E+08
  0.791661E-02  0.164845E+08  0.164784E+08  0.000000E+00  0.000000E+00  0.000000E+00  0.164836E+08
  0.807654E-02  0.164125E+08  0.164061E+08  0.000000E+00  0.000000E+00  0.000000E+00  0.164115E+08
  0.823970E-02  0.163392E+08  0.163326E+08  0.000000E+00  0.000000E+00  0.000000E+00  0.163382E+08
  0.840615E-02  0.162648E+08  0.162578E+08  0.000000E+00  0.000000E+00  0.000000E+00  0.162637E+08
  0.857596E-02  0.161890E+08  0.161819E+08  0.000000E+00  0.000000E+00  0.000000E+00  0.161879E+08
  0.874921E-02  0.161126E+08  0.161052E+08  0.000000E+00  0.000000E+00  0.000000E+00  0.161114E+08
  0.892595E-02  0.160346E+08  0.160269E+08  0.000000E+00  0.000000E+00  0.000000E+00  0.160334E+08
  0.910628E-02  0.159553E+08  0.159473E+08  0.000000E+00  0.000000E+00  0.000000E+00  0.159540E+08
  0.929023E-02  0.158747E+08  0.158665E+08  0.000000E+00  0.000000E+00  0.000000E+00  0.158734E+08
  0.947791E-02  0.157929E+08  0.157843E+08  0.000000E+00  0.000000E+00  0.000000E+00  0.157916E+08
  0.966938E-02  0.157098E+08  0.157009E+08  0.000000E+00  0.000000E+00  0.000000E+00  0.157084E+08
  0.986471E-02  0.156253E+08  0.156161E+08  0.000000E+00  0.000000E+00  0.000000E+00  0.156239E+08
  0.100640E-01  0.155396E+08  0.155301E+08  0.000000E+00  0.000000E+00  0.000000E+00  0.155381E+08
  0.102673E-01  0.154525E+08  0.154427E+08  0.000000E+00  0.000000E+00  0.000000E+00  0.154510E+08
  0.104747E-01  0.153642E+08  0.153539E+08  0.000000E+00  0.000000E+00  0.000000E+00  0.153626E+08
  0.106863E-01  0.152744E+08  0.152638E+08  0.000000E+00  0.000000E+00  0.000000E+00  0.152728E+08
  0.109022E-01  0.151833E+08  0.151723E+08  0.000000E+00  0.000000E+00  0.000000E+00  0.151816E+08
  0.111224E-01  0.150909E+08  0.150795E+08  0.000000E+00  0.000000E+00  0.000000E+00  0.150891E+08
  0.113471E-01  0.149932E+08  0.149814E+08  0.000000E+00  0.000000E+00  0.000000E+00  0.149914E+08
  0.115763E-01  0.148977E+08  0.148856E+08  0.000000E+00  0.000000E+00  0.000000E+00  0.148958E+08
  0.118102E-01  0.148009E+08  0.147883E+08  0.000000E+00  0.000000E+00  0.000000E+00  0.147989E+08
  0.120488E-01  0.147026E+08  0.146895E+08  0.000000E+00  0.000000E+00  0.000000E+00  0.147005E+08
  0.122922E-01  0.146029E+08  0.145894E+08  0.000000E+00  0.000000E+00  0.000000E+00  0.146007E+08
  0.125405E-01  0.145017E+08  0.144877E+08  0.000000E+00  0.000000E+00  0.000000E+00  0.144995E+08
  0.127938E-01  0.143991E+08  0.143847E+08  0.000000E+00  0.000000E+00  0.000000E+00  0.143968E+08
  0.130523E-01  0.142951E+08  0.142801E+08  0.000000E+00  0.000000E+00  0.000000E+00  0.142927E+08
  0.133160E-01  0.141895E+08  0.141741E+08  0.000000E+00  0.000000E+00  0.000000E+00  0.141871E+08
  0.135850E-01  0.140826E+08  0.140666E+08  0.000000E+00  0.000000E+00  0.000000E+00  0.140801E+08
  0.138594E-01  0.139770E+08  0.139605E+08  0.000000E+00  0.000000E+00  0.000000E+00  0.139744E+08
  0.141394E-01  0.138672E+08  0.138502E+08  0.000000E+00  0.000000E+00  0.000000E+00  0.138645E+08
  0.144250E-01  0.137559E+08  0.137383E+08  0.000000E+00  0.000000E+00  0.000000E+00  0.137532E+08
  0.147164E-01  0.136432E+08  0.136250E+08  0.000000E+00  0.000000E+00  0.000000E+00  0.136403E+08
  0.150137E-01  0.135289E+08  0.135102E+08  0.000000E+00  0.000000E+00  0.000000E+00  0.135260E+08
  0.153170E-01  0.134132E+08  0.133939E+08  0.000000E+00  0.000000E+00  0.000000E+00  0.134102E+08
  0.156264E-01  0.132960E+08  0.132761E+08  0.000000E+00  0.000000E+00  0.000000E+00  0.132929E+08
  0.159421E-01  0.131773E+08  0.131568E+08  0.000000E+00  0.000000E+00  0.000000E+00  0.131741E+08
  0.162642E-01  0.130562E+08  0.130350E+08  0.000000E+00  0.000000E+00  0.000000E+00  0.130529E+08
  0.165927E-01  0.129345E+08  0.129127E+08  0.000000E+00  0.000000E+00  0.000000E+00  0.129311E+08
  0.169279E-01  0.128114E+08  0.127888E+08  0.000000E+00  0.000000E+00  0.000000E+00  0.128079E+08
  0.172699E-01  0.126867E+08  0.126635E+08  0.000000E+00  0.000000E+00  0.000000E+00  0.126831E+08
  0.176187E-01  0.125607E+08  0.125368E+08  0.000000E+00  0.000000E+00  0.000000E+00  0.125569E+08
  0.179747E-01  0.124331E+08  0.124085E+08  0.000000E+00  0.000000E+00  0.000000E+00  0.124293E+08
  0.183378E-01  0.123041E+08  0.122788E+08  0.000000E+00  0.000000E+00  0.000000E+00  0.123002E+08
  0.187082E-01  0.121739E+08  0.121479E+08  0.000000E+00  0.000000E+00  0.000000E+00  0.121699E+08
  0.190862E-01  0.120421E+08  0.120154E+08  0.000000E+00  0.000000E+00  0.000000E+00  0.120380E+08
  0.194717E-01  0.119090E+08  0.118815E+08  0.000000E+00  0.000000E+00  0.000000E+00  0.119047E+08
  0.198651E-01  0.117745E+08  0.117462E+08  0.000000E+00  0.000000E+00  0.000000E+00  0.117701E+08
  0.202664E-01  0.116386E+08  0.116096E+08  0.000000E+00  0.000000E+00  0.000000E+00  0.116341E+08
  0.206758E-01  0.115015E+08  0.114717E+08  0.000000E+00  0.000000E+00  0.000000E+00  0.114968E+08
  0.210935E-01  0.113631E+08  0.113326E+08  0.000000E+00  0.000000E+00  0.000000E+00  0.113583E+08
  0.215196E-01  0.112235E+08  0.111922E+08  0.000000E+00  0.000000E+00  0.000000E+00  0.112186E+08
  0.219543E-01  0.110827E+08  0.110506E+08  0.000000E+00  0.000000E+00  0.000000E+00  0.110777E+08
  0.223978E-01  0.109408E+08  0.109079E+08  0.000000E+00  0.000000E+00  0.000000E+00  0.109356E+08
  0.228503E-01  0.107978E+08  0.107642E+08  0.000000E+00  0.000000E+00  0.000000E+00  0.107925E+08
  0.233119E-01  0.106538E+08  0.106194E+08  0.000000E+00  0.000000E+00  0.000000E+00  0.106484E+08
  0.237828E-01  0.105088E+08  0.104736E+08  0.000000E+00  0.000000E+00  0.000000E+00  0.105033E+08
  0.242633E-01  0.103629E+08  0.103270E+08  0.000000E+00  0.000000E+00  0.000000E+00  0.103573E+08
  0.247534E-01  0.102162E+08  0.101796E+08  0.000000E+00  0.000000E+00  0.000000E+00  0.102105E+08
  0.252535E-01  0.100688E+08  0.100314E+08  0.000000E+00  0.000000E+00  0.000000E+00  0.100629E+08
  0.257636E-01  0.992065E+07  0.988256E+07  0.000000E+00  0.000000E+00  0.000000E+00  0.991470E+07
  0.262841E-01  0.977197E+07  0.973318E+07  0.000000E+00  0.000000E+00  0.000000E+00  0.976591E+07
  0.268151E-01  0.962281E+07  0.958334E+07  0.000000E+00  0.000000E+00  0.000000E+00  0.961664E+07
  0.273568E-01  0.947328E+07  0.943315E+07  0.000000E+00  0.000000E+00  0.000000E+00  0.946701E+07
  0.279094E-01  0.932347E+07  0.928272E+07  0.000000E+00  0.000000E+00  0.000000E+00  0.931710E+07
  0.284732E-01  0.917351E+07  0.913216E+07  0.000000E+00  0.000000E+00  0.000000E+00  0.916705E+07
  0.290484E-01  0.902352E+07  0.898160E+07  0.000000E+00  0.000000E+00  0.000000E+00  0.901697E+07
  0.296352E-01  0.887361E+07  0.883116E+07  0.000000E+00  0.000000E+00  0.000000E+00  0.886698E+07
  0.302339E-01  0.872393E+07  0.868099E+07  0.000000E+00  0.000000E+00  0.000000E+00  0.871722E+07
  0.308447E-01  0.857461E+07  0.853122E+07  0.000000E+00  0.000000E+00  0.000000E+00  0.856783E+07
  0.314678E-01  0.842580E+07  0.838201E+07  0.000000E+00  0.000000E+00  0.000000E+00  0.841896E+07
  0.321035E-01  0.827764E+07  0.823350E+07  0.000000E+00  0.000000E+00  0.000000E+00  0.827074E+07
  0.327520E-01  0.813030E+07  0.808586E+07  0.000000E+00  0.000000E+00  0.000000E+00  0.812335E+07
  0.334136E-01  0.798391E+07  0.793923E+07  0.000000E+00  0.000000E+00  0.000000E+00  0.797693E+07
  0.340886E-01  0.783866E+07  0.779381E+07  0.000000E+00  0.000000E+00  0.000000E+00  0.783166E+07
  0.347773E-01  0.769470E+07  0.764974E+07  0.000000E+00  0.000000E+00  0.000000E+00  0.768768E+07
  0.354798E-01  0.755227E+07  0.750726E+07  0.000000E+00  0.000000E+00  0.000000E+00  0.754524E+07
  0.361966E-01  0.741024E+07  0.736526E+07  0.000000E+00  0.000000E+00  0.000000E+00  0.740321E+07
  0.369278E-01  0.726934E+07  0.722445E+07  0.000000E+00  0.000000E+00  0.000000E+00  0.726232E+07
  0.376738E-01  0.713033E+07  0.708562E+07  0.000000E+00  0.000000E+00  0.000000E+00  0.712335E+07
  0.384348E-01  0.699343E+07  0.694898E+07  0.000000E+00  0.000000E+00  0.000000E+00  0.698649E+07
  0.392113E-01  0.685880E+07  0.681469E+07  0.000000E+00  0.000000E+00  0.000000E+00  0.685190E+07
  0.400034E-01  0.672661E+07  0.668292E+07  0.000000E+00  0.000000E+00  0.000000E+00  0.671978E+07
  0.408115E-01  0.659702E+07  0.655384E+07  0.000000E+00  0.000000E+00  0.000000E+00  0.659028E+07
  0.416359E-01  0.647019E+07  0.642760E+07  0.000000E+00  0.000000E+00  0.000000E+00  0.646354E+07
  0.424770E-01  0.634624E+07  0.630433E+07  0.000000E+00  0.000000E+00  0.000000E+00  0.633969E+07
  0.433351E-01  0.622529E+07  0.618415E+07  0.000000E+00  0.000000E+00  0.000000E+00  0.621887E+07
  0.442106E-01  0.610744E+07  0.606715E+07  0.000000E+00  0.000000E+00  0.000000E+00  0.610114E+07
  0.451037E-01  0.599275E+07  0.595339E+07  0.000000E+00  0.000000E+00  0.000000E+00  0.598660E+07
  0.460148E-01  0.588128E+07  0.584292E+07  0.000000E+00  0.000000E+00  0.000000E+00  0.587528E+07
  0.469444E-01  0.577302E+07  0.573575E+07  0.000000E+00  0.000000E+00  0.000000E+00  0.576720E+07
  0.478927E-01  0.566796E+07  0.563184E+07  0.000000E+00  0.000000E+00  0.000000E+00  0.566232E+07
  0.488602E-01  0.556606E+07  0.553116E+07  0.000000E+00  0.000000E+00  0.000000E+00  0.556061E+07
  0.498473E-01  0.546723E+07  0.543360E+07  0.000000E+00  0.000000E+00  0.000000E+00  0.546197E+07
  0.508542E-01  0.537136E+07  0.533906E+07  0.000000E+00  0.000000E+00  0.000000E+00  0.536631E+07
  0.518816E-01  0.527832E+07  0.524738E+07  0.000000E+00  0.000000E+00  0.000000E+00  0.527349E+07
  0.529297E-01  0.518806E+07  0.515851E+07  0.000000E+00  0.000000E+00  0.000000E+00  0.518344E+07
  0.539989E-01  0.510023E+07  0.507210E+07  0.000000E+00  0.000000E+00  0.000000E+00  0.509584E+07
  0.550898E-01  0.501476E+07  0.498806E+07  0.000000E+00  0.000000E+00  0.000000E+00  0.501059E+07
  0.562026E-01  0.493147E+07  0.490620E+07  0.000000E+00  0.000000E+00  0.000000E+00  0.492752E+07
  0.573380E-01  0.485017E+07  0.482631E+07  0.000000E+00  0.000000E+00  0.000000E+00  0.484644E+07
  0.584963E-01  0.477067E+07  0.474820E+07  0.000000E+00  0.000000E+00  0.000000E+00  0.476716E+07
  0.596780E-01  0.469275E+07  0.467162E+07  0.000000E+00  0.000000E+00  0.000000E+00  0.468945E+07
  0.608836E-01  0.461617E+07  0.459632E+07  0.000000E+00  0.000000E+00  0.000000E+00  0.461307E+07
  0.621135E-01  0.454065E+07  0.452202E+07  0.000000E+00  0.000000E+00  0.000000E+00  0.453774E+07
  0.633683E-01  0.446588E+07  0.444840E+07  0.000000E+00  0.000000E+00  0.000000E+00  0.446315E+07
  0.646484E-01  0.439153E+07  0.437510E+07  0.000000E+00  0.000000E+00  0.000000E+00  0.438896E+07
  0.659544E-01  0.431724E+07  0.430175E+07  0.000000E+00  0.000000E+00  0.000000E+00  0.431482E+07
  0.672868E-01  0.424264E+07  0.422798E+07  0.000000E+00  0.000000E+00  0.000000E+00  0.424035E+07
  0.686460E-01  0.416739E+07  0.415344E+07  0.000000E+00  0.000000E+00  0.000000E+00  0.416521E+07
  0.700328E-01  0.409119E+07  0.407782E+07  0.000000E+00  0.000000E+00  0.000000E+00  0.408910E+07
  0.714475E-01  0.401382E+07  0.400089E+07  0.000000E+00  0.000000E+00  0.000000E+00  0.401180E+07
  0.728909E-01  0.393512E+07  0.392251E+07  0.000000E+00  0.000000E+00  0.000000E+00  0.393315E+07
  0.743634E-01  0.385503E+07  0.384260E+07  0.000000E+00  0.000000E+00  0.000000E+00  0.385309E+07
  0.758656E-01  0.377355E+07  0.376118E+07  0.000000E+00  0.000000E+00  0.000000E+00  0.377162E+07
  0.773982E-01  0.369078E+07  0.367834E+07  0.000000E+00  0.000000E+00  0.000000E+00  0.368883E+07
  0.789618E-01  0.360680E+07  0.359418E+07  0.000000E+00  0.000000E+00  0.000000E+00  0.360483E+07
  0.805568E-01  0.352176E+07  0.350887E+07  0.000000E+00  0.000000E+00  0.000000E+00  0.351974E+07
  0.821842E-01  0.343581E+07  0.342257E+07  0.000000E+00  0.000000E+00  0.000000E+00  0.343374E+07
  0.838444E-01  0.334915E+07  0.333550E+07  0.000000E+00  0.000000E+00  0.000000E+00  0.334702E+07
  0.855382E-01  0.326202E+07  0.324791E+07  0.000000E+00  0.000000E+00  0.000000E+00  0.325982E+07
  0.872663E-01  0.317476E+07  0.316019E+07  0.000000E+00  0.000000E+00  0.000000E+00  0.317248E+07
  0.890291E-01  0.308782E+07  0.307279E+07  0.000000E+00  0.000000E+00  0.000000E+00  0.308547E+07
  0.908277E-01  0.300173E+07  0.298627E+07  0.000000E+00  0.000000E+00  0.000000E+00  0.299932E+07
  0.926625E-01  0.291715E+07  0.290132E+07  0.000000E+00  0.000000E+00  0.000000E+00  0.291468E+07
  0.945344E-01  0.283473E+07  0.281862E+07  0.000000E+00  0.000000E+00  0.000000E+00  0.283222E+07
  0.964441E-01  0.275515E+07  0.273886E+07  0.000000E+00  0.000000E+00  0.000000E+00  0.275261E+07
  0.983924E-01  0.267900E+07  0.266265E+07  0.000000E+00  0.000000E+00  0.000000E+00  0.267644E+07
  0.100380E+00  0.260675E+07  0.259047E+07  0.000000E+00  0.000000E+00  0.000000E+00  0.260420E+07
  0.102408E+00  0.253872E+07  0.252265E+07  0.000000E+00  0.000000E+00  0.000000E+00  0.253621E+07
  0.104477E+00  0.247508E+07  0.245938E+07  0.000000E+00  0.000000E+00  0.000000E+00  0.247263E+07
  0.106587E+00  0.241582E+07  0.240062E+07  0.000000E+00  0.000000E+00  0.000000E+00  0.241344E+07
  0.108740E+00  0.236076E+07  0.234619E+07  0.000000E+00  0.000000E+00  0.000000E+00  0.235849E+07
  0.110937E+00  0.230960E+07  0.229577E+07  0.000000E+00  0.000000E+00  0.000000E+00  0.230744E+07
  0.113178E+00  0.226190E+07  0.224891E+07  0.000000E+00  0.000000E+00  0.000000E+00  0.225987E+07
  0.115465E+00  0.221717E+07  0.220507E+07  0.000000E+00  0.000000E+00  0.000000E+00  0.221528E+07
  0.117797E+00  0.217487E+07  0.216368E+07  0.000000E+00  0.000000E+00  0.000000E+00  0.217312E+07
  0.120177E+00  0.213439E+07  0.212411E+07  0.000000E+00  0.000000E+00  0.000000E+00  0.213278E+07
  0.122604E+00  0.209507E+07  0.208565E+07  0.000000E+00  0.000000E+00  0.000000E+00  0.209359E+07
  0.125081E+00  0.205615E+07  0.204752E+07  0.000000E+00  0.000000E+00  0.000000E+00  0.205480E+07
  0.127608E+00  0.201682E+07  0.200887E+07  0.000000E+00  0.000000E+00  0.000000E+00  0.201558E+07
  0.130186E+00  0.197630E+07  0.196889E+07  0.000000E+00  0.000000E+00  0.000000E+00  0.197514E+07
  0.132816E+00  0.193394E+07  0.192693E+07  0.000000E+00  0.000000E+00  0.000000E+00  0.193285E+07
  0.135499E+00  0.188938E+07  0.188261E+07  0.000000E+00  0.000000E+00  0.000000E+00  0.188833E+07
  0.138236E+00  0.184256E+07  0.183587E+07  0.000000E+00  0.000000E+00  0.000000E+00  0.184151E+07
  0.141029E+00  0.179366E+07  0.178691E+07  0.000000E+00  0.000000E+00  0.000000E+00  0.179260E+07
  0.143878E+00  0.174308E+07  0.173617E+07  0.000000E+00  0.000000E+00  0.000000E+00  0.174200E+07
  0.146784E+00  0.169139E+07  0.168422E+07  0.000000E+00  0.000000E+00  0.000000E+00  0.169027E+07
  0.149750E+00  0.163926E+07  0.163180E+07  0.000000E+00  0.000000E+00  0.000000E+00  0.163809E+07
  0.152775E+00  0.158749E+07  0.157974E+07  0.000000E+00  0.000000E+00  0.000000E+00  0.158628E+07
  0.155861E+00  0.153692E+07  0.152893E+07  0.000000E+00  0.000000E+00  0.000000E+00  0.153567E+07
  0.159009E+00  0.148838E+07  0.148022E+07  0.000000E+00  0.000000E+00  0.000000E+00  0.148711E+07
  0.162222E+00  0.144263E+07  0.143441E+07  0.000000E+00  0.000000E+00  0.000000E+00  0.144135E+07
  0.165499E+00  0.140031E+07  0.139216E+07  0.000000E+00  0.000000E+00  0.000000E+00  0.139904E+07
  0.168842E+00  0.136182E+07  0.135388E+07  0.000000E+00  0.000000E+00  0.000000E+00  0.136058E+07
  0.172253E+00  0.132720E+07  0.131960E+07  0.000000E+00  0.000000E+00  0.000000E+00  0.132601E+07
  0.175733E+00  0.129610E+07  0.128893E+07  0.000000E+00  0.000000E+00  0.000000E+00  0.129498E+07
  0.179283E+00  0.126781E+07  0.126115E+07  0.000000E+00  0.000000E+00  0.000000E+00  0.126677E+07
  0.182904E+00  0.124146E+07  0.123533E+07  0.000000E+00  0.000000E+00  0.000000E+00  0.124050E+07
  0.186599E+00  0.121603E+07  0.121042E+07  0.000000E+00  0.000000E+00  0.000000E+00  0.121515E+07
  0.190369E+00  0.119052E+07  0.118535E+07  0.000000E+00  0.000000E+00  0.000000E+00  0.118971E+07
  0.194215E+00  0.116405E+07  0.115923E+07  0.000000E+00  0.000000E+00  0.000000E+00  0.116329E+07
  0.198138E+00  0.113605E+07  0.113147E+07  0.000000E+00  0.000000E+00  0.000000E+00  0.113533E+07
  0.202141E+00  0.110630E+07  0.110183E+07  0.000000E+00  0.000000E+00  0.000000E+00  0.110560E+07
  0.206224E+00  0.107487E+07  0.107040E+07  0.000000E+00  0.000000E+00  0.000000E+00  0.107417E+07
  0.210390E+00  0.104217E+07  0.103762E+07  0.000000E+00  0.000000E+00  0.000000E+00  0.104145E+07
  0.214640E+00  0.100890E+07  0.100423E+07  0.000000E+00  0.000000E+00  0.000000E+00  0.100817E+07
  0.218976E+00  0.975980E+06  0.971192E+06  0.000000E+00  0.000000E+00  0.000000E+00  0.975232E+06
  0.223400E+00  0.944370E+06  0.939508E+06  0.000000E+00  0.000000E+00  0.000000E+00  0.943610E+06
  0.227913E+00  0.914890E+06  0.910029E+06  0.000000E+00  0.000000E+00  0.000000E+00  0.914131E+06
  0.232517E+00  0.888001E+06  0.883232E+06  0.000000E+00  0.000000E+00  0.000000E+00  0.887256E+06
  0.237214E+00  0.863728E+06  0.859140E+06  0.000000E+00  0.000000E+00  0.000000E+00  0.863011E+06
  0.242006E+00  0.841794E+06  0.837456E+06  0.000000E+00  0.000000E+00  0.000000E+00  0.841116E+06
  0.246895E+00  0.821677E+06  0.817626E+06  0.000000E+00  0.000000E+00  0.000000E+00  0.821044E+06
  0.251883E+00  0.802542E+06  0.798773E+06  0.000000E+00  0.000000E+00  0.000000E+00  0.801953E+06
  0.256971E+00  0.783411E+06  0.779884E+06  0.000000E+00  0.000000E+00  0.000000E+00  0.782860E+06
  0.262162E+00  0.763555E+06  0.760203E+06  0.000000E+00  0.000000E+00  0.000000E+00  0.763031E+06
  0.267458E+00  0.742658E+06  0.739406E+06  0.000000E+00  0.000000E+00  0.000000E+00  0.742150E+06
  0.272861E+00  0.720816E+06  0.717596E+06  0.000000E+00  0.000000E+00  0.000000E+00  0.720313E+06
  0.278374E+00  0.698432E+06  0.695201E+06  0.000000E+00  0.000000E+00  0.000000E+00  0.697928E+06
  0.283997E+00  0.676131E+06  0.672878E+06  0.000000E+00  0.000000E+00  0.000000E+00  0.675623E+06
  0.289734E+00  0.654651E+06  0.651397E+06  0.000000E+00  0.000000E+00  0.000000E+00  0.654143E+06
  0.295587E+00  0.634575E+06  0.631365E+06  0.000000E+00  0.000000E+00  0.000000E+00  0.634073E+06
  0.301558E+00  0.616141E+06  0.613026E+06  0.000000E+00  0.000000E+00  0.000000E+00  0.615654E+06
  0.307650E+00  0.599265E+06  0.596289E+06  0.000000E+00  0.000000E+00  0.000000E+00  0.598800E+06
  0.313865E+00  0.583516E+06  0.580698E+06  0.000000E+00  0.000000E+00  0.000000E+00  0.583075E+06
  0.320206E+00  0.568304E+06  0.565639E+06  0.000000E+00  0.000000E+00  0.000000E+00  0.567888E+06
  0.326674E+00  0.553079E+06  0.550536E+06  0.000000E+00  0.000000E+00  0.000000E+00  0.552681E+06
  0.333273E+00  0.537460E+06  0.534998E+06  0.000000E+00  0.000000E+00  0.000000E+00  0.537075E+06
  0.340006E+00  0.521421E+06  0.519004E+06  0.000000E+00  0.000000E+00  0.000000E+00  0.521043E+06
  0.346875E+00  0.505285E+06  0.502892E+06  0.000000E+00  0.000000E+00  0.000000E+00  0.504911E+06
  0.353882E+00  0.489515E+06  0.487148E+06  0.000000E+00  0.000000E+00  0.000000E+00  0.489145E+06
  0.361031E+00  0.474479E+06  0.472155E+06  0.000000E+00  0.000000E+00  0.000000E+00  0.474116E+06
  0.368324E+00  0.460410E+06  0.458155E+06  0.000000E+00  0.000000E+00  0.000000E+00  0.460058E+06
  0.375765E+00  0.447261E+06  0.445095E+06  0.000000E+00  0.000000E+00  0.000000E+00  0.446923E+06
  0.383356E+00  0.434736E+06  0.432665E+06  0.000000E+00  0.000000E+00  0.000000E+00  0.434413E+06
  0.391100E+00  0.422477E+06  0.420491E+06  0.000000E+00  0.000000E+00  0.000000E+00  0.422167E+06
  0.399001E+00  0.410227E+06  0.408306E+06  0.000000E+00  0.000000E+00  0.000000E+00  0.409926E+06
  0.407061E+00  0.397908E+06  0.396034E+06  0.000000E+00  0.000000E+00  0.000000E+00  0.397615E+06
  0.415284E+00  0.385680E+06  0.383843E+06  0.000000E+00  0.000000E+00  0.000000E+00  0.385393E+06
  0.423674E+00  0.373800E+06  0.372001E+06  0.000000E+00  0.000000E+00  0.000000E+00  0.373519E+06
  0.432232E+00  0.362467E+06  0.360718E+06  0.000000E+00  0.000000E+00  0.000000E+00  0.362194E+06
  0.440964E+00  0.351706E+06  0.350016E+06  0.000000E+00  0.000000E+00  0.000000E+00  0.351442E+06
  0.449872E+00  0.341403E+06  0.339775E+06  0.000000E+00  0.000000E+00  0.000000E+00  0.341148E+06
  0.458960E+00  0.331364E+06  0.329794E+06  0.000000E+00  0.000000E+00  0.000000E+00  0.331119E+06
  0.468232E+00  0.321453E+06  0.319932E+06  0.000000E+00  0.000000E+00  0.000000E+00  0.321215E+06
  0.477691E+00  0.311659E+06  0.310178E+06  0.000000E+00  0.000000E+00  0.000000E+00  0.311427E+06
  0.487341E+00  0.302076E+06  0.300633E+06  0.000000E+00  0.000000E+00  0.000000E+00  0.301851E+06
  0.497186E+00  0.292830E+06  0.291427E+06  0.000000E+00  0.000000E+00  0.000000E+00  0.292610E+06
  0.507229E+00  0.283955E+06  0.282597E+06  0.000000E+00  0.000000E+00  0.000000E+00  0.283743E+06
  0.517476E+00  0.275406E+06  0.274093E+06  0.000000E+00  0.000000E+00  0.000000E+00  0.275200E+06
  0.527930E+00  0.267088E+06  0.265819E+06  0.000000E+00  0.000000E+00  0.000000E+00  0.266890E+06
  0.538595E+00  0.258943E+06  0.257712E+06  0.000000E+00  0.000000E+00  0.000000E+00  0.258751E+06
  0.549475E+00  0.250977E+06  0.249781E+06  0.000000E+00  0.000000E+00  0.000000E+00  0.250790E+06
  0.560575E+00  0.243235E+06  0.242074E+06  0.000000E+00  0.000000E+00  0.000000E+00  0.243053E+06
  0.571899E+00  0.235757E+06  0.234632E+06  0.000000E+00  0.000000E+00  0.000000E+00  0.235582E+06
  0.583453E+00  0.228534E+06  0.227445E+06  0.000000E+00  0.000000E+00  0.000000E+00  0.228364E+06
  0.595239E+00  0.221520E+06  0.220466E+06  0.000000E+00  0.000000E+00  0.000000E+00  0.221355E+06
  0.607264E+00  0.214685E+06  0.213663E+06  0.000000E+00  0.000000E+00  0.000000E+00  0.214525E+06
  0.619531E+00  0.208029E+06  0.207038E+06  0.000000E+00  0.000000E+00  0.000000E+00  0.207874E+06
  0.632047E+00  0.201570E+06  0.200609E+06  0.000000E+00  0.000000E+00  0.000000E+00  0.201420E+06
  0.644815E+00  0.195319E+06  0.194388E+06  0.000000E+00  0.000000E+00  0.000000E+00  0.195173E+06
  0.657841E+00  0.189260E+06  0.188358E+06  0.000000E+00  0.000000E+00  0.000000E+00  0.189119E+06
  0.671131E+00  0.183372E+06  0.182499E+06  0.000000E+00  0.000000E+00  0.000000E+00  0.183236E+06
  0.684688E+00  0.177650E+06  0.176804E+06  0.000000E+00  0.000000E+00  0.000000E+00  0.177518E+06
  0.698520E+00  0.172097E+06  0.171277E+06  0.000000E+00  0.000000E+00  0.000000E+00  0.171969E+06
  0.712631E+00  0.166713E+06  0.165919E+06  0.000000E+00  0.000000E+00  0.000000E+00  0.166589E+06
  0.727027E+00  0.161494E+06  0.160724E+06  0.000000E+00  0.000000E+00  0.000000E+00  0.161373E+06
  0.741714E+00  0.156427E+06  0.155682E+06  0.000000E+00  0.000000E+00  0.000000E+00  0.156310E+06
  0.756698E+00  0.151509E+06  0.150788E+06  0.000000E+00  0.000000E+00  0.000000E+00  0.151397E+06
  0.771984E+00  0.146738E+06  0.146040E+06  0.000000E+00  0.000000E+00  0.000000E+00  0.146629E+06
  0.787579E+00  0.142113E+06  0.141436E+06  0.000000E+00  0.000000E+00  0.000000E+00  0.142007E+06
  0.803489E+00  0.137627E+06  0.136972E+06  0.000000E+00  0.000000E+00  0.000000E+00  0.137525E+06
  0.819721E+00  0.133274E+06  0.132639E+06  0.000000E+00  0.000000E+00  0.000000E+00  0.133175E+06
  0.836280E+00  0.129053E+06  0.128438E+06  0.000000E+00  0.000000E+00  0.000000E+00  0.128957E+06
  0.853174E+00  0.124959E+06  0.124364E+06  0.000000E+00  0.000000E+00  0.000000E+00  0.124866E+06
  0.870409E+00  0.120990E+06  0.120414E+06  0.000000E+00  0.000000E+00  0.000000E+00  0.120900E+06
  0.887993E+00  0.117141E+06  0.116583E+06  0.000000E+00  0.000000E+00  0.000000E+00  0.117054E+06
  0.905931E+00  0.113410E+06  0.112870E+06  0.000000E+00  0.000000E+00  0.000000E+00  0.113326E+06
  0.924233E+00  0.109792E+06  0.109270E+06  0.000000E+00  0.000000E+00  0.000000E+00  0.109711E+06
  0.942903E+00  0.106286E+06  0.105780E+06  0.000000E+00  0.000000E+00  0.000000E+00  0.106207E+06
  0.961951E+00  0.102886E+06  0.102396E+06  0.000000E+00  0.000000E+00  0.000000E+00  0.102810E+06
  0.981383E+00  0.995919E+05  0.991178E+05  0.000000E+00  0.000000E+00  0.000000E+00  0.995178E+05
  0.100121E+01  0.963982E+05  0.959394E+05  0.000000E+00  0.000000E+00  0.000000E+00  0.963265E+05
  0.102143E+01  0.933028E+05  0.928587E+05  0.000000E+00  0.000000E+00  0.000000E+00  0.932334E+05
  0.104207E+01  0.903033E+05  0.898735E+05  0.000000E+00  0.000000E+00  0.000000E+00  0.902361E+05
  0.106312E+01  0.873960E+05  0.869800E+05  0.000000E+00  0.000000E+00  0.000000E+00  0.873310E+05
  0.108460E+01  0.845787E+05  0.841761E+05  0.000000E+00  0.000000E+00  0.000000E+00  0.845158E+05
  0.110651E+01  0.818484E+05  0.814588E+05  0.000000E+00  0.000000E+00  0.000000E+00  0.817875E+05
  0.112886E+01  0.792032E+05  0.788263E+05  0.000000E+00  0.000000E+00  0.000000E+00  0.791443E+05
  0.115166E+01  0.766405E+05  0.762757E+05  0.000000E+00  0.000000E+00  0.000000E+00  0.765835E+05
  0.117493E+01  0.741572E+05  0.738043E+05  0.000000E+00  0.000000E+00  0.000000E+00  0.741021E+05
  0.119867E+01  0.717518E+05  0.714103E+05  0.000000E+00  0.000000E+00  0.000000E+00  0.716984E+05
  0.122288E+01  0.694217E+05  0.690913E+05  0.000000E+00  0.000000E+00  0.000000E+00  0.693701E+05
  0.124758E+01  0.671644E+05  0.668448E+05  0.000000E+00  0.000000E+00  0.000000E+00  0.671145E+05
  0.127279E+01  0.649780E+05  0.646688E+05  0.000000E+00  0.000000E+00  0.000000E+00  0.649297E+05
  0.129850E+01  0.628605E+05  0.625614E+05  0.000000E+00  0.000000E+00  0.000000E+00  0.628138E+05
  0.132473E+01  0.608094E+05  0.605201E+05  0.000000E+00  0.000000E+00  0.000000E+00  0.607642E+05
  0.135149E+01  0.588229E+05  0.585430E+05  0.000000E+00  0.000000E+00  0.000000E+00  0.587792E+05
  0.137879E+01  0.568994E+05  0.566287E+05  0.000000E+00  0.000000E+00  0.000000E+00  0.568571E+05
  0.140665E+01  0.550367E+05  0.547748E+05  0.000000E+00  0.000000E+00  0.000000E+00  0.549958E+05
  0.143506E+01  0.532331E+05  0.529798E+05  0.000000E+00  0.000000E+00  0.000000E+00  0.531935E+05
  0.146405E+01  0.514866E+05  0.512416E+05  0.000000E+00  0.000000E+00  0.000000E+00  0.514483E+05
  0.149363E+01  0.497957E+05  0.495588E+05  0.000000E+00  0.000000E+00  0.000000E+00  0.497587E+05
  0.152380E+01  0.481584E+05  0.479292E+05  0.000000E+00  0.000000E+00  0.000000E+00  0.481226E+05
  0.155458E+01  0.465733E+05  0.463517E+05  0.000000E+00  0.000000E+00  0.000000E+00  0.465387E+05
  0.158599E+01  0.450385E+05  0.448242E+05  0.000000E+00  0.000000E+00  0.000000E+00  0.450050E+05
  0.161803E+01  0.435529E+05  0.433456E+05  0.000000E+00  0.000000E+00  0.000000E+00  0.435205E+05
  0.165071E+01  0.421147E+05  0.419143E+05  0.000000E+00  0.000000E+00  0.000000E+00  0.420834E+05
  0.168406E+01  0.407228E+05  0.405290E+05  0.000000E+00  0.000000E+00  0.000000E+00  0.406925E+05
  0.171808E+01  0.393755E+05  0.391881E+05  0.000000E+00  0.000000E+00  0.000000E+00  0.393462E+05
  0.175279E+01  0.380713E+05  0.378902E+05  0.000000E+00  0.000000E+00  0.000000E+00  0.380430E+05
  0.178820E+01  0.368093E+05  0.366341E+05  0.000000E+00  0.000000E+00  0.000000E+00  0.367819E+05
  0.182432E+01  0.355878E+05  0.354184E+05  0.000000E+00  0.000000E+00  0.000000E+00  0.355613E+05
  0.186118E+01  0.344057E+05  0.342420E+05  0.000000E+00  0.000000E+00  0.000000E+00  0.343802E+05
  0.189877E+01  0.332619E+05  0.331036E+05  0.000000E+00  0.000000E+00  0.000000E+00  0.332372E+05
  0.193713E+01  0.321551E+05  0.320021E+05  0.000000E+00  0.000000E+00  0.000000E+00  0.321312E+05
  0.197626E+01  0.310841E+05  0.309362E+05  0.000000E+00  0.000000E+00  0.000000E+00  0.310610E+05
  0.201619E+01  0.300477E+05  0.299048E+05  0.000000E+00  0.000000E+00  0.000000E+00  0.300254E+05
  0.205692E+01  0.290450E+05  0.289068E+05  0.000000E+00  0.000000E+00  0.000000E+00  0.290234E+05
  0.209847E+01  0.280748E+05  0.279412E+05  0.000000E+00  0.000000E+00  0.000000E+00  0.280539E+05
  0.214086E+01  0.271362E+05  0.270070E+05  0.000000E+00  0.000000E+00  0.000000E+00  0.271160E+05
  0.218411E+01  0.262281E+05  0.261033E+05  0.000000E+00  0.000000E+00  0.000000E+00  0.262086E+05
  0.222823E+01  0.253497E+05  0.252290E+05  0.000000E+00  0.000000E+00  0.000000E+00  0.253308E+05
  0.227324E+01  0.244999E+05  0.243833E+05  0.000000E+00  0.000000E+00  0.000000E+00  0.244817E+05
  0.231917E+01  0.236778E+05  0.235652E+05  0.000000E+00  0.000000E+00  0.000000E+00  0.236602E+05
  0.236602E+01  0.228828E+05  0.227739E+05  0.000000E+00  0.000000E+00  0.000000E+00  0.228658E+05
  0.241381E+01  0.221137E+05  0.220085E+05  0.000000E+00  0.000000E+00  0.000000E+00  0.220973E+05
  0.246258E+01  0.213700E+05  0.212683E+05  0.000000E+00  0.000000E+00  0.000000E+00  0.213541E+05
  0.251232E+01  0.206506E+05  0.205523E+05  0.000000E+00  0.000000E+00  0.000000E+00  0.206352E+05
  0.256308E+01  0.199548E+05  0.198599E+05  0.000000E+00  0.000000E+00  0.000000E+00  0.199400E+05
  0.261485E+01  0.192820E+05  0.191902E+05  0.000000E+00  0.000000E+00  0.000000E+00  0.192676E+05
  0.266768E+01  0.186313E+05  0.185426E+05  0.000000E+00  0.000000E+00  0.000000E+00  0.186174E+05
  0.272157E+01  0.180020E+05  0.179163E+05  0.000000E+00  0.000000E+00  0.000000E+00  0.179886E+05
  0.277655E+01  0.173935E+05  0.173107E+05  0.000000E+00  0.000000E+00  0.000000E+00  0.173805E+05
  0.283264E+01  0.168050E+05  0.167251E+05  0.000000E+00  0.000000E+00  0.000000E+00  0.167925E+05
  0.288986E+01  0.162360E+05  0.161588E+05  0.000000E+00  0.000000E+00  0.000000E+00  0.162240E+05
  0.294824E+01  0.156860E+05  0.156113E+05  0.000000E+00  0.000000E+00  0.000000E+00  0.156743E+05
  0.300780E+01  0.151541E+05  0.150820E+05  0.000000E+00  0.000000E+00  0.000000E+00  0.151428E+05
  0.306856E+01  0.146399E+05  0.145702E+05  0.000000E+00  0.000000E+00  0.000000E+00  0.146290E+05
  0.313055E+01  0.141427E+05  0.140754E+05  0.000000E+00  0.000000E+00  0.000000E+00  0.141322E+05
  0.319379E+01  0.136622E+05  0.135971E+05  0.000000E+00  0.000000E+00  0.000000E+00  0.136520E+05
  0.325831E+01  0.131975E+05  0.131347E+05  0.000000E+00  0.000000E+00  0.000000E+00  0.131877E+05
  0.332413E+01  0.127483E+05  0.126877E+05  0.000000E+00  0.000000E+00  0.000000E+00  0.127389E+05
  0.339128E+01  0.123141E+05  0.122555E+05  0.000000E+00  0.000000E+00  0.000000E+00  0.123050E+05
  0.345979E+01  0.118944E+05  0.118378E+05  0.000000E+00  0.000000E+00  0.000000E+00  0.118856E+05
  0.352968E+01  0.114887E+05  0.114340E+05  0.000000E+00  0.000000E+00  0.000000E+00  0.114801E+05
  0.360099E+01  0.110965E+05  0.110437E+05  0.000000E+00  0.000000E+00  0.000000E+00  0.110883E+05
  0.367373E+01  0.107175E+05  0.106665E+05  0.000000E+00  0.000000E+00  0.000000E+00  0.107095E+05
  0.374795E+01  0.103512E+05  0.103019E+05  0.000000E+00  0.000000E+00  0.000000E+00  0.103435E+05
  0.382366E+01  0.999715E+04  0.994955E+04  0.000000E+00  0.000000E+00  0.000000E+00  0.998971E+04
  0.390090E+01  0.965501E+04  0.960903E+04  0.000000E+00  0.000000E+00  0.000000E+00  0.964783E+04
  0.397971E+01  0.932432E+04  0.927992E+04  0.000000E+00  0.000000E+00  0.000000E+00  0.931738E+04
  0.406010E+01  0.900475E+04  0.896187E+04  0.000000E+00  0.000000E+00  0.000000E+00  0.899805E+04
  0.414212E+01  0.869591E+04  0.865450E+04  0.000000E+00  0.000000E+00  0.000000E+00  0.868944E+04
  0.422580E+01  0.839747E+04  0.835747E+04  0.000000E+00  0.000000E+00  0.000000E+00  0.839122E+04
  0.431117E+01  0.810907E+04  0.807045E+04  0.000000E+00  0.000000E+00  0.000000E+00  0.810304E+04
  0.439825E+01  0.783041E+04  0.779311E+04  0.000000E+00  0.000000E+00  0.000000E+00  0.782458E+04
  0.448711E+01  0.756115E+04  0.752513E+04  0.000000E+00  0.000000E+00  0.000000E+00  0.755552E+04
  0.457775E+01  0.730100E+04  0.726622E+04  0.000000E+00  0.000000E+00  0.000000E+00  0.729556E+04
  0.467023E+01  0.704963E+04  0.701605E+04  0.000000E+00  0.000000E+00  0.000000E+00  0.704439E+04
  0.476458E+01  0.680677E+04  0.677433E+04  0.000000E+00  0.000000E+00  0.000000E+00  0.680170E+04
  0.486083E+01  0.657213E+04  0.654081E+04  0.000000E+00  0.000000E+00  0.000000E+00  0.656724E+04
  0.495902E+01  0.634542E+04  0.631518E+04  0.000000E+00  0.000000E+00  0.000000E+00  0.634070E+04
  0.505920E+01  0.612641E+04  0.609721E+04  0.000000E+00  0.000000E+00  0.000000E+00  0.612185E+04
  0.516140E+01  0.591481E+04  0.588662E+04  0.000000E+00  0.000000E+00  0.000000E+00  0.591041E+04
  0.526567E+01  0.571042E+04  0.568319E+04  0.000000E+00  0.000000E+00  0.000000E+00  0.570616E+04
  0.537205E+01  0.551296E+04  0.548668E+04  0.000000E+00  0.000000E+00  0.000000E+00  0.550886E+04
  0.548056E+01  0.532224E+04  0.529686E+04  0.000000E+00  0.000000E+00  0.000000E+00  0.531827E+04
  0.559128E+01  0.513800E+04  0.511350E+04  0.000000E+00  0.000000E+00  0.000000E+00  0.513417E+04
  0.570423E+01  0.496004E+04  0.493638E+04  0.000000E+00  0.000000E+00  0.000000E+00  0.495634E+04
  0.581947E+01  0.478813E+04  0.476529E+04  0.000000E+00  0.000000E+00  0.000000E+00  0.478456E+04
  0.593702E+01  0.462208E+04  0.460003E+04  0.000000E+00  0.000000E+00  0.000000E+00  0.461863E+04
  0.605696E+01  0.446170E+04  0.444041E+04  0.000000E+00  0.000000E+00  0.000000E+00  0.445837E+04
  0.617932E+01  0.430680E+04  0.428625E+04  0.000000E+00  0.000000E+00  0.000000E+00  0.430359E+04
  0.630415E+01  0.415719E+04  0.413735E+04  0.000000E+00  0.000000E+00  0.000000E+00  0.415409E+04
  0.643150E+01  0.401272E+04  0.399356E+04  0.000000E+00  0.000000E+00  0.000000E+00  0.400972E+04
  0.656143E+01  0.387318E+04  0.385468E+04  0.000000E+00  0.000000E+00  0.000000E+00  0.387029E+04
  0.669398E+01  0.373842E+04  0.372057E+04  0.000000E+00  0.000000E+00  0.000000E+00  0.373563E+04
  0.682921E+01  0.360827E+04  0.359104E+04  0.000000E+00  0.000000E+00  0.000000E+00  0.360558E+04
  0.696716E+01  0.348259E+04  0.346595E+04  0.000000E+00  0.000000E+00  0.000000E+00  0.347999E+04
  0.710791E+01  0.336121E+04  0.334515E+04  0.000000E+00  0.000000E+00  0.000000E+00  0.335870E+04
  0.725150E+01  0.324402E+04  0.322851E+04  0.000000E+00  0.000000E+00  0.000000E+00  0.324159E+04
  0.739799E+01  0.313085E+04  0.311588E+04  0.000000E+00  0.000000E+00  0.000000E+00  0.312851E+04
  0.754744E+01  0.302157E+04  0.300713E+04  0.000000E+00  0.000000E+00  0.000000E+00  0.301932E+04
  0.769991E+01  0.291605E+04  0.290211E+04  0.000000E+00  0.000000E+00  0.000000E+00  0.291387E+04
  0.785546E+01  0.281416E+04  0.280070E+04  0.000000E+00  0.000000E+00  0.000000E+00  0.281206E+04
  0.801415E+01  0.271578E+04  0.270279E+04  0.000000E+00  0.000000E+00  0.000000E+00  0.271375E+04
  0.817605E+01  0.262079E+04  0.260825E+04  0.000000E+00  0.000000E+00  0.000000E+00  0.261883E+04
  0.834121E+01  0.252908E+04  0.251698E+04  0.000000E+00  0.000000E+00  0.000000E+00  0.252719E+04
  0.850972E+01  0.244054E+04  0.242885E+04  0.000000E+00  0.000000E+00  0.000000E+00  0.243871E+04
  0.868162E+01  0.235506E+04  0.234378E+04  0.000000E+00  0.000000E+00  0.000000E+00  0.235330E+04
  0.885700E+01  0.227253E+04  0.226164E+04  0.000000E+00  0.000000E+00  0.000000E+00  0.227082E+04
  0.903592E+01  0.219285E+04  0.218234E+04  0.000000E+00  0.000000E+00  0.000000E+00  0.219121E+04
  0.921846E+01  0.211592E+04  0.210578E+04  0.000000E+00  0.000000E+00  0.000000E+00  0.211434E+04
  0.940469E+01  0.204166E+04  0.203187E+04  0.000000E+00  0.000000E+00  0.000000E+00  0.204013E+04
  0.959468E+01  0.196998E+04  0.196052E+04  0.000000E+00  0.000000E+00  0.000000E+00  0.196850E+04
  0.978850E+01  0.190078E+04  0.189166E+04  0.000000E+00  0.000000E+00  0.000000E+00  0.189935E+04
  0.998624E+01  0.183398E+04  0.182517E+04  0.000000E+00  0.000000E+00  0.000000E+00  0.183260E+04
  0.101880E+02  0.176949E+04  0.176099E+04  0.000000E+00  0.000000E+00  0.000000E+00  0.176816E+04
  0.103938E+02  0.170724E+04  0.169904E+04  0.000000E+00  0.000000E+00  0.000000E+00  0.170596E+04
  0.106038E+02  0.164716E+04  0.163924E+04  0.000000E+00  0.000000E+00  0.000000E+00  0.164592E+04
  0.108180E+02  0.158917E+04  0.158152E+04  0.000000E+00  0.000000E+00  0.000000E+00  0.158797E+04
  0.110365E+02  0.153319E+04  0.152581E+04  0.000000E+00  0.000000E+00  0.000000E+00  0.153204E+04
  0.112595E+02  0.147916E+04  0.147204E+04  0.000000E+00  0.000000E+00  0.000000E+00  0.147805E+04
  0.114869E+02  0.142701E+04  0.142014E+04  0.000000E+00  0.000000E+00  0.000000E+00  0.142594E+04
  0.117190E+02  0.137668E+04  0.137004E+04  0.000000E+00  0.000000E+00  0.000000E+00  0.137564E+04
  0.119557E+02  0.132810E+04  0.132169E+04  0.000000E+00  0.000000E+00  0.000000E+00  0.132710E+04
  0.121972E+02  0.128121E+04  0.127503E+04  0.000000E+00  0.000000E+00  0.000000E+00  0.128025E+04
  0.124436E+02  0.123597E+04  0.123000E+04  0.000000E+00  0.000000E+00  0.000000E+00  0.123503E+04
  0.126950E+02  0.119230E+04  0.118653E+04  0.000000E+00  0.000000E+00  0.000000E+00  0.119139E+04
  0.129515E+02  0.115015E+04  0.114459E+04  0.000000E+00  0.000000E+00  0.000000E+00  0.114928E+04
  0.132131E+02  0.110948E+04  0.110411E+04  0.000000E+00  0.000000E+00  0.000000E+00  0.110864E+04
  0.134800E+02  0.107023E+04  0.106504E+04  0.000000E+00  0.000000E+00  0.000000E+00  0.106942E+04
  0.137523E+02  0.103235E+04  0.102735E+04  0.000000E+00  0.000000E+00  0.000000E+00  0.103157E+04
  0.140302E+02  0.995798E+03  0.990968E+03  0.000000E+00  0.000000E+00  0.000000E+00  0.995043E+03
  0.143136E+02  0.960525E+03  0.955863E+03  0.000000E+00  0.000000E+00  0.000000E+00  0.959797E+03
  0.146027E+02  0.926487E+03  0.921986E+03  0.000000E+00  0.000000E+00  0.000000E+00  0.925784E+03
  0.148977E+02  0.893645E+03  0.889299E+03  0.000000E+00  0.000000E+00  0.000000E+00  0.892966E+03
  0.151987E+02  0.861953E+03  0.857757E+03  0.000000E+00  0.000000E+00  0.000000E+00  0.861297E+03
  0.155057E+02  0.831373E+03  0.827323E+03  0.000000E+00  0.000000E+00  0.000000E+00  0.830740E+03
  0.158189E+02  0.801864E+03  0.797953E+03  0.000000E+00  0.000000E+00  0.000000E+00  0.801253E+03
  0.161385E+02  0.773393E+03  0.769617E+03  0.000000E+00  0.000000E+00  0.000000E+00  0.772803E+03
  0.164645E+02  0.745922E+03  0.742276E+03  0.000000E+00  0.000000E+00  0.000000E+00  0.745352E+03
  0.167971E+02  0.719418E+03  0.715898E+03  0.000000E+00  0.000000E+00  0.000000E+00  0.718868E+03
  0.171365E+02  0.693843E+03  0.690444E+03  0.000000E+00  0.000000E+00  0.000000E+00  0.693312E+03
  0.174826E+02  0.669169E+03  0.665887E+03  0.000000E+00  0.000000E+00  0.000000E+00  0.668656E+03
  0.178358E+02  0.645363E+03  0.642193E+03  0.000000E+00  0.000000E+00  0.000000E+00  0.644867E+03
  0.181961E+02  0.622397E+03  0.619336E+03  0.000000E+00  0.000000E+00  0.000000E+00  0.621918E+03
  0.185637E+02  0.600238E+03  0.597282E+03  0.000000E+00  0.000000E+00  0.000000E+00  0.599776E+03
  0.189387E+02  0.578860E+03  0.576006E+03  0.000000E+00  0.000000E+00  0.000000E+00  0.578414E+03
  0.193213E+02  0.558235E+03  0.555478E+03  0.000000E+00  0.000000E+00  0.000000E+00  0.557804E+03
  0.197116E+02  0.538340E+03  0.535677E+03  0.000000E+00  0.000000E+00  0.000000E+00  0.537924E+03
  0.201098E+02  0.519145E+03  0.516573E+03  0.000000E+00  0.000000E+00  0.000000E+00  0.518743E+03
  0.205161E+02  0.500628E+03  0.498144E+03  0.000000E+00  0.000000E+00  0.000000E+00  0.500240E+03
  0.209305E+02  0.482765E+03  0.480365E+03  0.000000E+00  0.000000E+00  0.000000E+00  0.482390E+03
  0.213534E+02  0.465533E+03  0.463215E+03  0.000000E+00  0.000000E+00  0.000000E+00  0.465171E+03
  0.217847E+02  0.448911E+03  0.446671E+03  0.000000E+00  0.000000E+00  0.000000E+00  0.448561E+03
  0.222248E+02  0.432875E+03  0.430712E+03  0.000000E+00  0.000000E+00  0.000000E+00  0.432537E+03
  0.226738E+02  0.417408E+03  0.415317E+03  0.000000E+00  0.000000E+00  0.000000E+00  0.417081E+03
  0.231318E+02  0.402487E+03  0.400467E+03  0.000000E+00  0.000000E+00  0.000000E+00  0.402172E+03
  0.235991E+02  0.388096E+03  0.386144E+03  0.000000E+00  0.000000E+00  0.000000E+00  0.387791E+03
  0.240758E+02  0.374213E+03  0.372327E+03  0.000000E+00  0.000000E+00  0.000000E+00  0.373919E+03
  0.245622E+02  0.360823E+03  0.359000E+03  0.000000E+00  0.000000E+00  0.000000E+00  0.360538E+03
  0.250584E+02  0.347907E+03  0.346145E+03  0.000000E+00  0.000000E+00  0.000000E+00  0.347632E+03
  0.255646E+02  0.335450E+03  0.333746E+03  0.000000E+00  0.000000E+00  0.000000E+00  0.335184E+03
  0.260810E+02  0.323434E+03  0.321787E+03  0.000000E+00  0.000000E+00  0.000000E+00  0.323176E+03
  0.266079E+02  0.311844E+03  0.310252E+03  0.000000E+00  0.000000E+00  0.000000E+00  0.311596E+03
  0.271454E+02  0.300667E+03  0.299127E+03  0.000000E+00  0.000000E+00  0.000000E+00  0.300426E+03
  0.276938E+02  0.289886E+03  0.288397E+03  0.000000E+00  0.000000E+00  0.000000E+00  0.289653E+03
  0.282532E+02  0.279488E+03  0.278048E+03  0.000000E+00  0.000000E+00  0.000000E+00  0.279263E+03
  0.288240E+02  0.269460E+03  0.268067E+03  0.000000E+00  0.000000E+00  0.000000E+00  0.269242E+03
  0.294063E+02  0.259788E+03  0.258441E+03  0.000000E+00  0.000000E+00  0.000000E+00  0.259577E+03
  0.300003E+02  0.250460E+03  0.249158E+03  0.000000E+00  0.000000E+00  0.000000E+00  0.250257E+03
  0.306064E+02  0.241464E+03  0.240204E+03  0.000000E+00  0.000000E+00  0.000000E+00  0.241267E+03
  0.312246E+02  0.232789E+03  0.231569E+03  0.000000E+00  0.000000E+00  0.000000E+00  0.232598E+03
  0.318554E+02  0.224422E+03  0.223242E+03  0.000000E+00  0.000000E+00  0.000000E+00  0.224238E+03
  0.324990E+02  0.216354E+03  0.215211E+03  0.000000E+00  0.000000E+00  0.000000E+00  0.216175E+03
  0.331555E+02  0.208572E+03  0.207467E+03  0.000000E+00  0.000000E+00  0.000000E+00  0.208400E+03
  0.338253E+02  0.201069E+03  0.199999E+03  0.000000E+00  0.000000E+00  0.000000E+00  0.200902E+03
  0.345086E+02  0.193833E+03  0.192796E+03  0.000000E+00  0.000000E+00  0.000000E+00  0.193671E+03
  0.352057E+02  0.186854E+03  0.185851E+03  0.000000E+00  0.000000E+00  0.000000E+00  0.186697E+03
  0.359169E+02  0.180126E+03  0.179154E+03  0.000000E+00  0.000000E+00  0.000000E+00  0.179974E+03
  0.366425E+02  0.173637E+03  0.172695E+03  0.000000E+00  0.000000E+00  0.000000E+00  0.173489E+03
  0.373827E+02  0.167380E+03  0.166467E+03  0.000000E+00  0.000000E+00  0.000000E+00  0.167237E+03
  0.381379E+02  0.161346E+03  0.160462E+03  0.000000E+00  0.000000E+00  0.000000E+00  0.161208E+03
  0.389083E+02  0.155528E+03  0.154672E+03  0.000000E+00  0.000000E+00  0.000000E+00  0.155394E+03
  0.396943E+02  0.149918E+03  0.149088E+03  0.000000E+00  0.000000E+00  0.000000E+00  0.149788E+03
  0.404962E+02  0.144509E+03  0.143704E+03  0.000000E+00  0.000000E+00  0.000000E+00  0.144383E+03
  0.413143E+02  0.139293E+03  0.138512E+03  0.000000E+00  0.000000E+00  0.000000E+00  0.139171E+03
  0.421489E+02  0.134263E+03  0.133506E+03  0.000000E+00  0.000000E+00  0.000000E+00  0.134145E+03
  0.430004E+02  0.129414E+03  0.128680E+03  0.000000E+00  0.000000E+00  0.000000E+00  0.129299E+03
  0.438690E+02  0.124739E+03  0.124026E+03  0.000000E+00  0.000000E+00  0.000000E+00  0.124627E+03
  0.447552E+02  0.120230E+03  0.119539E+03  0.000000E+00  0.000000E+00  0.000000E+00  0.120122E+03
  0.456593E+02  0.115884E+03  0.115213E+03  0.000000E+00  0.000000E+00  0.000000E+00  0.115779E+03
  0.465817E+02  0.111693E+03  0.111041E+03  0.000000E+00  0.000000E+00  0.000000E+00  0.111591E+03
  0.475227E+02  0.107652E+03  0.107019E+03  0.000000E+00  0.000000E+00  0.000000E+00  0.107553E+03
  0.484828E+02  0.103756E+03  0.103142E+03  0.000000E+00  0.000000E+00  0.000000E+00  0.103660E+03
  0.494622E+02  0.100000E+03  0.994032E+02  0.000000E+00  0.000000E+00  0.000000E+00  0.999071E+02
  0.504614E+02  0.963792E+02  0.957987E+02  0.000000E+00  0.000000E+00  0.000000E+00  0.962885E+02
  0.514807E+02  0.928880E+02  0.923239E+02  0.000000E+00  0.000000E+00  0.000000E+00  0.927999E+02
  0.525207E+02  0.895221E+02  0.889735E+02  0.000000E+00  0.000000E+00  0.000000E+00  0.894363E+02
  0.535817E+02  0.862772E+02  0.857437E+02  0.000000E+00  0.000000E+00  0.000000E+00  0.861938E+02
  0.546642E+02  0.831487E+02  0.826297E+02  0.000000E+00  0.000000E+00  0.000000E+00  0.830676E+02
  0.557684E+02  0.801328E+02  0.796278E+02  0.000000E+00  0.000000E+00  0.000000E+00  0.800539E+02
  0.568950E+02  0.772252E+02  0.767336E+02  0.000000E+00  0.000000E+00  0.000000E+00  0.771484E+02
  0.580444E+02  0.744221E+02  0.739435E+02  0.000000E+00  0.000000E+00  0.000000E+00  0.743473E+02
  0.592170E+02  0.717200E+02  0.712539E+02  0.000000E+00  0.000000E+00  0.000000E+00  0.716472E+02
  0.604133E+02  0.691150E+02  0.686609E+02  0.000000E+00  0.000000E+00  0.000000E+00  0.690441E+02
  0.616337E+02  0.666039E+02  0.661613E+02  0.000000E+00  0.000000E+00  0.000000E+00  0.665347E+02
  0.628788E+02  0.641830E+02  0.637516E+02  0.000000E+00  0.000000E+00  0.000000E+00  0.641156E+02
  0.641490E+02  0.618494E+02  0.614288E+02  0.000000E+00  0.000000E+00  0.000000E+00  0.617837E+02
  0.654449E+02  0.595999E+02  0.591895E+02  0.000000E+00  0.000000E+00  0.000000E+00  0.595357E+02
  0.667669E+02  0.574314E+02  0.570310E+02  0.000000E+00  0.000000E+00  0.000000E+00  0.573688E+02
  0.681158E+02  0.553410E+02  0.549502E+02  0.000000E+00  0.000000E+00  0.000000E+00  0.552799E+02
  0.694918E+02  0.533261E+02  0.529445E+02  0.000000E+00  0.000000E+00  0.000000E+00  0.532664E+02
  0.708956E+02  0.513837E+02  0.510110E+02  0.000000E+00  0.000000E+00  0.000000E+00  0.513255E+02
  0.723278E+02  0.495115E+02  0.491474E+02  0.000000E+00  0.000000E+00  0.000000E+00  0.494546E+02
  0.737889E+02  0.477067E+02  0.473509E+02  0.000000E+00  0.000000E+00  0.000000E+00  0.476511E+02
  0.752795E+02  0.459672E+02  0.456193E+02  0.000000E+00  0.000000E+00  0.000000E+00  0.459128E+02
  0.768003E+02  0.442904E+02  0.439501E+02  0.000000E+00  0.000000E+00  0.000000E+00  0.442372E+02
  0.783517E+02  0.426742E+02  0.423412E+02  0.000000E+00  0.000000E+00  0.000000E+00  0.426222E+02
  0.799346E+02  0.411163E+02  0.407904E+02  0.000000E+00  0.000000E+00  0.000000E+00  0.410654E+02
  0.815493E+02  0.396148E+02  0.392957E+02  0.000000E+00  0.000000E+00  0.000000E+00  0.395649E+02
  0.831968E+02  0.381674E+02  0.378549E+02  0.000000E+00  0.000000E+00  0.000000E+00  0.381186E+02
  0.848774E+02  0.367725E+02  0.364663E+02  0.000000E+00  0.000000E+00  0.000000E+00  0.367246E+02
  0.865921E+02  0.354279E+02  0.351278E+02  0.000000E+00  0.000000E+00  0.000000E+00  0.353810E+02
  0.883413E+02  0.341320E+02  0.338377E+02  0.000000E+00  0.000000E+00  0.000000E+00  0.340860E+02
  0.901260E+02  0.328829E+02  0.325943E+02  0.000000E+00  0.000000E+00  0.000000E+00  0.328378E+02
  0.919466E+02  0.316791E+02  0.313959E+02  0.000000E+00  0.000000E+00  0.000000E+00  0.316349E+02
  0.938041E+02  0.305188E+02  0.302408E+02  0.000000E+00  0.000000E+00  0.000000E+00  0.304754E+02
  0.956991E+02  0.294005E+02  0.291275E+02  0.000000E+00  0.000000E+00  0.000000E+00  0.293579E+02
  0.976324E+02  0.283227E+02  0.280546E+02  0.000000E+00  0.000000E+00  0.000000E+00  0.282808E+02
  0.996045E+02  0.272841E+02  0.270206E+02  0.000000E+00  0.000000E+00  0.000000E+00  0.272429E+02
  0.101617E+03  0.262829E+02  0.260239E+02  0.000000E+00  0.000000E+00  0.000000E+00  0.262425E+02
  0.103670E+03  0.253181E+02  0.250634E+02  0.000000E+00  0.000000E+00  0.000000E+00  0.252783E+02
  0.105764E+03  0.243882E+02  0.241377E+02  0.000000E+00  0.000000E+00  0.000000E+00  0.243491E+02
  0.107900E+03  0.234922E+02  0.232456E+02  0.000000E+00  0.000000E+00  0.000000E+00  0.234536E+02
  0.110080E+03  0.226285E+02  0.223858E+02  0.000000E+00  0.000000E+00  0.000000E+00  0.225906E+02
  0.112304E+03  0.217962E+02  0.215571E+02  0.000000E+00  0.000000E+00  0.000000E+00  0.217588E+02
  0.114573E+03  0.209941E+02  0.207586E+02  0.000000E+00  0.000000E+00  0.000000E+00  0.209573E+02
  0.116887E+03  0.202211E+02  0.199891E+02  0.000000E+00  0.000000E+00  0.000000E+00  0.201849E+02
  0.119248E+03  0.194762E+02  0.192474E+02  0.000000E+00  0.000000E+00  0.000000E+00  0.194404E+02
  0.121657E+03  0.187583E+02  0.185327E+02  0.000000E+00  0.000000E+00  0.000000E+00  0.187230E+02
  0.124115E+03  0.180665E+02  0.178439E+02  0.000000E+00  0.000000E+00  0.000000E+00  0.180317E+02
  0.126622E+03  0.173998E+02  0.171803E+02  0.000000E+00  0.000000E+00  0.000000E+00  0.173655E+02
  0.129180E+03  0.167574E+02  0.165406E+02  0.000000E+00  0.000000E+00  0.000000E+00  0.167235E+02
  0.131790E+03  0.161383E+02  0.159243E+02  0.000000E+00  0.000000E+00  0.000000E+00  0.161048E+02
  0.134452E+03  0.155417E+02  0.153303E+02  0.000000E+00  0.000000E+00  0.000000E+00  0.155086E+02
  0.137168E+03  0.149668E+02  0.147580E+02  0.000000E+00  0.000000E+00  0.000000E+00  0.149342E+02
  0.139939E+03  0.144128E+02  0.142065E+02  0.000000E+00  0.000000E+00  0.000000E+00  0.143806E+02
  0.142766E+03  0.138790E+02  0.136750E+02  0.000000E+00  0.000000E+00  0.000000E+00  0.138471E+02
  0.145650E+03  0.133646E+02  0.131629E+02  0.000000E+00  0.000000E+00  0.000000E+00  0.133330E+02
  0.148592E+03  0.128689E+02  0.126694E+02  0.000000E+00  0.000000E+00  0.000000E+00  0.128378E+02
  0.151594E+03  0.123913E+02  0.121939E+02  0.000000E+00  0.000000E+00  0.000000E+00  0.123605E+02
  0.154657E+03  0.119311E+02  0.117357E+02  0.000000E+00  0.000000E+00  0.000000E+00  0.119005E+02
  0.157781E+03  0.114876E+02  0.112943E+02  0.000000E+00  0.000000E+00  0.000000E+00  0.114574E+02
  0.160969E+03  0.110603E+02  0.108689E+02  0.000000E+00  0.000000E+00  0.000000E+00  0.110304E+02
  0.164220E+03  0.106486E+02  0.104590E+02  0.000000E+00  0.000000E+00  0.000000E+00  0.106190E+02
  0.167538E+03  0.102519E+02  0.100641E+02  0.000000E+00  0.000000E+00  0.000000E+00  0.102225E+02
  0.170922E+03  0.986962E+01  0.968360E+01  0.000000E+00  0.000000E+00  0.000000E+00  0.984055E+01
  0.174375E+03  0.950132E+01  0.931699E+01  0.000000E+00  0.000000E+00  0.000000E+00  0.947252E+01
  0.177898E+03  0.914649E+01  0.896380E+01  0.000000E+00  0.000000E+00  0.000000E+00  0.911795E+01
  0.181491E+03  0.880459E+01  0.862348E+01  0.000000E+00  0.000000E+00  0.000000E+00  0.877629E+01
  0.185158E+03  0.847517E+01  0.829560E+01  0.000000E+00  0.000000E+00  0.000000E+00  0.844711E+01
  0.188898E+03  0.815779E+01  0.797972E+01  0.000000E+00  0.000000E+00  0.000000E+00  0.812996E+01
  0.192714E+03  0.785203E+01  0.767543E+01  0.000000E+00  0.000000E+00  0.000000E+00  0.782444E+01
  0.196607E+03  0.755742E+01  0.738224E+01  0.000000E+00  0.000000E+00  0.000000E+00  0.753005E+01
  0.200579E+03  0.727359E+01  0.709980E+01  0.000000E+00  0.000000E+00  0.000000E+00  0.724643E+01
  0.204631E+03  0.700014E+01  0.682770E+01  0.000000E+00  0.000000E+00  0.000000E+00  0.697320E+01
  0.208765E+03  0.673673E+01  0.656561E+01  0.000000E+00  0.000000E+00  0.000000E+00  0.670999E+01
  0.212982E+03  0.648293E+01  0.631311E+01  0.000000E+00  0.000000E+00  0.000000E+00  0.645640E+01
  0.217285E+03  0.623843E+01  0.606988E+01  0.000000E+00  0.000000E+00  0.000000E+00  0.621210E+01
  0.221674E+03  0.600289E+01  0.583559E+01  0.000000E+00  0.000000E+00  0.000000E+00  0.597675E+01
  0.226152E+03  0.577601E+01  0.560993E+01  0.000000E+00  0.000000E+00  0.000000E+00  0.575006E+01
  0.230721E+03  0.555743E+01  0.539256E+01  0.000000E+00  0.000000E+00  0.000000E+00  0.553167E+01
  0.235382E+03  0.534687E+01  0.518319E+01  0.000000E+00  0.000000E+00  0.000000E+00  0.532130E+01
  0.240137E+03  0.514405E+01  0.498153E+01  0.000000E+00  0.000000E+00  0.000000E+00  0.511865E+01
  0.244988E+03  0.494869E+01  0.478733E+01  0.000000E+00  0.000000E+00  0.000000E+00  0.492348E+01
  0.249937E+03  0.476050E+01  0.460029E+01  0.000000E+00  0.000000E+00  0.000000E+00  0.473546E+01
  0.254986E+03  0.457922E+01  0.442015E+01  0.000000E+00  0.000000E+00  0.000000E+00  0.455437E+01
  0.260137E+03  0.440462E+01  0.424668E+01  0.000000E+00  0.000000E+00  0.000000E+00  0.437995E+01
  0.265392E+03  0.423646E+01  0.407963E+01  0.000000E+00  0.000000E+00  0.000000E+00  0.421195E+01
  0.270753E+03  0.407450E+01  0.391880E+01  0.000000E+00  0.000000E+00  0.000000E+00  0.405017E+01
  0.276223E+03  0.391850E+01  0.376391E+01  0.000000E+00  0.000000E+00  0.000000E+00  0.389435E+01
  0.281803E+03  0.376826E+01  0.361479E+01  0.000000E+00  0.000000E+00  0.000000E+00  0.374428E+01
  0.287496E+03  0.362358E+01  0.347121E+01  0.000000E+00  0.000000E+00  0.000000E+00  0.359977E+01
  0.293303E+03  0.348425E+01  0.333300E+01  0.000000E+00  0.000000E+00  0.000000E+00  0.346062E+01
  0.299229E+03  0.335007E+01  0.319994E+01  0.000000E+00  0.000000E+00  0.000000E+00  0.332661E+01
  0.305274E+03  0.322086E+01  0.307185E+01  0.000000E+00  0.000000E+00  0.000000E+00  0.319758E+01
  0.311441E+03  0.309644E+01  0.294856E+01  0.000000E+00  0.000000E+00  0.000000E+00  0.307333E+01
  0.317732E+03  0.297665E+01  0.282991E+01  0.000000E+00  0.000000E+00  0.000000E+00  0.295372E+01
  0.324151E+03  0.286130E+01  0.271571E+01  0.000000E+00  0.000000E+00  0.000000E+00  0.283855E+01
  0.330699E+03  0.275024E+01  0.260581E+01  0.000000E+00  0.000000E+00  0.000000E+00  0.272767E+01
  0.337380E+03  0.264332E+01  0.250005E+01  0.000000E+00  0.000000E+00  0.000000E+00  0.262094E+01
  0.344195E+03  0.254040E+01  0.239831E+01  0.000000E+00  0.000000E+00  0.000000E+00  0.251820E+01
  0.351148E+03  0.244131E+01  0.230041E+01  0.000000E+00  0.000000E+00  0.000000E+00  0.241930E+01
  0.358242E+03  0.234593E+01  0.220624E+01  0.000000E+00  0.000000E+00  0.000000E+00  0.232411E+01
  0.365479E+03  0.225413E+01  0.211565E+01  0.000000E+00  0.000000E+00  0.000000E+00  0.223249E+01
  0.372862E+03  0.216577E+01  0.202854E+01  0.000000E+00  0.000000E+00  0.000000E+00  0.214433E+01
  0.380394E+03  0.208073E+01  0.194475E+01  0.000000E+00  0.000000E+00  0.000000E+00  0.205948E+01
  0.388079E+03  0.199889E+01  0.186418E+01  0.000000E+00  0.000000E+00  0.000000E+00  0.197784E+01
  0.395919E+03  0.192014E+01  0.178671E+01  0.000000E+00  0.000000E+00  0.000000E+00  0.189929E+01
  0.403916E+03  0.184437E+01  0.171225E+01  0.000000E+00  0.000000E+00  0.000000E+00  0.182373E+01
  0.412076E+03  0.177146E+01  0.164067E+01  0.000000E+00  0.000000E+00  0.000000E+00  0.175103E+01
  0.420401E+03  0.170132E+01  0.157187E+01  0.000000E+00  0.000000E+00  0.000000E+00  0.168110E+01
  0.428894E+03  0.163385E+01  0.150576E+01  0.000000E+00  0.000000E+00  0.000000E+00  0.161383E+01
  0.437558E+03  0.156895E+01  0.144224E+01  0.000000E+00  0.000000E+00  0.000000E+00  0.154915E+01
  0.446397E+03  0.150653E+01  0.138122E+01  0.000000E+00  0.000000E+00  0.000000E+00  0.148695E+01
  0.455415E+03  0.144649E+01  0.132261E+01  0.000000E+00  0.000000E+00  0.000000E+00  0.142714E+01
  0.464615E+03  0.138876E+01  0.126631E+01  0.000000E+00  0.000000E+00  0.000000E+00  0.136963E+01
  0.474001E+03  0.133326E+01  0.121226E+01  0.000000E+00  0.000000E+00  0.000000E+00  0.131435E+01
  0.483576E+03  0.127989E+01  0.116037E+01  0.000000E+00  0.000000E+00  0.000000E+00  0.126122E+01
  0.493345E+03  0.122859E+01  0.111056E+01  0.000000E+00  0.000000E+00  0.000000E+00  0.121015E+01
  0.503311E+03  0.117928E+01  0.106276E+01  0.000000E+00  0.000000E+00  0.000000E+00  0.116107E+01
  0.513479E+03  0.113188E+01  0.101688E+01  0.000000E+00  0.000000E+00  0.000000E+00  0.111392E+01
  0.523851E+03  0.108634E+01  0.972877E+00  0.000000E+00  0.000000E+00  0.000000E+00  0.106861E+01
  0.534434E+03  0.104258E+01  0.930663E+00  0.000000E+00  0.000000E+00  0.000000E+00  0.102509E+01
  0.545230E+03  0.100053E+01  0.890178E+00  0.000000E+00  0.000000E+00  0.000000E+00  0.983288E+00
  0.556245E+03  0.960138E+00  0.851357E+00  0.000000E+00  0.000000E+00  0.000000E+00  0.943141E+00
  0.567481E+03  0.921342E+00  0.814144E+00  0.000000E+00  0.000000E+00  0.000000E+00  0.904593E+00
  0.578945E+03  0.884078E+00  0.778471E+00  0.000000E+00  0.000000E+00  0.000000E+00  0.867577E+00
  0.590641E+03  0.848294E+00  0.744283E+00  0.000000E+00  0.000000E+00  0.000000E+00  0.832042E+00
  0.602573E+03  0.813934E+00  0.711525E+00  0.000000E+00  0.000000E+00  0.000000E+00  0.797932E+00
  0.614745E+03  0.780948E+00  0.680144E+00  0.000000E+00  0.000000E+00  0.000000E+00  0.765197E+00
  0.627164E+03  0.749280E+00  0.650082E+00  0.000000E+00  0.000000E+00  0.000000E+00  0.733780E+00
  0.639834E+03  0.718883E+00  0.621291E+00  0.000000E+00  0.000000E+00  0.000000E+00  0.703634E+00
  0.652760E+03  0.689709E+00  0.593721E+00  0.000000E+00  0.000000E+00  0.000000E+00  0.674711E+00
  0.665945E+03  0.661715E+00  0.567326E+00  0.000000E+00  0.000000E+00  0.000000E+00  0.646967E+00
  0.679398E+03  0.634851E+00  0.542055E+00  0.000000E+00  0.000000E+00  0.000000E+00  0.620351E+00
  0.693124E+03  0.609075E+00  0.517866E+00  0.000000E+00  0.000000E+00  0.000000E+00  0.594823E+00
  0.707126E+03  0.584346E+00  0.494713E+00  0.000000E+00  0.000000E+00  0.000000E+00  0.570341E+00
  0.721411E+03  0.560623E+00  0.472556E+00  0.000000E+00  0.000000E+00  0.000000E+00  0.546862E+00
  0.735984E+03  0.537869E+00  0.451355E+00  0.000000E+00  0.000000E+00  0.000000E+00  0.524351E+00
  0.750852E+03  0.516042E+00  0.431067E+00  0.000000E+00  0.000000E+00  0.000000E+00  0.502765E+00
  0.766020E+03  0.495107E+00  0.411656E+00  0.000000E+00  0.000000E+00  0.000000E+00  0.482068E+00
  0.781495E+03  0.475028E+00  0.393085E+00  0.000000E+00  0.000000E+00  0.000000E+00  0.462224E+00
  0.797281E+03  0.455774E+00  0.375320E+00  0.000000E+00  0.000000E+00  0.000000E+00  0.443203E+00
  0.813388E+03  0.437306E+00  0.358324E+00  0.000000E+00  0.000000E+00  0.000000E+00  0.424965E+00
  0.829820E+03  0.419595E+00  0.342065E+00  0.000000E+00  0.000000E+00  0.000000E+00  0.407481E+00
  0.846584E+03  0.402611E+00  0.326513E+00  0.000000E+00  0.000000E+00  0.000000E+00  0.390720E+00
  0.863685E+03  0.386324E+00  0.311638E+00  0.000000E+00  0.000000E+00  0.000000E+00  0.374654E+00
  0.881133E+03  0.370703E+00  0.297408E+00  0.000000E+00  0.000000E+00  0.000000E+00  0.359251E+00
  0.898933E+03  0.355722E+00  0.283799E+00  0.000000E+00  0.000000E+00  0.000000E+00  0.344484E+00
  0.917093E+03  0.341354E+00  0.270782E+00  0.000000E+00  0.000000E+00  0.000000E+00  0.330327E+00
  0.935618E+03  0.327575E+00  0.258335E+00  0.000000E+00  0.000000E+00  0.000000E+00  0.316757E+00
  0.954519E+03  0.314359E+00  0.246430E+00  0.000000E+00  0.000000E+00  0.000000E+00  0.303745E+00
  0.973802E+03  0.301682E+00  0.235046E+00  0.000000E+00  0.000000E+00  0.000000E+00  0.291270E+00
  0.993475E+03  0.289522E+00  0.224161E+00  0.000000E+00  0.000000E+00  0.000000E+00  0.279310E+00
  0.101354E+04  0.277860E+00  0.213755E+00  0.000000E+00  0.000000E+00  0.000000E+00  0.267843E+00
#
# COMPUTED FROM http://lambda.gsfc.nasa.gov/toolbox/tb_camb_form.cfm
# 
# USES COSMOLOGICAL PARAMETERS FROM PLANCK 2013 RESULTS (TABLE 2 OF XVI. COSMOLOGICAL PARAMETERS)
# 
# H0 = 67, OmegaB = 0.05, OmegaCDM = 0.27, OmegaL = 0.68, ns = 0.96, 10^9As = 2.215
#
