  0.100633E-04  0.206366E+08  0.206366E+08  0.275000E+08  0.275000E+08  0.000000E+00  0.206366E+08
  0.102666E-04  0.206366E+08  0.206366E+08  0.274994E+08  0.274994E+08  0.000000E+00  0.206366E+08
  0.104740E-04  0.206366E+08  0.206366E+08  0.274987E+08  0.274987E+08  0.000000E+00  0.206366E+08
  0.106856E-04  0.206366E+08  0.206366E+08  0.274981E+08  0.274980E+08  0.000000E+00  0.206366E+08
  0.109015E-04  0.206366E+08  0.206366E+08  0.274973E+08  0.274973E+08  0.000000E+00  0.206366E+08
  0.111217E-04  0.206366E+08  0.206366E+08  0.274966E+08  0.274966E+08  0.000000E+00  0.206366E+08
  0.113464E-04  0.206366E+08  0.206366E+08  0.274958E+08  0.274958E+08  0.000000E+00  0.206366E+08
  0.115756E-04  0.206366E+08  0.206366E+08  0.274950E+08  0.274950E+08  0.000000E+00  0.206366E+08
  0.118094E-04  0.206366E+08  0.206366E+08  0.274942E+08  0.274942E+08  0.000000E+00  0.206366E+08
  0.120480E-04  0.206366E+08  0.206366E+08  0.274933E+08  0.274933E+08  0.000000E+00  0.206366E+08
  0.122914E-04  0.206366E+08  0.206366E+08  0.274924E+08  0.274924E+08  0.000000E+00  0.206366E+08
  0.125397E-04  0.206366E+08  0.206366E+08  0.274915E+08  0.274915E+08  0.000000E+00  0.206366E+08
  0.127930E-04  0.206366E+08  0.206366E+08  0.274905E+08  0.274905E+08  0.000000E+00  0.206366E+08
  0.130514E-04  0.206366E+08  0.206366E+08  0.274895E+08  0.274895E+08  0.000000E+00  0.206366E+08
  0.133151E-04  0.206366E+08  0.206366E+08  0.274884E+08  0.274884E+08  0.000000E+00  0.206366E+08
  0.135841E-04  0.206366E+08  0.206366E+08  0.274873E+08  0.274873E+08  0.000000E+00  0.206366E+08
  0.138585E-04  0.206366E+08  0.206366E+08  0.274862E+08  0.274861E+08  0.000000E+00  0.206366E+08
  0.141384E-04  0.206366E+08  0.206366E+08  0.274850E+08  0.274849E+08  0.000000E+00  0.206366E+08
  0.144241E-04  0.206365E+08  0.206365E+08  0.274837E+08  0.274837E+08  0.000000E+00  0.206365E+08
  0.147155E-04  0.206365E+08  0.206365E+08  0.274824E+08  0.274824E+08  0.000000E+00  0.206365E+08
  0.150127E-04  0.206365E+08  0.206365E+08  0.274811E+08  0.274810E+08  0.000000E+00  0.206365E+08
  0.153160E-04  0.206365E+08  0.206365E+08  0.274797E+08  0.274796E+08  0.000000E+00  0.206365E+08
  0.156254E-04  0.206365E+08  0.206365E+08  0.274782E+08  0.274782E+08  0.000000E+00  0.206365E+08
  0.159411E-04  0.206365E+08  0.206365E+08  0.274767E+08  0.274767E+08  0.000000E+00  0.206365E+08
  0.162631E-04  0.206365E+08  0.206365E+08  0.274751E+08  0.274751E+08  0.000000E+00  0.206365E+08
  0.165916E-04  0.206365E+08  0.206365E+08  0.274735E+08  0.274734E+08  0.000000E+00  0.206365E+08
  0.169268E-04  0.206365E+08  0.206365E+08  0.274718E+08  0.274717E+08  0.000000E+00  0.206365E+08
  0.172687E-04  0.206365E+08  0.206365E+08  0.274700E+08  0.274699E+08  0.000000E+00  0.206365E+08
  0.176176E-04  0.206365E+08  0.206365E+08  0.274681E+08  0.274681E+08  0.000000E+00  0.206365E+08
  0.179735E-04  0.206365E+08  0.206365E+08  0.274662E+08  0.274661E+08  0.000000E+00  0.206365E+08
  0.183366E-04  0.206365E+08  0.206365E+08  0.274642E+08  0.274641E+08  0.000000E+00  0.206365E+08
  0.187070E-04  0.206365E+08  0.206365E+08  0.274621E+08  0.274620E+08  0.000000E+00  0.206365E+08
  0.190849E-04  0.206365E+08  0.206365E+08  0.274599E+08  0.274599E+08  0.000000E+00  0.206365E+08
  0.194705E-04  0.206365E+08  0.206365E+08  0.274577E+08  0.274576E+08  0.000000E+00  0.206365E+08
  0.198638E-04  0.206365E+08  0.206365E+08  0.274553E+08  0.274552E+08  0.000000E+00  0.206365E+08
  0.202651E-04  0.206365E+08  0.206365E+08  0.274529E+08  0.274528E+08  0.000000E+00  0.206365E+08
  0.206744E-04  0.206365E+08  0.206365E+08  0.274503E+08  0.274502E+08  0.000000E+00  0.206365E+08
  0.210921E-04  0.206365E+08  0.206365E+08  0.274477E+08  0.274475E+08  0.000000E+00  0.206365E+08
  0.215182E-04  0.206365E+08  0.206365E+08  0.274449E+08  0.274448E+08  0.000000E+00  0.206365E+08
  0.219529E-04  0.206365E+08  0.206365E+08  0.274420E+08  0.274419E+08  0.000000E+00  0.206365E+08
  0.223963E-04  0.206365E+08  0.206365E+08  0.274390E+08  0.274389E+08  0.000000E+00  0.206365E+08
  0.228488E-04  0.206364E+08  0.206364E+08  0.274359E+08  0.274358E+08  0.000000E+00  0.206364E+08
  0.233104E-04  0.206364E+08  0.206364E+08  0.274327E+08  0.274325E+08  0.000000E+00  0.206364E+08
  0.237813E-04  0.206364E+08  0.206364E+08  0.274293E+08  0.274292E+08  0.000000E+00  0.206364E+08
  0.242617E-04  0.206364E+08  0.206364E+08  0.274258E+08  0.274256E+08  0.000000E+00  0.206364E+08
  0.247518E-04  0.206364E+08  0.206364E+08  0.274221E+08  0.274220E+08  0.000000E+00  0.206364E+08
  0.252518E-04  0.206364E+08  0.206364E+08  0.274183E+08  0.274182E+08  0.000000E+00  0.206364E+08
  0.257619E-04  0.206364E+08  0.206364E+08  0.274143E+08  0.274142E+08  0.000000E+00  0.206364E+08
  0.262824E-04  0.206364E+08  0.206364E+08  0.274102E+08  0.274101E+08  0.000000E+00  0.206364E+08
  0.268133E-04  0.206364E+08  0.206364E+08  0.274059E+08  0.274058E+08  0.000000E+00  0.206364E+08
  0.273550E-04  0.206364E+08  0.206364E+08  0.274015E+08  0.274013E+08  0.000000E+00  0.206364E+08
  0.279076E-04  0.206364E+08  0.206364E+08  0.273968E+08  0.273967E+08  0.000000E+00  0.206364E+08
  0.284713E-04  0.206364E+08  0.206364E+08  0.273920E+08  0.273918E+08  0.000000E+00  0.206364E+08
  0.290465E-04  0.206363E+08  0.206363E+08  0.273870E+08  0.273868E+08  0.000000E+00  0.206363E+08
  0.296333E-04  0.206363E+08  0.206363E+08  0.273817E+08  0.273815E+08  0.000000E+00  0.206363E+08
  0.302319E-04  0.206363E+08  0.206363E+08  0.273763E+08  0.273761E+08  0.000000E+00  0.206363E+08
  0.308426E-04  0.206363E+08  0.206363E+08  0.273706E+08  0.273704E+08  0.000000E+00  0.206363E+08
  0.314657E-04  0.206363E+08  0.206363E+08  0.273647E+08  0.273645E+08  0.000000E+00  0.206363E+08
  0.321013E-04  0.206363E+08  0.206363E+08  0.273586E+08  0.273584E+08  0.000000E+00  0.206363E+08
  0.327498E-04  0.206363E+08  0.206363E+08  0.273522E+08  0.273520E+08  0.000000E+00  0.206363E+08
  0.334114E-04  0.206363E+08  0.206363E+08  0.273456E+08  0.273453E+08  0.000000E+00  0.206363E+08
  0.340864E-04  0.206362E+08  0.206362E+08  0.273386E+08  0.273384E+08  0.000000E+00  0.206362E+08
  0.347750E-04  0.206362E+08  0.206362E+08  0.273315E+08  0.273312E+08  0.000000E+00  0.206362E+08
  0.354775E-04  0.206362E+08  0.206362E+08  0.273240E+08  0.273237E+08  0.000000E+00  0.206362E+08
  0.361942E-04  0.206362E+08  0.206362E+08  0.273162E+08  0.273159E+08  0.000000E+00  0.206362E+08
  0.369253E-04  0.206362E+08  0.206362E+08  0.273081E+08  0.273078E+08  0.000000E+00  0.206362E+08
  0.376713E-04  0.206362E+08  0.206362E+08  0.272996E+08  0.272993E+08  0.000000E+00  0.206362E+08
  0.384323E-04  0.206362E+08  0.206361E+08  0.272909E+08  0.272905E+08  0.000000E+00  0.206362E+08
  0.392087E-04  0.206361E+08  0.206361E+08  0.272817E+08  0.272814E+08  0.000000E+00  0.206361E+08
  0.400007E-04  0.206361E+08  0.206361E+08  0.272722E+08  0.272719E+08  0.000000E+00  0.206361E+08
  0.408088E-04  0.206361E+08  0.206361E+08  0.272623E+08  0.272620E+08  0.000000E+00  0.206361E+08
  0.416332E-04  0.206361E+08  0.206361E+08  0.272521E+08  0.272517E+08  0.000000E+00  0.206361E+08
  0.424743E-04  0.206360E+08  0.206360E+08  0.272414E+08  0.272410E+08  0.000000E+00  0.206360E+08
  0.433323E-04  0.206360E+08  0.206360E+08  0.272302E+08  0.272298E+08  0.000000E+00  0.206360E+08
  0.442077E-04  0.206360E+08  0.206360E+08  0.272186E+08  0.272182E+08  0.000000E+00  0.206360E+08
  0.451007E-04  0.206360E+08  0.206360E+08  0.272066E+08  0.272061E+08  0.000000E+00  0.206360E+08
  0.460118E-04  0.206359E+08  0.206359E+08  0.271940E+08  0.271936E+08  0.000000E+00  0.206359E+08
  0.469413E-04  0.206359E+08  0.206359E+08  0.271810E+08  0.271805E+08  0.000000E+00  0.206359E+08
  0.478896E-04  0.206359E+08  0.206359E+08  0.271674E+08  0.271669E+08  0.000000E+00  0.206359E+08
  0.488570E-04  0.206359E+08  0.206359E+08  0.271533E+08  0.271528E+08  0.000000E+00  0.206359E+08
  0.498440E-04  0.206358E+08  0.206358E+08  0.271386E+08  0.271381E+08  0.000000E+00  0.206358E+08
  0.508509E-04  0.206358E+08  0.206358E+08  0.271233E+08  0.271228E+08  0.000000E+00  0.206358E+08
  0.518782E-04  0.206358E+08  0.206358E+08  0.271074E+08  0.271068E+08  0.000000E+00  0.206358E+08
  0.529262E-04  0.206357E+08  0.206357E+08  0.270909E+08  0.270903E+08  0.000000E+00  0.206357E+08
  0.539954E-04  0.206357E+08  0.206357E+08  0.270737E+08  0.270731E+08  0.000000E+00  0.206357E+08
  0.550861E-04  0.206357E+08  0.206357E+08  0.270558E+08  0.270551E+08  0.000000E+00  0.206357E+08
  0.561989E-04  0.206356E+08  0.206356E+08  0.270372E+08  0.270365E+08  0.000000E+00  0.206356E+08
  0.573342E-04  0.206356E+08  0.206356E+08  0.270178E+08  0.270171E+08  0.000000E+00  0.206356E+08
  0.584925E-04  0.206355E+08  0.206355E+08  0.269977E+08  0.269970E+08  0.000000E+00  0.206355E+08
  0.596741E-04  0.206355E+08  0.206355E+08  0.269768E+08  0.269760E+08  0.000000E+00  0.206355E+08
  0.608796E-04  0.206355E+08  0.206355E+08  0.269550E+08  0.269542E+08  0.000000E+00  0.206355E+08
  0.621094E-04  0.206354E+08  0.206354E+08  0.269323E+08  0.269315E+08  0.000000E+00  0.206354E+08
  0.633641E-04  0.206354E+08  0.206354E+08  0.269088E+08  0.269079E+08  0.000000E+00  0.206354E+08
  0.646442E-04  0.206353E+08  0.206353E+08  0.268843E+08  0.268833E+08  0.000000E+00  0.206353E+08
  0.659501E-04  0.206353E+08  0.206353E+08  0.268588E+08  0.268578E+08  0.000000E+00  0.206353E+08
  0.672824E-04  0.206352E+08  0.206352E+08  0.268323E+08  0.268313E+08  0.000000E+00  0.206352E+08
  0.686416E-04  0.206351E+08  0.206351E+08  0.268048E+08  0.268037E+08  0.000000E+00  0.206351E+08
  0.700282E-04  0.206351E+08  0.206351E+08  0.267761E+08  0.267750E+08  0.000000E+00  0.206351E+08
  0.714429E-04  0.206350E+08  0.206350E+08  0.267463E+08  0.267452E+08  0.000000E+00  0.206350E+08
  0.728861E-04  0.206350E+08  0.206350E+08  0.267153E+08  0.267142E+08  0.000000E+00  0.206350E+08
  0.743585E-04  0.206349E+08  0.206349E+08  0.266831E+08  0.266819E+08  0.000000E+00  0.206349E+08
  0.758606E-04  0.206348E+08  0.206348E+08  0.266497E+08  0.266484E+08  0.000000E+00  0.206348E+08
  0.773931E-04  0.206347E+08  0.206347E+08  0.266149E+08  0.266135E+08  0.000000E+00  0.206347E+08
  0.789566E-04  0.206347E+08  0.206347E+08  0.265787E+08  0.265773E+08  0.000000E+00  0.206347E+08
  0.805516E-04  0.206346E+08  0.206346E+08  0.265411E+08  0.265396E+08  0.000000E+00  0.206346E+08
  0.821788E-04  0.206345E+08  0.206345E+08  0.265020E+08  0.265005E+08  0.000000E+00  0.206345E+08
  0.838390E-04  0.206344E+08  0.206344E+08  0.264613E+08  0.264598E+08  0.000000E+00  0.206344E+08
  0.855326E-04  0.206343E+08  0.206343E+08  0.264191E+08  0.264175E+08  0.000000E+00  0.206343E+08
  0.872605E-04  0.206342E+08  0.206342E+08  0.263752E+08  0.263736E+08  0.000000E+00  0.206342E+08
  0.890233E-04  0.206341E+08  0.206341E+08  0.263296E+08  0.263279E+08  0.000000E+00  0.206341E+08
  0.908217E-04  0.206340E+08  0.206340E+08  0.262822E+08  0.262804E+08  0.000000E+00  0.206340E+08
  0.926564E-04  0.206339E+08  0.206339E+08  0.262330E+08  0.262311E+08  0.000000E+00  0.206339E+08
  0.945282E-04  0.206338E+08  0.206338E+08  0.261818E+08  0.261799E+08  0.000000E+00  0.206338E+08
  0.964378E-04  0.206337E+08  0.206337E+08  0.261286E+08  0.261266E+08  0.000000E+00  0.206337E+08
  0.983859E-04  0.206336E+08  0.206336E+08  0.260734E+08  0.260713E+08  0.000000E+00  0.206336E+08
  0.100373E-03  0.206335E+08  0.206335E+08  0.260160E+08  0.260139E+08  0.000000E+00  0.206335E+08
  0.102401E-03  0.206333E+08  0.206333E+08  0.259564E+08  0.259542E+08  0.000000E+00  0.206333E+08
  0.104470E-03  0.206332E+08  0.206332E+08  0.258946E+08  0.258922E+08  0.000000E+00  0.206332E+08
  0.106580E-03  0.206331E+08  0.206331E+08  0.258303E+08  0.258279E+08  0.000000E+00  0.206331E+08
  0.108733E-03  0.206329E+08  0.206329E+08  0.257635E+08  0.257610E+08  0.000000E+00  0.206329E+08
  0.110930E-03  0.206328E+08  0.206328E+08  0.256942E+08  0.256916E+08  0.000000E+00  0.206328E+08
  0.113171E-03  0.206326E+08  0.206326E+08  0.256223E+08  0.256196E+08  0.000000E+00  0.206326E+08
  0.115457E-03  0.206325E+08  0.206325E+08  0.255476E+08  0.255448E+08  0.000000E+00  0.206325E+08
  0.117789E-03  0.206323E+08  0.206323E+08  0.254701E+08  0.254672E+08  0.000000E+00  0.206323E+08
  0.120169E-03  0.206321E+08  0.206321E+08  0.253896E+08  0.253866E+08  0.000000E+00  0.206321E+08
  0.122596E-03  0.206319E+08  0.206319E+08  0.253061E+08  0.253030E+08  0.000000E+00  0.206319E+08
  0.125073E-03  0.206317E+08  0.206317E+08  0.252195E+08  0.252162E+08  0.000000E+00  0.206317E+08
  0.127600E-03  0.206315E+08  0.206315E+08  0.251296E+08  0.251262E+08  0.000000E+00  0.206315E+08
  0.130177E-03  0.206313E+08  0.206313E+08  0.250363E+08  0.250328E+08  0.000000E+00  0.206313E+08
  0.132807E-03  0.206311E+08  0.206311E+08  0.249396E+08  0.249360E+08  0.000000E+00  0.206311E+08
  0.135490E-03  0.206309E+08  0.206309E+08  0.248393E+08  0.248355E+08  0.000000E+00  0.206309E+08
  0.138227E-03  0.206307E+08  0.206307E+08  0.247353E+08  0.247314E+08  0.000000E+00  0.206307E+08
  0.141019E-03  0.206304E+08  0.206304E+08  0.246274E+08  0.246234E+08  0.000000E+00  0.206304E+08
  0.143868E-03  0.206302E+08  0.206302E+08  0.245156E+08  0.245115E+08  0.000000E+00  0.206302E+08
  0.146775E-03  0.206299E+08  0.206299E+08  0.243998E+08  0.243955E+08  0.000000E+00  0.206299E+08
  0.149740E-03  0.206296E+08  0.206296E+08  0.242797E+08  0.242752E+08  0.000000E+00  0.206296E+08
  0.152765E-03  0.206294E+08  0.206294E+08  0.241553E+08  0.241507E+08  0.000000E+00  0.206294E+08
  0.155851E-03  0.206291E+08  0.206291E+08  0.240265E+08  0.240217E+08  0.000000E+00  0.206291E+08
  0.158999E-03  0.206288E+08  0.206288E+08  0.238930E+08  0.238881E+08  0.000000E+00  0.206288E+08
  0.162211E-03  0.206284E+08  0.206284E+08  0.237548E+08  0.237497E+08  0.000000E+00  0.206284E+08
  0.165488E-03  0.206281E+08  0.206281E+08  0.236118E+08  0.236065E+08  0.000000E+00  0.206281E+08
  0.168831E-03  0.206278E+08  0.206278E+08  0.234638E+08  0.234583E+08  0.000000E+00  0.206278E+08
  0.172242E-03  0.206274E+08  0.206274E+08  0.233106E+08  0.233049E+08  0.000000E+00  0.206274E+08
  0.175721E-03  0.206270E+08  0.206270E+08  0.231521E+08  0.231463E+08  0.000000E+00  0.206270E+08
  0.179271E-03  0.206267E+08  0.206267E+08  0.229882E+08  0.229822E+08  0.000000E+00  0.206267E+08
  0.182892E-03  0.206263E+08  0.206262E+08  0.228187E+08  0.228125E+08  0.000000E+00  0.206263E+08
  0.186587E-03  0.206258E+08  0.206258E+08  0.226436E+08  0.226372E+08  0.000000E+00  0.206258E+08
  0.190356E-03  0.206254E+08  0.206254E+08  0.224625E+08  0.224559E+08  0.000000E+00  0.206254E+08
  0.194202E-03  0.206250E+08  0.206249E+08  0.222755E+08  0.222687E+08  0.000000E+00  0.206250E+08
  0.198125E-03  0.206245E+08  0.206245E+08  0.220824E+08  0.220754E+08  0.000000E+00  0.206245E+08
  0.202127E-03  0.206240E+08  0.206240E+08  0.218830E+08  0.218758E+08  0.000000E+00  0.206240E+08
  0.206211E-03  0.206235E+08  0.206235E+08  0.216772E+08  0.216698E+08  0.000000E+00  0.206235E+08
  0.210376E-03  0.206230E+08  0.206230E+08  0.214649E+08  0.214573E+08  0.000000E+00  0.206230E+08
  0.214626E-03  0.206224E+08  0.206224E+08  0.212460E+08  0.212381E+08  0.000000E+00  0.206224E+08
  0.218962E-03  0.206218E+08  0.206218E+08  0.210203E+08  0.210122E+08  0.000000E+00  0.206218E+08
  0.223385E-03  0.206212E+08  0.206212E+08  0.207877E+08  0.207794E+08  0.000000E+00  0.206212E+08
  0.227898E-03  0.206206E+08  0.206206E+08  0.205481E+08  0.205396E+08  0.000000E+00  0.206206E+08
  0.232502E-03  0.206200E+08  0.206200E+08  0.203014E+08  0.202926E+08  0.000000E+00  0.206200E+08
  0.237199E-03  0.206193E+08  0.206193E+08  0.200476E+08  0.200386E+08  0.000000E+00  0.206193E+08
  0.241990E-03  0.206186E+08  0.206186E+08  0.197864E+08  0.197772E+08  0.000000E+00  0.206186E+08
  0.246879E-03  0.206179E+08  0.206179E+08  0.195179E+08  0.195085E+08  0.000000E+00  0.206179E+08
  0.251866E-03  0.206172E+08  0.206172E+08  0.192421E+08  0.192324E+08  0.000000E+00  0.206172E+08
  0.256954E-03  0.206164E+08  0.206164E+08  0.189587E+08  0.189488E+08  0.000000E+00  0.206164E+08
  0.262145E-03  0.206156E+08  0.206156E+08  0.186679E+08  0.186577E+08  0.000000E+00  0.206156E+08
  0.267441E-03  0.206147E+08  0.206147E+08  0.183695E+08  0.183592E+08  0.000000E+00  0.206147E+08
  0.272843E-03  0.206139E+08  0.206139E+08  0.180636E+08  0.180531E+08  0.000000E+00  0.206139E+08
  0.278355E-03  0.206130E+08  0.206130E+08  0.177503E+08  0.177395E+08  0.000000E+00  0.206130E+08
  0.283978E-03  0.206120E+08  0.206120E+08  0.174294E+08  0.174184E+08  0.000000E+00  0.206120E+08
  0.289715E-03  0.206110E+08  0.206110E+08  0.171012E+08  0.170900E+08  0.000000E+00  0.206110E+08
  0.295568E-03  0.206100E+08  0.206100E+08  0.167656E+08  0.167542E+08  0.000000E+00  0.206100E+08
  0.301539E-03  0.206090E+08  0.206090E+08  0.164227E+08  0.164112E+08  0.000000E+00  0.206090E+08
  0.307630E-03  0.206079E+08  0.206079E+08  0.160728E+08  0.160611E+08  0.000000E+00  0.206079E+08
  0.313845E-03  0.206067E+08  0.206067E+08  0.157159E+08  0.157041E+08  0.000000E+00  0.206067E+08
  0.320185E-03  0.206056E+08  0.206056E+08  0.153523E+08  0.153403E+08  0.000000E+00  0.206056E+08
  0.326653E-03  0.206043E+08  0.206043E+08  0.149821E+08  0.149700E+08  0.000000E+00  0.206043E+08
  0.333252E-03  0.206031E+08  0.206031E+08  0.146057E+08  0.145934E+08  0.000000E+00  0.206031E+08
  0.339984E-03  0.206018E+08  0.206017E+08  0.142232E+08  0.142108E+08  0.000000E+00  0.206018E+08
  0.346852E-03  0.206004E+08  0.206004E+08  0.138350E+08  0.138226E+08  0.000000E+00  0.206004E+08
  0.353859E-03  0.205990E+08  0.205989E+08  0.134415E+08  0.134290E+08  0.000000E+00  0.205990E+08
  0.361007E-03  0.205975E+08  0.205975E+08  0.130431E+08  0.130306E+08  0.000000E+00  0.205975E+08
  0.368300E-03  0.205960E+08  0.205959E+08  0.126402E+08  0.126277E+08  0.000000E+00  0.205960E+08
  0.375740E-03  0.205944E+08  0.205944E+08  0.122333E+08  0.122208E+08  0.000000E+00  0.205944E+08
  0.383331E-03  0.205927E+08  0.205927E+08  0.118229E+08  0.118104E+08  0.000000E+00  0.205927E+08
  0.391074E-03  0.205910E+08  0.205910E+08  0.114096E+08  0.113971E+08  0.000000E+00  0.205910E+08
  0.398975E-03  0.205892E+08  0.205892E+08  0.109940E+08  0.109816E+08  0.000000E+00  0.205892E+08
  0.407035E-03  0.205874E+08  0.205874E+08  0.105767E+08  0.105644E+08  0.000000E+00  0.205874E+08
  0.415257E-03  0.205855E+08  0.205855E+08  0.101584E+08  0.101463E+08  0.000000E+00  0.205855E+08
  0.423646E-03  0.205835E+08  0.205835E+08  0.973987E+07  0.972796E+07  0.000000E+00  0.205835E+08
  0.432204E-03  0.205815E+08  0.205815E+08  0.932188E+07  0.931020E+07  0.000000E+00  0.205815E+08
  0.440935E-03  0.205794E+08  0.205793E+08  0.890525E+07  0.889382E+07  0.000000E+00  0.205794E+08
  0.449843E-03  0.205772E+08  0.205771E+08  0.849081E+07  0.847968E+07  0.000000E+00  0.205772E+08
  0.458930E-03  0.205749E+08  0.205749E+08  0.807946E+07  0.806865E+07  0.000000E+00  0.205749E+08
  0.468201E-03  0.205725E+08  0.205725E+08  0.767211E+07  0.766166E+07  0.000000E+00  0.205725E+08
  0.477659E-03  0.205701E+08  0.205701E+08  0.726969E+07  0.725964E+07  0.000000E+00  0.205701E+08
  0.487309E-03  0.205676E+08  0.205675E+08  0.687317E+07  0.686357E+07  0.000000E+00  0.205676E+08
  0.497153E-03  0.205649E+08  0.205649E+08  0.648353E+07  0.647440E+07  0.000000E+00  0.205649E+08
  0.507196E-03  0.205622E+08  0.205622E+08  0.610175E+07  0.609313E+07  0.000000E+00  0.205622E+08
  0.517442E-03  0.205594E+08  0.205594E+08  0.572882E+07  0.572074E+07  0.000000E+00  0.205594E+08
  0.527895E-03  0.205565E+08  0.205565E+08  0.536572E+07  0.535820E+07  0.000000E+00  0.205565E+08
  0.538559E-03  0.205535E+08  0.205535E+08  0.501340E+07  0.500649E+07  0.000000E+00  0.205535E+08
  0.549439E-03  0.205504E+08  0.205503E+08  0.467282E+07  0.466653E+07  0.000000E+00  0.205504E+08
  0.560538E-03  0.205472E+08  0.205471E+08  0.434487E+07  0.433922E+07  0.000000E+00  0.205472E+08
  0.571862E-03  0.205438E+08  0.205438E+08  0.403041E+07  0.402543E+07  0.000000E+00  0.205438E+08
  0.583415E-03  0.205404E+08  0.205403E+08  0.373023E+07  0.372594E+07  0.000000E+00  0.205404E+08
  0.595200E-03  0.205368E+08  0.205368E+08  0.344507E+07  0.344147E+07  0.000000E+00  0.205368E+08
  0.607224E-03  0.205332E+08  0.205331E+08  0.317558E+07  0.317268E+07  0.000000E+00  0.205331E+08
  0.619491E-03  0.205293E+08  0.205293E+08  0.292230E+07  0.292010E+07  0.000000E+00  0.205293E+08
  0.632005E-03  0.205254E+08  0.205254E+08  0.268568E+07  0.268417E+07  0.000000E+00  0.205254E+08
  0.644773E-03  0.205214E+08  0.205213E+08  0.246604E+07  0.246521E+07  0.000000E+00  0.205213E+08
  0.657798E-03  0.205172E+08  0.205171E+08  0.226359E+07  0.226342E+07  0.000000E+00  0.205171E+08
  0.671086E-03  0.205128E+08  0.205128E+08  0.207837E+07  0.207885E+07  0.000000E+00  0.205128E+08
  0.684643E-03  0.205083E+08  0.205083E+08  0.191031E+07  0.191139E+07  0.000000E+00  0.205083E+08
  0.698474E-03  0.205037E+08  0.205037E+08  0.175914E+07  0.176079E+07  0.000000E+00  0.205037E+08
  0.712584E-03  0.204990E+08  0.204989E+08  0.162447E+07  0.162665E+07  0.000000E+00  0.204989E+08
  0.726979E-03  0.204940E+08  0.204940E+08  0.150572E+07  0.150838E+07  0.000000E+00  0.204940E+08
  0.741665E-03  0.204890E+08  0.204889E+08  0.140217E+07  0.140525E+07  0.000000E+00  0.204889E+08
  0.756648E-03  0.204837E+08  0.204836E+08  0.131292E+07  0.131636E+07  0.000000E+00  0.204837E+08
  0.771933E-03  0.204783E+08  0.204782E+08  0.123692E+07  0.124067E+07  0.000000E+00  0.204783E+08
  0.787527E-03  0.204727E+08  0.204726E+08  0.117299E+07  0.117698E+07  0.000000E+00  0.204727E+08
  0.803436E-03  0.204670E+08  0.204669E+08  0.111983E+07  0.112398E+07  0.000000E+00  0.204670E+08
  0.819667E-03  0.204610E+08  0.204609E+08  0.107601E+07  0.108027E+07  0.000000E+00  0.204610E+08
  0.836225E-03  0.204549E+08  0.204548E+08  0.104004E+07  0.104433E+07  0.000000E+00  0.204549E+08
  0.853118E-03  0.204486E+08  0.204485E+08  0.101036E+07  0.101463E+07  0.000000E+00  0.204486E+08
  0.870352E-03  0.204421E+08  0.204420E+08  0.985400E+06  0.989583E+06  0.000000E+00  0.204421E+08
  0.887934E-03  0.204355E+08  0.204353E+08  0.963583E+06  0.967630E+06  0.000000E+00  0.204354E+08
  0.905872E-03  0.204286E+08  0.204284E+08  0.943393E+06  0.947259E+06  0.000000E+00  0.204285E+08
  0.924172E-03  0.204215E+08  0.204213E+08  0.923397E+06  0.927047E+06  0.000000E+00  0.204214E+08
  0.942841E-03  0.204142E+08  0.204140E+08  0.902287E+06  0.905694E+06  0.000000E+00  0.204141E+08
  0.961888E-03  0.204066E+08  0.204065E+08  0.878920E+06  0.882067E+06  0.000000E+00  0.204066E+08
  0.981319E-03  0.203989E+08  0.203987E+08  0.852351E+06  0.855234E+06  0.000000E+00  0.203989E+08
  0.100114E-02  0.203909E+08  0.203908E+08  0.821868E+06  0.824494E+06  0.000000E+00  0.203909E+08
  0.102137E-02  0.203827E+08  0.203825E+08  0.787015E+06  0.789401E+06  0.000000E+00  0.203827E+08
  0.104200E-02  0.203742E+08  0.203741E+08  0.747614E+06  0.749786E+06  0.000000E+00  0.203742E+08
  0.106305E-02  0.203655E+08  0.203654E+08  0.703770E+06  0.705762E+06  0.000000E+00  0.203655E+08
  0.108453E-02  0.203566E+08  0.203564E+08  0.655870E+06  0.657722E+06  0.000000E+00  0.203566E+08
  0.110643E-02  0.203474E+08  0.203472E+08  0.604570E+06  0.606326E+06  0.000000E+00  0.203473E+08
  0.112879E-02  0.203379E+08  0.203377E+08  0.550768E+06  0.552470E+06  0.000000E+00  0.203379E+08
  0.115159E-02  0.203282E+08  0.203280E+08  0.495559E+06  0.497248E+06  0.000000E+00  0.203281E+08
  0.117485E-02  0.203181E+08  0.203179E+08  0.440192E+06  0.441902E+06  0.000000E+00  0.203181E+08
  0.119859E-02  0.203078E+08  0.203076E+08  0.385998E+06  0.387749E+06  0.000000E+00  0.203078E+08
  0.122280E-02  0.202972E+08  0.202970E+08  0.334317E+06  0.336120E+06  0.000000E+00  0.202972E+08
  0.124750E-02  0.202863E+08  0.202861E+08  0.286424E+06  0.288272E+06  0.000000E+00  0.202863E+08
  0.127270E-02  0.202751E+08  0.202749E+08  0.243450E+06  0.245318E+06  0.000000E+00  0.202751E+08
  0.129841E-02  0.202636E+08  0.202634E+08  0.206298E+06  0.208146E+06  0.000000E+00  0.202636E+08
  0.132464E-02  0.202518E+08  0.202515E+08  0.175586E+06  0.177354E+06  0.000000E+00  0.202518E+08
  0.135140E-02  0.202396E+08  0.202394E+08  0.151586E+06  0.153201E+06  0.000000E+00  0.202396E+08
  0.137870E-02  0.202272E+08  0.202269E+08  0.134195E+06  0.135574E+06  0.000000E+00  0.202271E+08
  0.140655E-02  0.202143E+08  0.202140E+08  0.122927E+06  0.123982E+06  0.000000E+00  0.202143E+08
  0.143497E-02  0.202011E+08  0.202008E+08  0.116931E+06  0.117576E+06  0.000000E+00  0.202011E+08
  0.146396E-02  0.201876E+08  0.201873E+08  0.115044E+06  0.115205E+06  0.000000E+00  0.201876E+08
  0.149353E-02  0.201737E+08  0.201734E+08  0.000000E+00  0.000000E+00  0.000000E+00  0.201736E+08
  0.152370E-02  0.201594E+08  0.201591E+08  0.000000E+00  0.000000E+00  0.000000E+00  0.201594E+08
  0.155448E-02  0.201447E+08  0.201444E+08  0.000000E+00  0.000000E+00  0.000000E+00  0.201447E+08
  0.158589E-02  0.201297E+08  0.201293E+08  0.000000E+00  0.000000E+00  0.000000E+00  0.201296E+08
  0.161792E-02  0.201142E+08  0.201139E+08  0.000000E+00  0.000000E+00  0.000000E+00  0.201142E+08
  0.165061E-02  0.200984E+08  0.200980E+08  0.000000E+00  0.000000E+00  0.000000E+00  0.200983E+08
  0.168395E-02  0.200821E+08  0.200817E+08  0.000000E+00  0.000000E+00  0.000000E+00  0.200820E+08
  0.171797E-02  0.200654E+08  0.200650E+08  0.000000E+00  0.000000E+00  0.000000E+00  0.200653E+08
  0.175267E-02  0.200482E+08  0.200478E+08  0.000000E+00  0.000000E+00  0.000000E+00  0.200482E+08
  0.178808E-02  0.200307E+08  0.200302E+08  0.000000E+00  0.000000E+00  0.000000E+00  0.200306E+08
  0.182420E-02  0.200126E+08  0.200122E+08  0.000000E+00  0.000000E+00  0.000000E+00  0.200126E+08
  0.186105E-02  0.199941E+08  0.199936E+08  0.000000E+00  0.000000E+00  0.000000E+00  0.199941E+08
  0.189865E-02  0.199752E+08  0.199746E+08  0.000000E+00  0.000000E+00  0.000000E+00  0.199751E+08
  0.193700E-02  0.199557E+08  0.199552E+08  0.000000E+00  0.000000E+00  0.000000E+00  0.199556E+08
  0.197613E-02  0.199358E+08  0.199352E+08  0.000000E+00  0.000000E+00  0.000000E+00  0.199357E+08
  0.201606E-02  0.199153E+08  0.199148E+08  0.000000E+00  0.000000E+00  0.000000E+00  0.199152E+08
  0.205678E-02  0.198944E+08  0.198938E+08  0.000000E+00  0.000000E+00  0.000000E+00  0.198943E+08
  0.209833E-02  0.198729E+08  0.198723E+08  0.000000E+00  0.000000E+00  0.000000E+00  0.198728E+08
  0.214072E-02  0.198509E+08  0.198502E+08  0.000000E+00  0.000000E+00  0.000000E+00  0.198508E+08
  0.218397E-02  0.198283E+08  0.198277E+08  0.000000E+00  0.000000E+00  0.000000E+00  0.198282E+08
  0.222809E-02  0.198052E+08  0.198045E+08  0.000000E+00  0.000000E+00  0.000000E+00  0.198051E+08
  0.227310E-02  0.197816E+08  0.197808E+08  0.000000E+00  0.000000E+00  0.000000E+00  0.197815E+08
  0.231902E-02  0.197573E+08  0.197566E+08  0.000000E+00  0.000000E+00  0.000000E+00  0.197572E+08
  0.236586E-02  0.197325E+08  0.197317E+08  0.000000E+00  0.000000E+00  0.000000E+00  0.197324E+08
  0.241366E-02  0.197071E+08  0.197063E+08  0.000000E+00  0.000000E+00  0.000000E+00  0.197070E+08
  0.246242E-02  0.196811E+08  0.196802E+08  0.000000E+00  0.000000E+00  0.000000E+00  0.196809E+08
  0.251216E-02  0.196544E+08  0.196536E+08  0.000000E+00  0.000000E+00  0.000000E+00  0.196543E+08
  0.256291E-02  0.196272E+08  0.196262E+08  0.000000E+00  0.000000E+00  0.000000E+00  0.196270E+08
  0.261468E-02  0.195993E+08  0.195983E+08  0.000000E+00  0.000000E+00  0.000000E+00  0.195991E+08
  0.266750E-02  0.195707E+08  0.195697E+08  0.000000E+00  0.000000E+00  0.000000E+00  0.195706E+08
  0.272139E-02  0.195415E+08  0.195405E+08  0.000000E+00  0.000000E+00  0.000000E+00  0.195413E+08
  0.277637E-02  0.195116E+08  0.195105E+08  0.000000E+00  0.000000E+00  0.000000E+00  0.195114E+08
  0.283245E-02  0.194810E+08  0.194799E+08  0.000000E+00  0.000000E+00  0.000000E+00  0.194809E+08
  0.288967E-02  0.194498E+08  0.194486E+08  0.000000E+00  0.000000E+00  0.000000E+00  0.194496E+08
  0.294805E-02  0.194178E+08  0.194166E+08  0.000000E+00  0.000000E+00  0.000000E+00  0.194176E+08
  0.300760E-02  0.193851E+08  0.193838E+08  0.000000E+00  0.000000E+00  0.000000E+00  0.193849E+08
  0.306836E-02  0.193517E+08  0.193503E+08  0.000000E+00  0.000000E+00  0.000000E+00  0.193515E+08
  0.313034E-02  0.193175E+08  0.193161E+08  0.000000E+00  0.000000E+00  0.000000E+00  0.193173E+08
  0.319358E-02  0.192826E+08  0.192811E+08  0.000000E+00  0.000000E+00  0.000000E+00  0.192823E+08
  0.325810E-02  0.192469E+08  0.192454E+08  0.000000E+00  0.000000E+00  0.000000E+00  0.192466E+08
  0.332391E-02  0.192104E+08  0.192089E+08  0.000000E+00  0.000000E+00  0.000000E+00  0.192102E+08
  0.339106E-02  0.191731E+08  0.191716E+08  0.000000E+00  0.000000E+00  0.000000E+00  0.191729E+08
  0.345956E-02  0.191351E+08  0.191334E+08  0.000000E+00  0.000000E+00  0.000000E+00  0.191348E+08
  0.352945E-02  0.190962E+08  0.190945E+08  0.000000E+00  0.000000E+00  0.000000E+00  0.190959E+08
  0.360075E-02  0.190565E+08  0.190547E+08  0.000000E+00  0.000000E+00  0.000000E+00  0.190562E+08
  0.367349E-02  0.190160E+08  0.190141E+08  0.000000E+00  0.000000E+00  0.000000E+00  0.190157E+08
  0.374770E-02  0.189746E+08  0.189727E+08  0.000000E+00  0.000000E+00  0.000000E+00  0.189743E+08
  0.382341E-02  0.189323E+08  0.189303E+08  0.000000E+00  0.000000E+00  0.000000E+00  0.189320E+08
  0.390065E-02  0.188892E+08  0.188871E+08  0.000000E+00  0.000000E+00  0.000000E+00  0.188889E+08
  0.397945E-02  0.188452E+08  0.188431E+08  0.000000E+00  0.000000E+00  0.000000E+00  0.188449E+08
  0.405984E-02  0.188003E+08  0.187981E+08  0.000000E+00  0.000000E+00  0.000000E+00  0.188000E+08
  0.414185E-02  0.187545E+08  0.187522E+08  0.000000E+00  0.000000E+00  0.000000E+00  0.187541E+08
  0.422552E-02  0.187078E+08  0.187053E+08  0.000000E+00  0.000000E+00  0.000000E+00  0.187074E+08
  0.431088E-02  0.186601E+08  0.186576E+08  0.000000E+00  0.000000E+00  0.000000E+00  0.186597E+08
  0.439797E-02  0.186115E+08  0.186089E+08  0.000000E+00  0.000000E+00  0.000000E+00  0.186111E+08
  0.448681E-02  0.185619E+08  0.185592E+08  0.000000E+00  0.000000E+00  0.000000E+00  0.185615E+08
  0.457745E-02  0.185114E+08  0.185085E+08  0.000000E+00  0.000000E+00  0.000000E+00  0.185109E+08
  0.466992E-02  0.184598E+08  0.184569E+08  0.000000E+00  0.000000E+00  0.000000E+00  0.184594E+08
  0.476426E-02  0.184073E+08  0.184043E+08  0.000000E+00  0.000000E+00  0.000000E+00  0.184068E+08
  0.486051E-02  0.183538E+08  0.183506E+08  0.000000E+00  0.000000E+00  0.000000E+00  0.183533E+08
  0.495869E-02  0.182992E+08  0.182959E+08  0.000000E+00  0.000000E+00  0.000000E+00  0.182987E+08
  0.505887E-02  0.182436E+08  0.182402E+08  0.000000E+00  0.000000E+00  0.000000E+00  0.182431E+08
  0.516106E-02  0.181870E+08  0.181835E+08  0.000000E+00  0.000000E+00  0.000000E+00  0.181865E+08
  0.526532E-02  0.181293E+08  0.181257E+08  0.000000E+00  0.000000E+00  0.000000E+00  0.181288E+08
  0.537169E-02  0.180706E+08  0.180668E+08  0.000000E+00  0.000000E+00  0.000000E+00  0.180700E+08
  0.548021E-02  0.180108E+08  0.180068E+08  0.000000E+00  0.000000E+00  0.000000E+00  0.180102E+08
  0.559091E-02  0.179499E+08  0.179458E+08  0.000000E+00  0.000000E+00  0.000000E+00  0.179492E+08
  0.570386E-02  0.178878E+08  0.178836E+08  0.000000E+00  0.000000E+00  0.000000E+00  0.178872E+08
  0.581908E-02  0.178247E+08  0.178203E+08  0.000000E+00  0.000000E+00  0.000000E+00  0.178240E+08
  0.593664E-02  0.177605E+08  0.177559E+08  0.000000E+00  0.000000E+00  0.000000E+00  0.177598E+08
  0.605656E-02  0.176951E+08  0.176903E+08  0.000000E+00  0.000000E+00  0.000000E+00  0.176943E+08
  0.617892E-02  0.176285E+08  0.176236E+08  0.000000E+00  0.000000E+00  0.000000E+00  0.176278E+08
  0.630374E-02  0.175608E+08  0.175557E+08  0.000000E+00  0.000000E+00  0.000000E+00  0.175600E+08
  0.643108E-02  0.174920E+08  0.174866E+08  0.000000E+00  0.000000E+00  0.000000E+00  0.174911E+08
  0.656100E-02  0.174219E+08  0.174164E+08  0.000000E+00  0.000000E+00  0.000000E+00  0.174210E+08
  0.669354E-02  0.173506E+08  0.173449E+08  0.000000E+00  0.000000E+00  0.000000E+00  0.173498E+08
  0.682876E-02  0.172782E+08  0.172722E+08  0.000000E+00  0.000000E+00  0.000000E+00  0.172773E+08
  0.696671E-02  0.172045E+08  0.171983E+08  0.000000E+00  0.000000E+00  0.000000E+00  0.172035E+08
  0.710744E-02  0.171296E+08  0.171232E+08  0.000000E+00  0.000000E+00  0.000000E+00  0.171286E+08
  0.725102E-02  0.170534E+08  0.170468E+08  0.000000E+00  0.000000E+00  0.000000E+00  0.170524E+08
  0.739750E-02  0.169760E+08  0.169691E+08  0.000000E+00  0.000000E+00  0.000000E+00  0.169750E+08
  0.754694E-02  0.168974E+08  0.168902E+08  0.000000E+00  0.000000E+00  0.000000E+00  0.168962E+08
  0.769940E-02  0.168174E+08  0.168100E+08  0.000000E+00  0.000000E+00  0.000000E+00  0.168162E+08
  0.785494E-02  0.167362E+08  0.167285E+08  0.000000E+00  0.000000E+00  0.000000E+00  0.167350E+08
  0.801362E-02  0.166536E+08  0.166456E+08  0.000000E+00  0.000000E+00  0.000000E+00  0.166524E+08
  0.817550E-02  0.165698E+08  0.165615E+08  0.000000E+00  0.000000E+00  0.000000E+00  0.165685E+08
  0.834066E-02  0.164846E+08  0.164760E+08  0.000000E+00  0.000000E+00  0.000000E+00  0.164833E+08
  0.850916E-02  0.163981E+08  0.163892E+08  0.000000E+00  0.000000E+00  0.000000E+00  0.163967E+08
  0.868105E-02  0.163103E+08  0.163011E+08  0.000000E+00  0.000000E+00  0.000000E+00  0.163088E+08
  0.885642E-02  0.162211E+08  0.162115E+08  0.000000E+00  0.000000E+00  0.000000E+00  0.162196E+08
  0.903533E-02  0.161305E+08  0.161206E+08  0.000000E+00  0.000000E+00  0.000000E+00  0.161290E+08
  0.921786E-02  0.160386E+08  0.160283E+08  0.000000E+00  0.000000E+00  0.000000E+00  0.160370E+08
  0.940407E-02  0.159452E+08  0.159346E+08  0.000000E+00  0.000000E+00  0.000000E+00  0.159436E+08
  0.959405E-02  0.158505E+08  0.158395E+08  0.000000E+00  0.000000E+00  0.000000E+00  0.158488E+08
  0.978786E-02  0.157544E+08  0.157430E+08  0.000000E+00  0.000000E+00  0.000000E+00  0.157526E+08
  0.998559E-02  0.156568E+08  0.156451E+08  0.000000E+00  0.000000E+00  0.000000E+00  0.156550E+08
  0.101873E-01  0.155579E+08  0.155457E+08  0.000000E+00  0.000000E+00  0.000000E+00  0.155560E+08
  0.103931E-01  0.154575E+08  0.154448E+08  0.000000E+00  0.000000E+00  0.000000E+00  0.154555E+08
  0.106031E-01  0.153556E+08  0.153425E+08  0.000000E+00  0.000000E+00  0.000000E+00  0.153536E+08
  0.108173E-01  0.152523E+08  0.152388E+08  0.000000E+00  0.000000E+00  0.000000E+00  0.152502E+08
  0.110358E-01  0.151475E+08  0.151335E+08  0.000000E+00  0.000000E+00  0.000000E+00  0.151453E+08
  0.112587E-01  0.150413E+08  0.150268E+08  0.000000E+00  0.000000E+00  0.000000E+00  0.150390E+08
  0.114862E-01  0.149335E+08  0.149186E+08  0.000000E+00  0.000000E+00  0.000000E+00  0.149312E+08
  0.117182E-01  0.148243E+08  0.148088E+08  0.000000E+00  0.000000E+00  0.000000E+00  0.148219E+08
  0.119549E-01  0.147136E+08  0.146976E+08  0.000000E+00  0.000000E+00  0.000000E+00  0.147111E+08
  0.121964E-01  0.146014E+08  0.145848E+08  0.000000E+00  0.000000E+00  0.000000E+00  0.145988E+08
  0.124428E-01  0.144877E+08  0.144706E+08  0.000000E+00  0.000000E+00  0.000000E+00  0.144850E+08
  0.126942E-01  0.143724E+08  0.143548E+08  0.000000E+00  0.000000E+00  0.000000E+00  0.143697E+08
  0.129506E-01  0.142557E+08  0.142374E+08  0.000000E+00  0.000000E+00  0.000000E+00  0.142529E+08
  0.132122E-01  0.141374E+08  0.141186E+08  0.000000E+00  0.000000E+00  0.000000E+00  0.141345E+08
  0.134791E-01  0.140176E+08  0.139982E+08  0.000000E+00  0.000000E+00  0.000000E+00  0.140146E+08
  0.137514E-01  0.138963E+08  0.138762E+08  0.000000E+00  0.000000E+00  0.000000E+00  0.138932E+08
  0.140292E-01  0.137735E+08  0.137528E+08  0.000000E+00  0.000000E+00  0.000000E+00  0.137703E+08
  0.143126E-01  0.136491E+08  0.136277E+08  0.000000E+00  0.000000E+00  0.000000E+00  0.136458E+08
  0.146018E-01  0.135233E+08  0.135012E+08  0.000000E+00  0.000000E+00  0.000000E+00  0.135198E+08
  0.148967E-01  0.133959E+08  0.133731E+08  0.000000E+00  0.000000E+00  0.000000E+00  0.133923E+08
  0.151977E-01  0.132670E+08  0.132435E+08  0.000000E+00  0.000000E+00  0.000000E+00  0.132633E+08
  0.155047E-01  0.131366E+08  0.131124E+08  0.000000E+00  0.000000E+00  0.000000E+00  0.131328E+08
  0.158179E-01  0.130047E+08  0.129798E+08  0.000000E+00  0.000000E+00  0.000000E+00  0.130008E+08
  0.161375E-01  0.128713E+08  0.128457E+08  0.000000E+00  0.000000E+00  0.000000E+00  0.128673E+08
  0.164635E-01  0.127365E+08  0.127101E+08  0.000000E+00  0.000000E+00  0.000000E+00  0.127324E+08
  0.167960E-01  0.126285E+08  0.126013E+08  0.000000E+00  0.000000E+00  0.000000E+00  0.126243E+08
  0.171353E-01  0.124921E+08  0.124642E+08  0.000000E+00  0.000000E+00  0.000000E+00  0.124878E+08
  0.174815E-01  0.123544E+08  0.123257E+08  0.000000E+00  0.000000E+00  0.000000E+00  0.123499E+08
  0.178346E-01  0.122153E+08  0.121858E+08  0.000000E+00  0.000000E+00  0.000000E+00  0.122107E+08
  0.181949E-01  0.120748E+08  0.120445E+08  0.000000E+00  0.000000E+00  0.000000E+00  0.120701E+08
  0.185625E-01  0.119330E+08  0.119019E+08  0.000000E+00  0.000000E+00  0.000000E+00  0.119282E+08
  0.189375E-01  0.117900E+08  0.117580E+08  0.000000E+00  0.000000E+00  0.000000E+00  0.117850E+08
  0.193200E-01  0.116456E+08  0.116129E+08  0.000000E+00  0.000000E+00  0.000000E+00  0.116405E+08
  0.197103E-01  0.115001E+08  0.114665E+08  0.000000E+00  0.000000E+00  0.000000E+00  0.114949E+08
  0.201085E-01  0.113534E+08  0.113190E+08  0.000000E+00  0.000000E+00  0.000000E+00  0.113481E+08
  0.205147E-01  0.112056E+08  0.111703E+08  0.000000E+00  0.000000E+00  0.000000E+00  0.112001E+08
  0.209291E-01  0.110567E+08  0.110206E+08  0.000000E+00  0.000000E+00  0.000000E+00  0.110511E+08
  0.213519E-01  0.109067E+08  0.108698E+08  0.000000E+00  0.000000E+00  0.000000E+00  0.109010E+08
  0.217833E-01  0.107318E+08  0.106941E+08  0.000000E+00  0.000000E+00  0.000000E+00  0.107260E+08
  0.222233E-01  0.105795E+08  0.105409E+08  0.000000E+00  0.000000E+00  0.000000E+00  0.105735E+08
  0.226723E-01  0.104264E+08  0.103870E+08  0.000000E+00  0.000000E+00  0.000000E+00  0.104203E+08
  0.231303E-01  0.102726E+08  0.102324E+08  0.000000E+00  0.000000E+00  0.000000E+00  0.102663E+08
  0.235976E-01  0.101181E+08  0.100772E+08  0.000000E+00  0.000000E+00  0.000000E+00  0.101117E+08
  0.240743E-01  0.996312E+07  0.992142E+07  0.000000E+00  0.000000E+00  0.000000E+00  0.995663E+07
  0.245606E-01  0.980770E+07  0.976525E+07  0.000000E+00  0.000000E+00  0.000000E+00  0.980109E+07
  0.250567E-01  0.965194E+07  0.960878E+07  0.000000E+00  0.000000E+00  0.000000E+00  0.964523E+07
  0.255629E-01  0.949596E+07  0.945212E+07  0.000000E+00  0.000000E+00  0.000000E+00  0.948914E+07
  0.260793E-01  0.933988E+07  0.929537E+07  0.000000E+00  0.000000E+00  0.000000E+00  0.933295E+07
  0.266062E-01  0.919252E+07  0.914740E+07  0.000000E+00  0.000000E+00  0.000000E+00  0.918550E+07
  0.271436E-01  0.903649E+07  0.899078E+07  0.000000E+00  0.000000E+00  0.000000E+00  0.902938E+07
  0.276920E-01  0.888071E+07  0.883447E+07  0.000000E+00  0.000000E+00  0.000000E+00  0.887352E+07
  0.282514E-01  0.872533E+07  0.867858E+07  0.000000E+00  0.000000E+00  0.000000E+00  0.871806E+07
  0.288221E-01  0.857048E+07  0.852329E+07  0.000000E+00  0.000000E+00  0.000000E+00  0.856314E+07
  0.294044E-01  0.841632E+07  0.836873E+07  0.000000E+00  0.000000E+00  0.000000E+00  0.840892E+07
  0.299984E-01  0.826301E+07  0.821508E+07  0.000000E+00  0.000000E+00  0.000000E+00  0.825556E+07
  0.306044E-01  0.811071E+07  0.806251E+07  0.000000E+00  0.000000E+00  0.000000E+00  0.810322E+07
  0.312226E-01  0.795826E+07  0.790984E+07  0.000000E+00  0.000000E+00  0.000000E+00  0.795073E+07
  0.318534E-01  0.780799E+07  0.775943E+07  0.000000E+00  0.000000E+00  0.000000E+00  0.780044E+07
  0.324968E-01  0.765862E+07  0.760999E+07  0.000000E+00  0.000000E+00  0.000000E+00  0.765106E+07
  0.331533E-01  0.751094E+07  0.746232E+07  0.000000E+00  0.000000E+00  0.000000E+00  0.750338E+07
  0.338231E-01  0.741140E+07  0.736285E+07  0.000000E+00  0.000000E+00  0.000000E+00  0.740385E+07
  0.345063E-01  0.726755E+07  0.721916E+07  0.000000E+00  0.000000E+00  0.000000E+00  0.726002E+07
  0.352034E-01  0.712590E+07  0.707777E+07  0.000000E+00  0.000000E+00  0.000000E+00  0.711842E+07
  0.359146E-01  0.698719E+07  0.693940E+07  0.000000E+00  0.000000E+00  0.000000E+00  0.697976E+07
  0.366401E-01  0.685059E+07  0.680322E+07  0.000000E+00  0.000000E+00  0.000000E+00  0.684322E+07
  0.373803E-01  0.671671E+07  0.666987E+07  0.000000E+00  0.000000E+00  0.000000E+00  0.670943E+07
  0.381354E-01  0.658571E+07  0.653948E+07  0.000000E+00  0.000000E+00  0.000000E+00  0.657852E+07
  0.389058E-01  0.645771E+07  0.641218E+07  0.000000E+00  0.000000E+00  0.000000E+00  0.645063E+07
  0.396917E-01  0.633280E+07  0.628808E+07  0.000000E+00  0.000000E+00  0.000000E+00  0.632585E+07
  0.404935E-01  0.621110E+07  0.616726E+07  0.000000E+00  0.000000E+00  0.000000E+00  0.620428E+07
  0.413116E-01  0.609263E+07  0.604978E+07  0.000000E+00  0.000000E+00  0.000000E+00  0.608596E+07
  0.421461E-01  0.597744E+07  0.593566E+07  0.000000E+00  0.000000E+00  0.000000E+00  0.597094E+07
  0.429975E-01  0.583882E+07  0.579819E+07  0.000000E+00  0.000000E+00  0.000000E+00  0.583250E+07
  0.438661E-01  0.572993E+07  0.569054E+07  0.000000E+00  0.000000E+00  0.000000E+00  0.572380E+07
  0.447523E-01  0.562422E+07  0.558612E+07  0.000000E+00  0.000000E+00  0.000000E+00  0.561829E+07
  0.456563E-01  0.552163E+07  0.548490E+07  0.000000E+00  0.000000E+00  0.000000E+00  0.551591E+07
  0.465787E-01  0.542208E+07  0.538678E+07  0.000000E+00  0.000000E+00  0.000000E+00  0.541659E+07
  0.475196E-01  0.532552E+07  0.529169E+07  0.000000E+00  0.000000E+00  0.000000E+00  0.532025E+07
  0.484796E-01  0.523182E+07  0.519951E+07  0.000000E+00  0.000000E+00  0.000000E+00  0.522679E+07
  0.494590E-01  0.514100E+07  0.511023E+07  0.000000E+00  0.000000E+00  0.000000E+00  0.513621E+07
  0.504581E-01  0.505276E+07  0.502355E+07  0.000000E+00  0.000000E+00  0.000000E+00  0.504822E+07
  0.514774E-01  0.496705E+07  0.493940E+07  0.000000E+00  0.000000E+00  0.000000E+00  0.496275E+07
  0.525173E-01  0.489768E+07  0.487157E+07  0.000000E+00  0.000000E+00  0.000000E+00  0.489362E+07
  0.535782E-01  0.481656E+07  0.479198E+07  0.000000E+00  0.000000E+00  0.000000E+00  0.481273E+07
  0.546606E-01  0.473736E+07  0.471427E+07  0.000000E+00  0.000000E+00  0.000000E+00  0.473376E+07
  0.557648E-01  0.465976E+07  0.463812E+07  0.000000E+00  0.000000E+00  0.000000E+00  0.465639E+07
  0.568913E-01  0.458342E+07  0.456315E+07  0.000000E+00  0.000000E+00  0.000000E+00  0.458027E+07
  0.580406E-01  0.450796E+07  0.448898E+07  0.000000E+00  0.000000E+00  0.000000E+00  0.450501E+07
  0.592131E-01  0.443298E+07  0.441520E+07  0.000000E+00  0.000000E+00  0.000000E+00  0.443022E+07
  0.604093E-01  0.435809E+07  0.434139E+07  0.000000E+00  0.000000E+00  0.000000E+00  0.435549E+07
  0.616296E-01  0.428296E+07  0.426723E+07  0.000000E+00  0.000000E+00  0.000000E+00  0.428052E+07
  0.628746E-01  0.419698E+07  0.418209E+07  0.000000E+00  0.000000E+00  0.000000E+00  0.419466E+07
  0.641448E-01  0.412036E+07  0.410618E+07  0.000000E+00  0.000000E+00  0.000000E+00  0.411816E+07
  0.654406E-01  0.404282E+07  0.402921E+07  0.000000E+00  0.000000E+00  0.000000E+00  0.404070E+07
  0.667626E-01  0.396424E+07  0.395104E+07  0.000000E+00  0.000000E+00  0.000000E+00  0.396219E+07
  0.681113E-01  0.388451E+07  0.387159E+07  0.000000E+00  0.000000E+00  0.000000E+00  0.388250E+07
  0.694872E-01  0.380356E+07  0.379077E+07  0.000000E+00  0.000000E+00  0.000000E+00  0.380157E+07
  0.708909E-01  0.372130E+07  0.370850E+07  0.000000E+00  0.000000E+00  0.000000E+00  0.371931E+07
  0.723230E-01  0.364175E+07  0.362881E+07  0.000000E+00  0.000000E+00  0.000000E+00  0.363974E+07
  0.737841E-01  0.355671E+07  0.354352E+07  0.000000E+00  0.000000E+00  0.000000E+00  0.355466E+07
  0.752746E-01  0.347030E+07  0.345676E+07  0.000000E+00  0.000000E+00  0.000000E+00  0.346819E+07
  0.767953E-01  0.338267E+07  0.336871E+07  0.000000E+00  0.000000E+00  0.000000E+00  0.338050E+07
  0.783466E-01  0.329415E+07  0.327971E+07  0.000000E+00  0.000000E+00  0.000000E+00  0.329190E+07
  0.799293E-01  0.320519E+07  0.319024E+07  0.000000E+00  0.000000E+00  0.000000E+00  0.320286E+07
  0.815440E-01  0.311640E+07  0.310093E+07  0.000000E+00  0.000000E+00  0.000000E+00  0.311399E+07
  0.831913E-01  0.302847E+07  0.301251E+07  0.000000E+00  0.000000E+00  0.000000E+00  0.302598E+07
  0.848719E-01  0.294210E+07  0.292570E+07  0.000000E+00  0.000000E+00  0.000000E+00  0.293955E+07
  0.865864E-01  0.285797E+07  0.284120E+07  0.000000E+00  0.000000E+00  0.000000E+00  0.285537E+07
  0.883356E-01  0.277667E+07  0.275963E+07  0.000000E+00  0.000000E+00  0.000000E+00  0.277402E+07
  0.901200E-01  0.269868E+07  0.268149E+07  0.000000E+00  0.000000E+00  0.000000E+00  0.269601E+07
  0.919406E-01  0.262436E+07  0.260716E+07  0.000000E+00  0.000000E+00  0.000000E+00  0.262169E+07
  0.937979E-01  0.255398E+07  0.253692E+07  0.000000E+00  0.000000E+00  0.000000E+00  0.255133E+07
  0.956928E-01  0.248771E+07  0.247093E+07  0.000000E+00  0.000000E+00  0.000000E+00  0.248510E+07
  0.976259E-01  0.242562E+07  0.240929E+07  0.000000E+00  0.000000E+00  0.000000E+00  0.242308E+07
  0.995981E-01  0.236771E+07  0.235198E+07  0.000000E+00  0.000000E+00  0.000000E+00  0.236527E+07
  0.101610E+00  0.231390E+07  0.229889E+07  0.000000E+00  0.000000E+00  0.000000E+00  0.231156E+07
  0.103663E+00  0.226397E+07  0.224981E+07  0.000000E+00  0.000000E+00  0.000000E+00  0.226177E+07
  0.105757E+00  0.221763E+07  0.220438E+07  0.000000E+00  0.000000E+00  0.000000E+00  0.221557E+07
  0.107893E+00  0.217437E+07  0.216210E+07  0.000000E+00  0.000000E+00  0.000000E+00  0.217246E+07
  0.110073E+00  0.213352E+07  0.212223E+07  0.000000E+00  0.000000E+00  0.000000E+00  0.213176E+07
  0.112297E+00  0.209422E+07  0.208388E+07  0.000000E+00  0.000000E+00  0.000000E+00  0.209261E+07
  0.114565E+00  0.205555E+07  0.204611E+07  0.000000E+00  0.000000E+00  0.000000E+00  0.205408E+07
  0.116879E+00  0.201663E+07  0.200799E+07  0.000000E+00  0.000000E+00  0.000000E+00  0.201529E+07
  0.119240E+00  0.197676E+07  0.196878E+07  0.000000E+00  0.000000E+00  0.000000E+00  0.197552E+07
  0.121649E+00  0.193541E+07  0.192795E+07  0.000000E+00  0.000000E+00  0.000000E+00  0.193425E+07
  0.124107E+00  0.189224E+07  0.188513E+07  0.000000E+00  0.000000E+00  0.000000E+00  0.189114E+07
  0.126614E+00  0.184705E+07  0.184012E+07  0.000000E+00  0.000000E+00  0.000000E+00  0.184597E+07
  0.129172E+00  0.179975E+07  0.179285E+07  0.000000E+00  0.000000E+00  0.000000E+00  0.179868E+07
  0.131781E+00  0.175048E+07  0.174346E+07  0.000000E+00  0.000000E+00  0.000000E+00  0.174939E+07
  0.134443E+00  0.169960E+07  0.169235E+07  0.000000E+00  0.000000E+00  0.000000E+00  0.169847E+07
  0.137159E+00  0.164769E+07  0.164015E+07  0.000000E+00  0.000000E+00  0.000000E+00  0.164651E+07
  0.139930E+00  0.159553E+07  0.158767E+07  0.000000E+00  0.000000E+00  0.000000E+00  0.159430E+07
  0.142757E+00  0.154402E+07  0.153586E+07  0.000000E+00  0.000000E+00  0.000000E+00  0.154275E+07
  0.145641E+00  0.149413E+07  0.148573E+07  0.000000E+00  0.000000E+00  0.000000E+00  0.149282E+07
  0.148583E+00  0.144679E+07  0.143825E+07  0.000000E+00  0.000000E+00  0.000000E+00  0.144546E+07
  0.151584E+00  0.140274E+07  0.139420E+07  0.000000E+00  0.000000E+00  0.000000E+00  0.140141E+07
  0.154647E+00  0.136243E+07  0.135402E+07  0.000000E+00  0.000000E+00  0.000000E+00  0.136112E+07
  0.157771E+00  0.132597E+07  0.131784E+07  0.000000E+00  0.000000E+00  0.000000E+00  0.132471E+07
  0.160958E+00  0.129319E+07  0.128545E+07  0.000000E+00  0.000000E+00  0.000000E+00  0.129198E+07
  0.164209E+00  0.126357E+07  0.125632E+07  0.000000E+00  0.000000E+00  0.000000E+00  0.126244E+07
  0.167527E+00  0.123634E+07  0.122964E+07  0.000000E+00  0.000000E+00  0.000000E+00  0.123530E+07
  0.170911E+00  0.121056E+07  0.120442E+07  0.000000E+00  0.000000E+00  0.000000E+00  0.120961E+07
  0.174364E+00  0.118532E+07  0.117969E+07  0.000000E+00  0.000000E+00  0.000000E+00  0.118444E+07
  0.177886E+00  0.115976E+07  0.115456E+07  0.000000E+00  0.000000E+00  0.000000E+00  0.115895E+07
  0.181479E+00  0.113309E+07  0.112821E+07  0.000000E+00  0.000000E+00  0.000000E+00  0.113233E+07
  0.185146E+00  0.110475E+07  0.110007E+07  0.000000E+00  0.000000E+00  0.000000E+00  0.110402E+07
  0.188886E+00  0.107458E+07  0.106997E+07  0.000000E+00  0.000000E+00  0.000000E+00  0.107386E+07
  0.192702E+00  0.104286E+07  0.103821E+07  0.000000E+00  0.000000E+00  0.000000E+00  0.104214E+07
  0.196594E+00  0.101023E+07  0.100548E+07  0.000000E+00  0.000000E+00  0.000000E+00  0.100949E+07
  0.200566E+00  0.977477E+06  0.972597E+06  0.000000E+00  0.000000E+00  0.000000E+00  0.976718E+06
  0.204617E+00  0.945439E+06  0.940452E+06  0.000000E+00  0.000000E+00  0.000000E+00  0.944663E+06
  0.208751E+00  0.914925E+06  0.909890E+06  0.000000E+00  0.000000E+00  0.000000E+00  0.914141E+06
  0.212968E+00  0.886692E+06  0.881695E+06  0.000000E+00  0.000000E+00  0.000000E+00  0.885915E+06
  0.217270E+00  0.861193E+06  0.856330E+06  0.000000E+00  0.000000E+00  0.000000E+00  0.860437E+06
  0.221660E+00  0.838311E+06  0.833666E+06  0.000000E+00  0.000000E+00  0.000000E+00  0.837589E+06
  0.226137E+00  0.817479E+06  0.813110E+06  0.000000E+00  0.000000E+00  0.000000E+00  0.816800E+06
  0.230706E+00  0.797979E+06  0.793907E+06  0.000000E+00  0.000000E+00  0.000000E+00  0.797346E+06
  0.235366E+00  0.779023E+06  0.775228E+06  0.000000E+00  0.000000E+00  0.000000E+00  0.778432E+06
  0.240121E+00  0.759829E+06  0.756258E+06  0.000000E+00  0.000000E+00  0.000000E+00  0.759274E+06
  0.244972E+00  0.739859E+06  0.736439E+06  0.000000E+00  0.000000E+00  0.000000E+00  0.739327E+06
  0.249921E+00  0.718915E+06  0.715571E+06  0.000000E+00  0.000000E+00  0.000000E+00  0.718395E+06
  0.254969E+00  0.697184E+06  0.693854E+06  0.000000E+00  0.000000E+00  0.000000E+00  0.696666E+06
  0.260120E+00  0.675163E+06  0.671817E+06  0.000000E+00  0.000000E+00  0.000000E+00  0.674642E+06
  0.265375E+00  0.653526E+06  0.650167E+06  0.000000E+00  0.000000E+00  0.000000E+00  0.653004E+06
  0.270736E+00  0.632932E+06  0.629591E+06  0.000000E+00  0.000000E+00  0.000000E+00  0.632412E+06
  0.276205E+00  0.613800E+06  0.610527E+06  0.000000E+00  0.000000E+00  0.000000E+00  0.613291E+06
  0.281785E+00  0.596278E+06  0.593123E+06  0.000000E+00  0.000000E+00  0.000000E+00  0.595787E+06
  0.287477E+00  0.580161E+06  0.577157E+06  0.000000E+00  0.000000E+00  0.000000E+00  0.579694E+06
  0.293284E+00  0.564876E+06  0.562033E+06  0.000000E+00  0.000000E+00  0.000000E+00  0.564433E+06
  0.299209E+00  0.549855E+06  0.547156E+06  0.000000E+00  0.000000E+00  0.000000E+00  0.549435E+06
  0.305254E+00  0.534690E+06  0.532100E+06  0.000000E+00  0.000000E+00  0.000000E+00  0.534287E+06
  0.311420E+00  0.519179E+06  0.516658E+06  0.000000E+00  0.000000E+00  0.000000E+00  0.518787E+06
  0.317711E+00  0.503394E+06  0.500912E+06  0.000000E+00  0.000000E+00  0.000000E+00  0.503008E+06
  0.324129E+00  0.487700E+06  0.485244E+06  0.000000E+00  0.000000E+00  0.000000E+00  0.487318E+06
  0.330677E+00  0.472503E+06  0.470081E+06  0.000000E+00  0.000000E+00  0.000000E+00  0.472126E+06
  0.337357E+00  0.458129E+06  0.455763E+06  0.000000E+00  0.000000E+00  0.000000E+00  0.457761E+06
  0.344172E+00  0.444688E+06  0.442402E+06  0.000000E+00  0.000000E+00  0.000000E+00  0.444332E+06
  0.351125E+00  0.432032E+06  0.429840E+06  0.000000E+00  0.000000E+00  0.000000E+00  0.431691E+06
  0.358218E+00  0.419832E+06  0.417734E+06  0.000000E+00  0.000000E+00  0.000000E+00  0.419506E+06
  0.365455E+00  0.407779E+06  0.405760E+06  0.000000E+00  0.000000E+00  0.000000E+00  0.407465E+06
  0.372838E+00  0.395721E+06  0.393761E+06  0.000000E+00  0.000000E+00  0.000000E+00  0.395416E+06
  0.380369E+00  0.383684E+06  0.381769E+06  0.000000E+00  0.000000E+00  0.000000E+00  0.383386E+06
  0.388053E+00  0.371839E+06  0.369964E+06  0.000000E+00  0.000000E+00  0.000000E+00  0.371548E+06
  0.395893E+00  0.360417E+06  0.358587E+06  0.000000E+00  0.000000E+00  0.000000E+00  0.360132E+06
  0.403890E+00  0.349536E+06  0.347760E+06  0.000000E+00  0.000000E+00  0.000000E+00  0.349260E+06
  0.412049E+00  0.339175E+06  0.337462E+06  0.000000E+00  0.000000E+00  0.000000E+00  0.338908E+06
  0.420373E+00  0.329179E+06  0.327528E+06  0.000000E+00  0.000000E+00  0.000000E+00  0.328922E+06
  0.428865E+00  0.319382E+06  0.317787E+06  0.000000E+00  0.000000E+00  0.000000E+00  0.319134E+06
  0.437529E+00  0.309716E+06  0.308167E+06  0.000000E+00  0.000000E+00  0.000000E+00  0.309475E+06
  0.446368E+00  0.300213E+06  0.298706E+06  0.000000E+00  0.000000E+00  0.000000E+00  0.299979E+06
  0.455385E+00  0.290967E+06  0.289499E+06  0.000000E+00  0.000000E+00  0.000000E+00  0.290738E+06
  0.464584E+00  0.282063E+06  0.280639E+06  0.000000E+00  0.000000E+00  0.000000E+00  0.281841E+06
  0.473969E+00  0.273509E+06  0.272131E+06  0.000000E+00  0.000000E+00  0.000000E+00  0.273294E+06
  0.483544E+00  0.265233E+06  0.263902E+06  0.000000E+00  0.000000E+00  0.000000E+00  0.265026E+06
  0.493312E+00  0.257159E+06  0.255870E+06  0.000000E+00  0.000000E+00  0.000000E+00  0.256958E+06
  0.503278E+00  0.249259E+06  0.248009E+06  0.000000E+00  0.000000E+00  0.000000E+00  0.249065E+06
  0.513445E+00  0.241558E+06  0.240344E+06  0.000000E+00  0.000000E+00  0.000000E+00  0.241369E+06
  0.523817E+00  0.234093E+06  0.232915E+06  0.000000E+00  0.000000E+00  0.000000E+00  0.233909E+06
  0.534399E+00  0.226884E+06  0.225743E+06  0.000000E+00  0.000000E+00  0.000000E+00  0.226706E+06
  0.545195E+00  0.219904E+06  0.218800E+06  0.000000E+00  0.000000E+00  0.000000E+00  0.219733E+06
  0.556208E+00  0.213118E+06  0.212048E+06  0.000000E+00  0.000000E+00  0.000000E+00  0.212951E+06
  0.567444E+00  0.206508E+06  0.205471E+06  0.000000E+00  0.000000E+00  0.000000E+00  0.206347E+06
  0.578907E+00  0.200083E+06  0.199078E+06  0.000000E+00  0.000000E+00  0.000000E+00  0.199927E+06
  0.590602E+00  0.193854E+06  0.192879E+06  0.000000E+00  0.000000E+00  0.000000E+00  0.193702E+06
  0.602533E+00  0.187823E+06  0.186880E+06  0.000000E+00  0.000000E+00  0.000000E+00  0.187677E+06
  0.614705E+00  0.181972E+06  0.181058E+06  0.000000E+00  0.000000E+00  0.000000E+00  0.181830E+06
  0.627123E+00  0.176287E+06  0.175402E+06  0.000000E+00  0.000000E+00  0.000000E+00  0.176150E+06
  0.639792E+00  0.170767E+06  0.169909E+06  0.000000E+00  0.000000E+00  0.000000E+00  0.170633E+06
  0.652717E+00  0.165411E+06  0.164580E+06  0.000000E+00  0.000000E+00  0.000000E+00  0.165282E+06
  0.665902E+00  0.160222E+06  0.159417E+06  0.000000E+00  0.000000E+00  0.000000E+00  0.160097E+06
  0.679354E+00  0.155187E+06  0.154408E+06  0.000000E+00  0.000000E+00  0.000000E+00  0.155066E+06
  0.693078E+00  0.150302E+06  0.149547E+06  0.000000E+00  0.000000E+00  0.000000E+00  0.150184E+06
  0.707079E+00  0.145561E+06  0.144830E+06  0.000000E+00  0.000000E+00  0.000000E+00  0.145448E+06
  0.721363E+00  0.140965E+06  0.140257E+06  0.000000E+00  0.000000E+00  0.000000E+00  0.140854E+06
  0.735936E+00  0.136509E+06  0.135823E+06  0.000000E+00  0.000000E+00  0.000000E+00  0.136402E+06
  0.750802E+00  0.132185E+06  0.131522E+06  0.000000E+00  0.000000E+00  0.000000E+00  0.132082E+06
  0.765970E+00  0.127992E+06  0.127349E+06  0.000000E+00  0.000000E+00  0.000000E+00  0.127892E+06
  0.781443E+00  0.123926E+06  0.123304E+06  0.000000E+00  0.000000E+00  0.000000E+00  0.123829E+06
  0.797230E+00  0.119985E+06  0.119382E+06  0.000000E+00  0.000000E+00  0.000000E+00  0.119891E+06
  0.813334E+00  0.116163E+06  0.115579E+06  0.000000E+00  0.000000E+00  0.000000E+00  0.116072E+06
  0.829765E+00  0.112457E+06  0.111892E+06  0.000000E+00  0.000000E+00  0.000000E+00  0.112369E+06
  0.846527E+00  0.108864E+06  0.108318E+06  0.000000E+00  0.000000E+00  0.000000E+00  0.108779E+06
  0.863629E+00  0.105383E+06  0.104854E+06  0.000000E+00  0.000000E+00  0.000000E+00  0.105300E+06
  0.881075E+00  0.102007E+06  0.101495E+06  0.000000E+00  0.000000E+00  0.000000E+00  0.101928E+06
  0.898874E+00  0.987359E+05  0.982403E+05  0.000000E+00  0.000000E+00  0.000000E+00  0.986588E+05
  0.917032E+00  0.955660E+05  0.950863E+05  0.000000E+00  0.000000E+00  0.000000E+00  0.954914E+05
  0.935558E+00  0.924937E+05  0.920295E+05  0.000000E+00  0.000000E+00  0.000000E+00  0.924215E+05
  0.954457E+00  0.895166E+05  0.890673E+05  0.000000E+00  0.000000E+00  0.000000E+00  0.894467E+05
  0.973738E+00  0.866315E+05  0.861967E+05  0.000000E+00  0.000000E+00  0.000000E+00  0.865639E+05
  0.993410E+00  0.838360E+05  0.834153E+05  0.000000E+00  0.000000E+00  0.000000E+00  0.837706E+05
  0.101348E+01  0.811274E+05  0.807202E+05  0.000000E+00  0.000000E+00  0.000000E+00  0.810640E+05
  0.103395E+01  0.785025E+05  0.781086E+05  0.000000E+00  0.000000E+00  0.000000E+00  0.784412E+05
  0.105484E+01  0.759601E+05  0.755789E+05  0.000000E+00  0.000000E+00  0.000000E+00  0.759008E+05
  0.107615E+01  0.734965E+05  0.731277E+05  0.000000E+00  0.000000E+00  0.000000E+00  0.734391E+05
  0.109789E+01  0.711102E+05  0.707533E+05  0.000000E+00  0.000000E+00  0.000000E+00  0.710546E+05
  0.112007E+01  0.687988E+05  0.684535E+05  0.000000E+00  0.000000E+00  0.000000E+00  0.687450E+05
  0.114269E+01  0.665598E+05  0.662258E+05  0.000000E+00  0.000000E+00  0.000000E+00  0.665079E+05
  0.116578E+01  0.643913E+05  0.640682E+05  0.000000E+00  0.000000E+00  0.000000E+00  0.643410E+05
  0.118933E+01  0.622910E+05  0.619784E+05  0.000000E+00  0.000000E+00  0.000000E+00  0.622424E+05
  0.121335E+01  0.602568E+05  0.599545E+05  0.000000E+00  0.000000E+00  0.000000E+00  0.602098E+05
  0.123786E+01  0.582870E+05  0.579946E+05  0.000000E+00  0.000000E+00  0.000000E+00  0.582416E+05
  0.126287E+01  0.563792E+05  0.560963E+05  0.000000E+00  0.000000E+00  0.000000E+00  0.563352E+05
  0.128838E+01  0.545319E+05  0.542583E+05  0.000000E+00  0.000000E+00  0.000000E+00  0.544893E+05
  0.131441E+01  0.527432E+05  0.524786E+05  0.000000E+00  0.000000E+00  0.000000E+00  0.527020E+05
  0.134096E+01  0.510115E+05  0.507556E+05  0.000000E+00  0.000000E+00  0.000000E+00  0.509717E+05
  0.136805E+01  0.493350E+05  0.490875E+05  0.000000E+00  0.000000E+00  0.000000E+00  0.492965E+05
  0.139569E+01  0.477119E+05  0.474725E+05  0.000000E+00  0.000000E+00  0.000000E+00  0.476747E+05
  0.142388E+01  0.461406E+05  0.459091E+05  0.000000E+00  0.000000E+00  0.000000E+00  0.461046E+05
  0.145265E+01  0.446194E+05  0.443956E+05  0.000000E+00  0.000000E+00  0.000000E+00  0.445846E+05
  0.148199E+01  0.431468E+05  0.429304E+05  0.000000E+00  0.000000E+00  0.000000E+00  0.431132E+05
  0.151193E+01  0.417214E+05  0.415121E+05  0.000000E+00  0.000000E+00  0.000000E+00  0.416888E+05
  0.154247E+01  0.403415E+05  0.401391E+05  0.000000E+00  0.000000E+00  0.000000E+00  0.403100E+05
  0.157363E+01  0.390060E+05  0.388104E+05  0.000000E+00  0.000000E+00  0.000000E+00  0.389756E+05
  0.160542E+01  0.377136E+05  0.375244E+05  0.000000E+00  0.000000E+00  0.000000E+00  0.376842E+05
  0.163786E+01  0.364627E+05  0.362798E+05  0.000000E+00  0.000000E+00  0.000000E+00  0.364342E+05
  0.167094E+01  0.352522E+05  0.350754E+05  0.000000E+00  0.000000E+00  0.000000E+00  0.352247E+05
  0.170470E+01  0.340806E+05  0.339096E+05  0.000000E+00  0.000000E+00  0.000000E+00  0.340540E+05
  0.173913E+01  0.329470E+05  0.327818E+05  0.000000E+00  0.000000E+00  0.000000E+00  0.329213E+05
  0.177427E+01  0.318500E+05  0.316902E+05  0.000000E+00  0.000000E+00  0.000000E+00  0.318252E+05
  0.181011E+01  0.307887E+05  0.306342E+05  0.000000E+00  0.000000E+00  0.000000E+00  0.307646E+05
  0.184668E+01  0.297618E+05  0.296125E+05  0.000000E+00  0.000000E+00  0.000000E+00  0.297386E+05
  0.188398E+01  0.287683E+05  0.286240E+05  0.000000E+00  0.000000E+00  0.000000E+00  0.287458E+05
  0.192204E+01  0.278071E+05  0.276676E+05  0.000000E+00  0.000000E+00  0.000000E+00  0.277854E+05
  0.196087E+01  0.268772E+05  0.267423E+05  0.000000E+00  0.000000E+00  0.000000E+00  0.268562E+05
  0.200048E+01  0.259775E+05  0.258472E+05  0.000000E+00  0.000000E+00  0.000000E+00  0.259572E+05
  0.204089E+01  0.251073E+05  0.249813E+05  0.000000E+00  0.000000E+00  0.000000E+00  0.250877E+05
  0.208212E+01  0.242654E+05  0.241437E+05  0.000000E+00  0.000000E+00  0.000000E+00  0.242465E+05
  0.212418E+01  0.234511E+05  0.233334E+05  0.000000E+00  0.000000E+00  0.000000E+00  0.234328E+05
  0.216710E+01  0.226634E+05  0.225497E+05  0.000000E+00  0.000000E+00  0.000000E+00  0.226457E+05
  0.221087E+01  0.219015E+05  0.217916E+05  0.000000E+00  0.000000E+00  0.000000E+00  0.218844E+05
  0.225554E+01  0.211646E+05  0.210584E+05  0.000000E+00  0.000000E+00  0.000000E+00  0.211480E+05
  0.230110E+01  0.204519E+05  0.203493E+05  0.000000E+00  0.000000E+00  0.000000E+00  0.204360E+05
  0.234759E+01  0.197627E+05  0.196635E+05  0.000000E+00  0.000000E+00  0.000000E+00  0.197473E+05
  0.239501E+01  0.190962E+05  0.190004E+05  0.000000E+00  0.000000E+00  0.000000E+00  0.190813E+05
  0.244339E+01  0.184516E+05  0.183590E+05  0.000000E+00  0.000000E+00  0.000000E+00  0.184372E+05
  0.249275E+01  0.178284E+05  0.177389E+05  0.000000E+00  0.000000E+00  0.000000E+00  0.178144E+05
  0.254311E+01  0.172257E+05  0.171392E+05  0.000000E+00  0.000000E+00  0.000000E+00  0.172122E+05
  0.259448E+01  0.166429E+05  0.165594E+05  0.000000E+00  0.000000E+00  0.000000E+00  0.166299E+05
  0.264690E+01  0.160794E+05  0.159987E+05  0.000000E+00  0.000000E+00  0.000000E+00  0.160669E+05
  0.270037E+01  0.155346E+05  0.154566E+05  0.000000E+00  0.000000E+00  0.000000E+00  0.155224E+05
  0.275492E+01  0.150078E+05  0.149325E+05  0.000000E+00  0.000000E+00  0.000000E+00  0.149961E+05
  0.281057E+01  0.144984E+05  0.144257E+05  0.000000E+00  0.000000E+00  0.000000E+00  0.144871E+05
  0.286735E+01  0.140061E+05  0.139358E+05  0.000000E+00  0.000000E+00  0.000000E+00  0.139951E+05
  0.292527E+01  0.135300E+05  0.134621E+05  0.000000E+00  0.000000E+00  0.000000E+00  0.135194E+05
  0.298437E+01  0.130698E+05  0.130042E+05  0.000000E+00  0.000000E+00  0.000000E+00  0.130596E+05
  0.304466E+01  0.126249E+05  0.125616E+05  0.000000E+00  0.000000E+00  0.000000E+00  0.126151E+05
  0.310616E+01  0.121950E+05  0.121338E+05  0.000000E+00  0.000000E+00  0.000000E+00  0.121854E+05
  0.316891E+01  0.117793E+05  0.117202E+05  0.000000E+00  0.000000E+00  0.000000E+00  0.117701E+05
  0.323292E+01  0.113776E+05  0.113205E+05  0.000000E+00  0.000000E+00  0.000000E+00  0.113687E+05
  0.329824E+01  0.109892E+05  0.109341E+05  0.000000E+00  0.000000E+00  0.000000E+00  0.109807E+05
  0.336486E+01  0.106139E+05  0.105606E+05  0.000000E+00  0.000000E+00  0.000000E+00  0.106056E+05
  0.343284E+01  0.102511E+05  0.101997E+05  0.000000E+00  0.000000E+00  0.000000E+00  0.102431E+05
  0.350219E+01  0.990050E+04  0.985081E+04  0.000000E+00  0.000000E+00  0.000000E+00  0.989277E+04
  0.357294E+01  0.956162E+04  0.951362E+04  0.000000E+00  0.000000E+00  0.000000E+00  0.955416E+04
  0.364511E+01  0.923414E+04  0.918779E+04  0.000000E+00  0.000000E+00  0.000000E+00  0.922693E+04
  0.371875E+01  0.891767E+04  0.887290E+04  0.000000E+00  0.000000E+00  0.000000E+00  0.891070E+04
  0.379387E+01  0.861185E+04  0.856861E+04  0.000000E+00  0.000000E+00  0.000000E+00  0.860513E+04
  0.387051E+01  0.831634E+04  0.827458E+04  0.000000E+00  0.000000E+00  0.000000E+00  0.830984E+04
  0.394870E+01  0.803079E+04  0.799046E+04  0.000000E+00  0.000000E+00  0.000000E+00  0.802451E+04
  0.402847E+01  0.775485E+04  0.771591E+04  0.000000E+00  0.000000E+00  0.000000E+00  0.774879E+04
  0.410985E+01  0.748824E+04  0.745063E+04  0.000000E+00  0.000000E+00  0.000000E+00  0.748239E+04
  0.419288E+01  0.723061E+04  0.719429E+04  0.000000E+00  0.000000E+00  0.000000E+00  0.722496E+04
  0.427758E+01  0.698168E+04  0.694661E+04  0.000000E+00  0.000000E+00  0.000000E+00  0.697623E+04
  0.436399E+01  0.674117E+04  0.670731E+04  0.000000E+00  0.000000E+00  0.000000E+00  0.673590E+04
  0.445215E+01  0.650880E+04  0.647610E+04  0.000000E+00  0.000000E+00  0.000000E+00  0.650371E+04
  0.454209E+01  0.628433E+04  0.625275E+04  0.000000E+00  0.000000E+00  0.000000E+00  0.627941E+04
  0.463385E+01  0.606745E+04  0.603697E+04  0.000000E+00  0.000000E+00  0.000000E+00  0.606271E+04
  0.472746E+01  0.585796E+04  0.582852E+04  0.000000E+00  0.000000E+00  0.000000E+00  0.585338E+04
  0.482296E+01  0.565556E+04  0.562714E+04  0.000000E+00  0.000000E+00  0.000000E+00  0.565114E+04
  0.492039E+01  0.546006E+04  0.543261E+04  0.000000E+00  0.000000E+00  0.000000E+00  0.545579E+04
  0.501979E+01  0.527118E+04  0.524468E+04  0.000000E+00  0.000000E+00  0.000000E+00  0.526706E+04
  0.512119E+01  0.508873E+04  0.506315E+04  0.000000E+00  0.000000E+00  0.000000E+00  0.508475E+04
  0.522465E+01  0.491249E+04  0.488779E+04  0.000000E+00  0.000000E+00  0.000000E+00  0.490865E+04
  0.533019E+01  0.474227E+04  0.471842E+04  0.000000E+00  0.000000E+00  0.000000E+00  0.473856E+04
  0.543787E+01  0.457784E+04  0.455482E+04  0.000000E+00  0.000000E+00  0.000000E+00  0.457426E+04
  0.554772E+01  0.441905E+04  0.439682E+04  0.000000E+00  0.000000E+00  0.000000E+00  0.441559E+04
  0.565979E+01  0.426567E+04  0.424421E+04  0.000000E+00  0.000000E+00  0.000000E+00  0.426233E+04
  0.577413E+01  0.411754E+04  0.409682E+04  0.000000E+00  0.000000E+00  0.000000E+00  0.411431E+04
  0.589078E+01  0.397446E+04  0.395446E+04  0.000000E+00  0.000000E+00  0.000000E+00  0.397135E+04
  0.600977E+01  0.383628E+04  0.381697E+04  0.000000E+00  0.000000E+00  0.000000E+00  0.383328E+04
  0.613118E+01  0.370281E+04  0.368417E+04  0.000000E+00  0.000000E+00  0.000000E+00  0.369992E+04
  0.625504E+01  0.357394E+04  0.355594E+04  0.000000E+00  0.000000E+00  0.000000E+00  0.357114E+04
  0.638140E+01  0.344948E+04  0.343211E+04  0.000000E+00  0.000000E+00  0.000000E+00  0.344678E+04
  0.651031E+01  0.332931E+04  0.331254E+04  0.000000E+00  0.000000E+00  0.000000E+00  0.332670E+04
  0.664183E+01  0.321325E+04  0.319706E+04  0.000000E+00  0.000000E+00  0.000000E+00  0.321073E+04
  0.677600E+01  0.310119E+04  0.308556E+04  0.000000E+00  0.000000E+00  0.000000E+00  0.309876E+04
  0.691289E+01  0.299297E+04  0.297788E+04  0.000000E+00  0.000000E+00  0.000000E+00  0.299062E+04
  0.705253E+01  0.288848E+04  0.287391E+04  0.000000E+00  0.000000E+00  0.000000E+00  0.288621E+04
  0.719501E+01  0.278757E+04  0.277352E+04  0.000000E+00  0.000000E+00  0.000000E+00  0.278539E+04
  0.734036E+01  0.269015E+04  0.267658E+04  0.000000E+00  0.000000E+00  0.000000E+00  0.268804E+04
  0.748864E+01  0.259609E+04  0.258299E+04  0.000000E+00  0.000000E+00  0.000000E+00  0.259405E+04
  0.763993E+01  0.250527E+04  0.249263E+04  0.000000E+00  0.000000E+00  0.000000E+00  0.250330E+04
  0.779426E+01  0.241759E+04  0.240539E+04  0.000000E+00  0.000000E+00  0.000000E+00  0.241569E+04
  0.795172E+01  0.233293E+04  0.232115E+04  0.000000E+00  0.000000E+00  0.000000E+00  0.233110E+04
  0.811235E+01  0.225120E+04  0.223983E+04  0.000000E+00  0.000000E+00  0.000000E+00  0.224943E+04
  0.827623E+01  0.217229E+04  0.216131E+04  0.000000E+00  0.000000E+00  0.000000E+00  0.217058E+04
  0.844342E+01  0.209611E+04  0.208552E+04  0.000000E+00  0.000000E+00  0.000000E+00  0.209446E+04
  0.861399E+01  0.202257E+04  0.201234E+04  0.000000E+00  0.000000E+00  0.000000E+00  0.202098E+04
  0.878800E+01  0.195158E+04  0.194171E+04  0.000000E+00  0.000000E+00  0.000000E+00  0.195005E+04
  0.896553E+01  0.188305E+04  0.187352E+04  0.000000E+00  0.000000E+00  0.000000E+00  0.188157E+04
  0.914665E+01  0.181689E+04  0.180769E+04  0.000000E+00  0.000000E+00  0.000000E+00  0.181546E+04
  0.933142E+01  0.175302E+04  0.174415E+04  0.000000E+00  0.000000E+00  0.000000E+00  0.175164E+04
  0.951993E+01  0.169138E+04  0.168281E+04  0.000000E+00  0.000000E+00  0.000000E+00  0.169004E+04
  0.971225E+01  0.163187E+04  0.162360E+04  0.000000E+00  0.000000E+00  0.000000E+00  0.163058E+04
  0.990844E+01  0.157444E+04  0.156645E+04  0.000000E+00  0.000000E+00  0.000000E+00  0.157319E+04
  0.101086E+02  0.151900E+04  0.151129E+04  0.000000E+00  0.000000E+00  0.000000E+00  0.151780E+04
  0.103128E+02  0.146549E+04  0.145805E+04  0.000000E+00  0.000000E+00  0.000000E+00  0.146433E+04
  0.105212E+02  0.141383E+04  0.140665E+04  0.000000E+00  0.000000E+00  0.000000E+00  0.141272E+04
  0.107337E+02  0.136398E+04  0.135705E+04  0.000000E+00  0.000000E+00  0.000000E+00  0.136290E+04
  0.109505E+02  0.131587E+04  0.130918E+04  0.000000E+00  0.000000E+00  0.000000E+00  0.131483E+04
  0.111717E+02  0.126943E+04  0.126297E+04  0.000000E+00  0.000000E+00  0.000000E+00  0.126843E+04
  0.113974E+02  0.122462E+04  0.121838E+04  0.000000E+00  0.000000E+00  0.000000E+00  0.122365E+04
  0.116277E+02  0.118136E+04  0.117534E+04  0.000000E+00  0.000000E+00  0.000000E+00  0.118043E+04
  0.118626E+02  0.113962E+04  0.113381E+04  0.000000E+00  0.000000E+00  0.000000E+00  0.113871E+04
  0.121022E+02  0.109933E+04  0.109372E+04  0.000000E+00  0.000000E+00  0.000000E+00  0.109846E+04
  0.123467E+02  0.106045E+04  0.105504E+04  0.000000E+00  0.000000E+00  0.000000E+00  0.105961E+04
  0.125961E+02  0.102293E+04  0.101771E+04  0.000000E+00  0.000000E+00  0.000000E+00  0.102212E+04
  0.128506E+02  0.986729E+03  0.981684E+03  0.000000E+00  0.000000E+00  0.000000E+00  0.985944E+03
  0.131102E+02  0.951789E+03  0.946919E+03  0.000000E+00  0.000000E+00  0.000000E+00  0.951031E+03
  0.133750E+02  0.918074E+03  0.913372E+03  0.000000E+00  0.000000E+00  0.000000E+00  0.917342E+03
  0.136452E+02  0.885538E+03  0.881000E+03  0.000000E+00  0.000000E+00  0.000000E+00  0.884832E+03
  0.139208E+02  0.854147E+03  0.849765E+03  0.000000E+00  0.000000E+00  0.000000E+00  0.853465E+03
  0.142021E+02  0.823854E+03  0.819624E+03  0.000000E+00  0.000000E+00  0.000000E+00  0.823196E+03
  0.144890E+02  0.794625E+03  0.790541E+03  0.000000E+00  0.000000E+00  0.000000E+00  0.793990E+03
  0.147817E+02  0.766420E+03  0.762476E+03  0.000000E+00  0.000000E+00  0.000000E+00  0.765806E+03
  0.150803E+02  0.739207E+03  0.735399E+03  0.000000E+00  0.000000E+00  0.000000E+00  0.738615E+03
  0.153849E+02  0.712950E+03  0.709273E+03  0.000000E+00  0.000000E+00  0.000000E+00  0.712378E+03
  0.156957E+02  0.687616E+03  0.684066E+03  0.000000E+00  0.000000E+00  0.000000E+00  0.687064E+03
  0.160128E+02  0.663172E+03  0.659744E+03  0.000000E+00  0.000000E+00  0.000000E+00  0.662639E+03
  0.163363E+02  0.639589E+03  0.636278E+03  0.000000E+00  0.000000E+00  0.000000E+00  0.639074E+03
  0.166663E+02  0.616834E+03  0.613638E+03  0.000000E+00  0.000000E+00  0.000000E+00  0.616337E+03
  0.170030E+02  0.594883E+03  0.591796E+03  0.000000E+00  0.000000E+00  0.000000E+00  0.594403E+03
  0.173464E+02  0.573704E+03  0.570723E+03  0.000000E+00  0.000000E+00  0.000000E+00  0.573241E+03
  0.176969E+02  0.553272E+03  0.550393E+03  0.000000E+00  0.000000E+00  0.000000E+00  0.552824E+03
  0.180544E+02  0.533559E+03  0.530778E+03  0.000000E+00  0.000000E+00  0.000000E+00  0.533126E+03
  0.184191E+02  0.514543E+03  0.511856E+03  0.000000E+00  0.000000E+00  0.000000E+00  0.514125E+03
  0.187912E+02  0.496197E+03  0.493603E+03  0.000000E+00  0.000000E+00  0.000000E+00  0.495794E+03
  0.191708E+02  0.478500E+03  0.475993E+03  0.000000E+00  0.000000E+00  0.000000E+00  0.478110E+03
  0.195581E+02  0.461426E+03  0.459004E+03  0.000000E+00  0.000000E+00  0.000000E+00  0.461049E+03
  0.199532E+02  0.444955E+03  0.442616E+03  0.000000E+00  0.000000E+00  0.000000E+00  0.444592E+03
  0.203562E+02  0.429069E+03  0.426809E+03  0.000000E+00  0.000000E+00  0.000000E+00  0.428717E+03
  0.207675E+02  0.413743E+03  0.411559E+03  0.000000E+00  0.000000E+00  0.000000E+00  0.413403E+03
  0.211870E+02  0.398959E+03  0.396849E+03  0.000000E+00  0.000000E+00  0.000000E+00  0.398631E+03
  0.216150E+02  0.384699E+03  0.382660E+03  0.000000E+00  0.000000E+00  0.000000E+00  0.384381E+03
  0.220516E+02  0.370944E+03  0.368973E+03  0.000000E+00  0.000000E+00  0.000000E+00  0.370637E+03
  0.224971E+02  0.357676E+03  0.355771E+03  0.000000E+00  0.000000E+00  0.000000E+00  0.357379E+03
  0.229516E+02  0.344878E+03  0.343037E+03  0.000000E+00  0.000000E+00  0.000000E+00  0.344591E+03
  0.234153E+02  0.332532E+03  0.330753E+03  0.000000E+00  0.000000E+00  0.000000E+00  0.332256E+03
  0.238883E+02  0.320626E+03  0.318906E+03  0.000000E+00  0.000000E+00  0.000000E+00  0.320359E+03
  0.243708E+02  0.309141E+03  0.307478E+03  0.000000E+00  0.000000E+00  0.000000E+00  0.308882E+03
  0.248632E+02  0.298065E+03  0.296457E+03  0.000000E+00  0.000000E+00  0.000000E+00  0.297815E+03
  0.253654E+02  0.287381E+03  0.285826E+03  0.000000E+00  0.000000E+00  0.000000E+00  0.287139E+03
  0.258778E+02  0.277077E+03  0.275574E+03  0.000000E+00  0.000000E+00  0.000000E+00  0.276843E+03
  0.264006E+02  0.267139E+03  0.265685E+03  0.000000E+00  0.000000E+00  0.000000E+00  0.266913E+03
  0.269339E+02  0.257554E+03  0.256148E+03  0.000000E+00  0.000000E+00  0.000000E+00  0.257336E+03
  0.274781E+02  0.248310E+03  0.246950E+03  0.000000E+00  0.000000E+00  0.000000E+00  0.248098E+03
  0.280331E+02  0.239395E+03  0.238079E+03  0.000000E+00  0.000000E+00  0.000000E+00  0.239191E+03
  0.285995E+02  0.230797E+03  0.229524E+03  0.000000E+00  0.000000E+00  0.000000E+00  0.230599E+03
  0.291772E+02  0.222505E+03  0.221273E+03  0.000000E+00  0.000000E+00  0.000000E+00  0.222314E+03
  0.297666E+02  0.214509E+03  0.213316E+03  0.000000E+00  0.000000E+00  0.000000E+00  0.214323E+03
  0.303679E+02  0.206797E+03  0.205643E+03  0.000000E+00  0.000000E+00  0.000000E+00  0.206618E+03
  0.309814E+02  0.199360E+03  0.198242E+03  0.000000E+00  0.000000E+00  0.000000E+00  0.199186E+03
  0.316073E+02  0.192188E+03  0.191106E+03  0.000000E+00  0.000000E+00  0.000000E+00  0.192020E+03
  0.322458E+02  0.185272E+03  0.184224E+03  0.000000E+00  0.000000E+00  0.000000E+00  0.185109E+03
  0.328972E+02  0.178602E+03  0.177587E+03  0.000000E+00  0.000000E+00  0.000000E+00  0.178445E+03
  0.335618E+02  0.172171E+03  0.171188E+03  0.000000E+00  0.000000E+00  0.000000E+00  0.172018E+03
  0.342398E+02  0.165969E+03  0.165017E+03  0.000000E+00  0.000000E+00  0.000000E+00  0.165821E+03
  0.349314E+02  0.159989E+03  0.159066E+03  0.000000E+00  0.000000E+00  0.000000E+00  0.159845E+03
  0.356371E+02  0.154222E+03  0.153327E+03  0.000000E+00  0.000000E+00  0.000000E+00  0.154083E+03
  0.363570E+02  0.148661E+03  0.147794E+03  0.000000E+00  0.000000E+00  0.000000E+00  0.148526E+03
  0.370915E+02  0.143299E+03  0.142459E+03  0.000000E+00  0.000000E+00  0.000000E+00  0.143169E+03
  0.378408E+02  0.138129E+03  0.137314E+03  0.000000E+00  0.000000E+00  0.000000E+00  0.138002E+03
  0.386052E+02  0.133144E+03  0.132353E+03  0.000000E+00  0.000000E+00  0.000000E+00  0.133021E+03
  0.393851E+02  0.128337E+03  0.127570E+03  0.000000E+00  0.000000E+00  0.000000E+00  0.128218E+03
  0.401807E+02  0.123702E+03  0.122958E+03  0.000000E+00  0.000000E+00  0.000000E+00  0.123586E+03
  0.409924E+02  0.119233E+03  0.118511E+03  0.000000E+00  0.000000E+00  0.000000E+00  0.119120E+03
  0.418205E+02  0.114924E+03  0.114223E+03  0.000000E+00  0.000000E+00  0.000000E+00  0.114815E+03
  0.426653E+02  0.110769E+03  0.110089E+03  0.000000E+00  0.000000E+00  0.000000E+00  0.110664E+03
  0.435273E+02  0.106764E+03  0.106103E+03  0.000000E+00  0.000000E+00  0.000000E+00  0.106661E+03
  0.444066E+02  0.102902E+03  0.102260E+03  0.000000E+00  0.000000E+00  0.000000E+00  0.102802E+03
  0.453036E+02  0.991780E+02  0.985546E+02  0.000000E+00  0.000000E+00  0.000000E+00  0.990810E+02
  0.462188E+02  0.955879E+02  0.949821E+02  0.000000E+00  0.000000E+00  0.000000E+00  0.954937E+02
  0.471525E+02  0.921267E+02  0.915379E+02  0.000000E+00  0.000000E+00  0.000000E+00  0.920351E+02
  0.481050E+02  0.887898E+02  0.882173E+02  0.000000E+00  0.000000E+00  0.000000E+00  0.887007E+02
  0.490769E+02  0.855723E+02  0.850154E+02  0.000000E+00  0.000000E+00  0.000000E+00  0.854856E+02
  0.500682E+02  0.824707E+02  0.819291E+02  0.000000E+00  0.000000E+00  0.000000E+00  0.823865E+02
  0.510797E+02  0.794803E+02  0.789533E+02  0.000000E+00  0.000000E+00  0.000000E+00  0.793983E+02
  0.521116E+02  0.765976E+02  0.760846E+02  0.000000E+00  0.000000E+00  0.000000E+00  0.765178E+02
  0.531643E+02  0.738185E+02  0.733190E+02  0.000000E+00  0.000000E+00  0.000000E+00  0.737408E+02
  0.542383E+02  0.711391E+02  0.706527E+02  0.000000E+00  0.000000E+00  0.000000E+00  0.710635E+02
  0.553340E+02  0.685563E+02  0.680825E+02  0.000000E+00  0.000000E+00  0.000000E+00  0.684826E+02
  0.564518E+02  0.660664E+02  0.656046E+02  0.000000E+00  0.000000E+00  0.000000E+00  0.659945E+02
  0.575922E+02  0.636660E+02  0.632160E+02  0.000000E+00  0.000000E+00  0.000000E+00  0.635960E+02
  0.587557E+02  0.613521E+02  0.609132E+02  0.000000E+00  0.000000E+00  0.000000E+00  0.612838E+02
  0.599426E+02  0.591215E+02  0.586935E+02  0.000000E+00  0.000000E+00  0.000000E+00  0.590549E+02
  0.611535E+02  0.569712E+02  0.565536E+02  0.000000E+00  0.000000E+00  0.000000E+00  0.569062E+02
  0.623889E+02  0.548985E+02  0.544909E+02  0.000000E+00  0.000000E+00  0.000000E+00  0.548351E+02
  0.636493E+02  0.529003E+02  0.525023E+02  0.000000E+00  0.000000E+00  0.000000E+00  0.528384E+02
  0.649350E+02  0.509742E+02  0.505856E+02  0.000000E+00  0.000000E+00  0.000000E+00  0.509138E+02
  0.662468E+02  0.491176E+02  0.487379E+02  0.000000E+00  0.000000E+00  0.000000E+00  0.490585E+02
  0.675851E+02  0.473280E+02  0.469569E+02  0.000000E+00  0.000000E+00  0.000000E+00  0.472702E+02
  0.689504E+02  0.456028E+02  0.452400E+02  0.000000E+00  0.000000E+00  0.000000E+00  0.455464E+02
  0.703433E+02  0.439400E+02  0.435852E+02  0.000000E+00  0.000000E+00  0.000000E+00  0.438848E+02
  0.717643E+02  0.423371E+02  0.419900E+02  0.000000E+00  0.000000E+00  0.000000E+00  0.422831E+02
  0.732140E+02  0.407922E+02  0.404525E+02  0.000000E+00  0.000000E+00  0.000000E+00  0.407393E+02
  0.746931E+02  0.393030E+02  0.389704E+02  0.000000E+00  0.000000E+00  0.000000E+00  0.392513E+02
  0.762020E+02  0.378677E+02  0.375419E+02  0.000000E+00  0.000000E+00  0.000000E+00  0.378170E+02
  0.777414E+02  0.364842E+02  0.361650E+02  0.000000E+00  0.000000E+00  0.000000E+00  0.364345E+02
  0.793118E+02  0.351507E+02  0.348379E+02  0.000000E+00  0.000000E+00  0.000000E+00  0.351021E+02
  0.809141E+02  0.338654E+02  0.335587E+02  0.000000E+00  0.000000E+00  0.000000E+00  0.338177E+02
  0.825486E+02  0.326266E+02  0.323258E+02  0.000000E+00  0.000000E+00  0.000000E+00  0.325798E+02
  0.842162E+02  0.314326E+02  0.311374E+02  0.000000E+00  0.000000E+00  0.000000E+00  0.313867E+02
  0.859174E+02  0.302818E+02  0.299921E+02  0.000000E+00  0.000000E+00  0.000000E+00  0.302367E+02
  0.876531E+02  0.291726E+02  0.288882E+02  0.000000E+00  0.000000E+00  0.000000E+00  0.291284E+02
  0.894239E+02  0.281036E+02  0.278242E+02  0.000000E+00  0.000000E+00  0.000000E+00  0.280602E+02
  0.912304E+02  0.270733E+02  0.267988E+02  0.000000E+00  0.000000E+00  0.000000E+00  0.270306E+02
  0.930733E+02  0.260804E+02  0.258105E+02  0.000000E+00  0.000000E+00  0.000000E+00  0.260384E+02
  0.949535E+02  0.251234E+02  0.248580E+02  0.000000E+00  0.000000E+00  0.000000E+00  0.250821E+02
  0.968717E+02  0.242010E+02  0.239400E+02  0.000000E+00  0.000000E+00  0.000000E+00  0.241604E+02
  0.988287E+02  0.233120E+02  0.230552E+02  0.000000E+00  0.000000E+00  0.000000E+00  0.232721E+02
  0.100825E+03  0.224554E+02  0.222026E+02  0.000000E+00  0.000000E+00  0.000000E+00  0.224161E+02
  0.102862E+03  0.216298E+02  0.213808E+02  0.000000E+00  0.000000E+00  0.000000E+00  0.215910E+02
  0.104940E+03  0.208341E+02  0.205889E+02  0.000000E+00  0.000000E+00  0.000000E+00  0.207959E+02
  0.107060E+03  0.200673E+02  0.198256E+02  0.000000E+00  0.000000E+00  0.000000E+00  0.200297E+02
  0.109222E+03  0.193284E+02  0.190902E+02  0.000000E+00  0.000000E+00  0.000000E+00  0.192913E+02
  0.111429E+03  0.186162E+02  0.183813E+02  0.000000E+00  0.000000E+00  0.000000E+00  0.185797E+02
  0.113680E+03  0.179299E+02  0.176982E+02  0.000000E+00  0.000000E+00  0.000000E+00  0.178938E+02
  0.115977E+03  0.172685E+02  0.170399E+02  0.000000E+00  0.000000E+00  0.000000E+00  0.172329E+02
  0.118319E+03  0.166312E+02  0.164056E+02  0.000000E+00  0.000000E+00  0.000000E+00  0.165961E+02
  0.120710E+03  0.160170E+02  0.157942E+02  0.000000E+00  0.000000E+00  0.000000E+00  0.159823E+02
  0.123148E+03  0.154251E+02  0.152051E+02  0.000000E+00  0.000000E+00  0.000000E+00  0.153909E+02
  0.125636E+03  0.148548E+02  0.146374E+02  0.000000E+00  0.000000E+00  0.000000E+00  0.148209E+02
  0.128174E+03  0.143052E+02  0.140904E+02  0.000000E+00  0.000000E+00  0.000000E+00  0.142718E+02
  0.130763E+03  0.137756E+02  0.135633E+02  0.000000E+00  0.000000E+00  0.000000E+00  0.137425E+02
  0.133405E+03  0.132652E+02  0.130553E+02  0.000000E+00  0.000000E+00  0.000000E+00  0.132325E+02
  0.136100E+03  0.127734E+02  0.125658E+02  0.000000E+00  0.000000E+00  0.000000E+00  0.127411E+02
  0.138849E+03  0.122996E+02  0.120942E+02  0.000000E+00  0.000000E+00  0.000000E+00  0.122676E+02
  0.141654E+03  0.118429E+02  0.116397E+02  0.000000E+00  0.000000E+00  0.000000E+00  0.118113E+02
  0.144516E+03  0.114029E+02  0.112018E+02  0.000000E+00  0.000000E+00  0.000000E+00  0.113716E+02
  0.147435E+03  0.109789E+02  0.107798E+02  0.000000E+00  0.000000E+00  0.000000E+00  0.109480E+02
  0.150414E+03  0.105704E+02  0.103732E+02  0.000000E+00  0.000000E+00  0.000000E+00  0.105397E+02
  0.153452E+03  0.101768E+02  0.998149E+01  0.000000E+00  0.000000E+00  0.000000E+00  0.101464E+02
  0.156552E+03  0.979752E+01  0.960403E+01  0.000000E+00  0.000000E+00  0.000000E+00  0.976742E+01
  0.159714E+03  0.943208E+01  0.924035E+01  0.000000E+00  0.000000E+00  0.000000E+00  0.940226E+01
  0.162941E+03  0.907997E+01  0.888995E+01  0.000000E+00  0.000000E+00  0.000000E+00  0.905041E+01
  0.166232E+03  0.874073E+01  0.855237E+01  0.000000E+00  0.000000E+00  0.000000E+00  0.871143E+01
  0.169591E+03  0.841385E+01  0.822710E+01  0.000000E+00  0.000000E+00  0.000000E+00  0.838480E+01
  0.173017E+03  0.809891E+01  0.791374E+01  0.000000E+00  0.000000E+00  0.000000E+00  0.807011E+01
  0.176512E+03  0.779547E+01  0.761182E+01  0.000000E+00  0.000000E+00  0.000000E+00  0.776690E+01
  0.180077E+03  0.750315E+01  0.732099E+01  0.000000E+00  0.000000E+00  0.000000E+00  0.747481E+01
  0.183715E+03  0.722149E+01  0.704079E+01  0.000000E+00  0.000000E+00  0.000000E+00  0.719338E+01
  0.187427E+03  0.695013E+01  0.677084E+01  0.000000E+00  0.000000E+00  0.000000E+00  0.692224E+01
  0.191213E+03  0.668870E+01  0.651079E+01  0.000000E+00  0.000000E+00  0.000000E+00  0.666102E+01
  0.195076E+03  0.643684E+01  0.626030E+01  0.000000E+00  0.000000E+00  0.000000E+00  0.640938E+01
  0.199016E+03  0.619419E+01  0.601898E+01  0.000000E+00  0.000000E+00  0.000000E+00  0.616694E+01
  0.203037E+03  0.596045E+01  0.578654E+01  0.000000E+00  0.000000E+00  0.000000E+00  0.593340E+01
  0.207139E+03  0.573526E+01  0.556262E+01  0.000000E+00  0.000000E+00  0.000000E+00  0.570840E+01
  0.211323E+03  0.551835E+01  0.534698E+01  0.000000E+00  0.000000E+00  0.000000E+00  0.549169E+01
  0.215592E+03  0.530938E+01  0.513925E+01  0.000000E+00  0.000000E+00  0.000000E+00  0.528291E+01
  0.219947E+03  0.510808E+01  0.493918E+01  0.000000E+00  0.000000E+00  0.000000E+00  0.508181E+01
  0.224391E+03  0.491417E+01  0.474648E+01  0.000000E+00  0.000000E+00  0.000000E+00  0.488809E+01
  0.228923E+03  0.472741E+01  0.456092E+01  0.000000E+00  0.000000E+00  0.000000E+00  0.470151E+01
  0.233548E+03  0.454750E+01  0.438220E+01  0.000000E+00  0.000000E+00  0.000000E+00  0.452178E+01
  0.238266E+03  0.437420E+01  0.421008E+01  0.000000E+00  0.000000E+00  0.000000E+00  0.434867E+01
  0.243079E+03  0.420728E+01  0.404434E+01  0.000000E+00  0.000000E+00  0.000000E+00  0.418194E+01
  0.247990E+03  0.404652E+01  0.388474E+01  0.000000E+00  0.000000E+00  0.000000E+00  0.402135E+01
  0.252999E+03  0.389170E+01  0.373108E+01  0.000000E+00  0.000000E+00  0.000000E+00  0.386671E+01
  0.258110E+03  0.374257E+01  0.358312E+01  0.000000E+00  0.000000E+00  0.000000E+00  0.371777E+01
  0.263325E+03  0.359896E+01  0.344067E+01  0.000000E+00  0.000000E+00  0.000000E+00  0.357433E+01
  0.268644E+03  0.346065E+01  0.330353E+01  0.000000E+00  0.000000E+00  0.000000E+00  0.343621E+01
  0.274071E+03  0.332747E+01  0.317153E+01  0.000000E+00  0.000000E+00  0.000000E+00  0.330321E+01
  0.279608E+03  0.319921E+01  0.304444E+01  0.000000E+00  0.000000E+00  0.000000E+00  0.317513E+01
  0.285256E+03  0.307570E+01  0.292211E+01  0.000000E+00  0.000000E+00  0.000000E+00  0.305181E+01
  0.291019E+03  0.295678E+01  0.280438E+01  0.000000E+00  0.000000E+00  0.000000E+00  0.293308E+01
  0.296897E+03  0.284229E+01  0.269108E+01  0.000000E+00  0.000000E+00  0.000000E+00  0.281877E+01
  0.302895E+03  0.273204E+01  0.258204E+01  0.000000E+00  0.000000E+00  0.000000E+00  0.270871E+01
  0.309014E+03  0.262590E+01  0.247712E+01  0.000000E+00  0.000000E+00  0.000000E+00  0.260275E+01
  0.315257E+03  0.252372E+01  0.237617E+01  0.000000E+00  0.000000E+00  0.000000E+00  0.250076E+01
  0.321625E+03  0.242535E+01  0.227906E+01  0.000000E+00  0.000000E+00  0.000000E+00  0.240260E+01
  0.328123E+03  0.233066E+01  0.218563E+01  0.000000E+00  0.000000E+00  0.000000E+00  0.230810E+01
  0.334751E+03  0.223952E+01  0.209576E+01  0.000000E+00  0.000000E+00  0.000000E+00  0.221716E+01
  0.341514E+03  0.215179E+01  0.200933E+01  0.000000E+00  0.000000E+00  0.000000E+00  0.212963E+01
  0.348412E+03  0.206737E+01  0.192621E+01  0.000000E+00  0.000000E+00  0.000000E+00  0.204541E+01
  0.355451E+03  0.198612E+01  0.184629E+01  0.000000E+00  0.000000E+00  0.000000E+00  0.196437E+01
  0.362632E+03  0.190793E+01  0.176945E+01  0.000000E+00  0.000000E+00  0.000000E+00  0.188639E+01
  0.369957E+03  0.183269E+01  0.169557E+01  0.000000E+00  0.000000E+00  0.000000E+00  0.181136E+01
  0.377431E+03  0.176031E+01  0.162458E+01  0.000000E+00  0.000000E+00  0.000000E+00  0.173919E+01
  0.385055E+03  0.169066E+01  0.155634E+01  0.000000E+00  0.000000E+00  0.000000E+00  0.166977E+01
  0.392834E+03  0.162366E+01  0.149076E+01  0.000000E+00  0.000000E+00  0.000000E+00  0.160299E+01
  0.400770E+03  0.155922E+01  0.142776E+01  0.000000E+00  0.000000E+00  0.000000E+00  0.153877E+01
  0.408866E+03  0.149723E+01  0.136724E+01  0.000000E+00  0.000000E+00  0.000000E+00  0.147701E+01
  0.417125E+03  0.143762E+01  0.130911E+01  0.000000E+00  0.000000E+00  0.000000E+00  0.141763E+01
  0.425552E+03  0.138029E+01  0.125329E+01  0.000000E+00  0.000000E+00  0.000000E+00  0.136054E+01
  0.434149E+03  0.132517E+01  0.119969E+01  0.000000E+00  0.000000E+00  0.000000E+00  0.130565E+01
  0.442920E+03  0.127217E+01  0.114823E+01  0.000000E+00  0.000000E+00  0.000000E+00  0.125289E+01
  0.451867E+03  0.122123E+01  0.109885E+01  0.000000E+00  0.000000E+00  0.000000E+00  0.120219E+01
  0.460995E+03  0.117226E+01  0.105145E+01  0.000000E+00  0.000000E+00  0.000000E+00  0.115347E+01
  0.470308E+03  0.112519E+01  0.100597E+01  0.000000E+00  0.000000E+00  0.000000E+00  0.110664E+01
  0.479809E+03  0.107995E+01  0.962341E+00  0.000000E+00  0.000000E+00  0.000000E+00  0.106166E+01
  0.489501E+03  0.103649E+01  0.920498E+00  0.000000E+00  0.000000E+00  0.000000E+00  0.101845E+01
  0.499390E+03  0.994727E+00  0.880367E+00  0.000000E+00  0.000000E+00  0.000000E+00  0.976937E+00
  0.509478E+03  0.954606E+00  0.841890E+00  0.000000E+00  0.000000E+00  0.000000E+00  0.937072E+00
  0.519771E+03  0.916067E+00  0.805006E+00  0.000000E+00  0.000000E+00  0.000000E+00  0.898791E+00
  0.530270E+03  0.879056E+00  0.769657E+00  0.000000E+00  0.000000E+00  0.000000E+00  0.862038E+00
  0.540983E+03  0.843509E+00  0.735779E+00  0.000000E+00  0.000000E+00  0.000000E+00  0.826751E+00
  0.551911E+03  0.809377E+00  0.703321E+00  0.000000E+00  0.000000E+00  0.000000E+00  0.792880E+00
  0.563061E+03  0.776606E+00  0.672227E+00  0.000000E+00  0.000000E+00  0.000000E+00  0.760369E+00
  0.574435E+03  0.745148E+00  0.642448E+00  0.000000E+00  0.000000E+00  0.000000E+00  0.729172E+00
  0.586039E+03  0.714949E+00  0.613927E+00  0.000000E+00  0.000000E+00  0.000000E+00  0.699234E+00
  0.597878E+03  0.685965E+00  0.586618E+00  0.000000E+00  0.000000E+00  0.000000E+00  0.670511E+00
  0.609957E+03  0.658148E+00  0.560473E+00  0.000000E+00  0.000000E+00  0.000000E+00  0.642954E+00
  0.622278E+03  0.631458E+00  0.535448E+00  0.000000E+00  0.000000E+00  0.000000E+00  0.616524E+00
  0.634849E+03  0.605848E+00  0.511494E+00  0.000000E+00  0.000000E+00  0.000000E+00  0.591170E+00
  0.647674E+03  0.581275E+00  0.488569E+00  0.000000E+00  0.000000E+00  0.000000E+00  0.566854E+00
  0.660758E+03  0.557701E+00  0.466631E+00  0.000000E+00  0.000000E+00  0.000000E+00  0.543535E+00
  0.674107E+03  0.535088E+00  0.445640E+00  0.000000E+00  0.000000E+00  0.000000E+00  0.521174E+00
  0.687724E+03  0.513399E+00  0.425558E+00  0.000000E+00  0.000000E+00  0.000000E+00  0.499735E+00
  0.701617E+03  0.492594E+00  0.406344E+00  0.000000E+00  0.000000E+00  0.000000E+00  0.479177E+00
  0.715791E+03  0.472639E+00  0.387963E+00  0.000000E+00  0.000000E+00  0.000000E+00  0.459467E+00
  0.730251E+03  0.453499E+00  0.370379E+00  0.000000E+00  0.000000E+00  0.000000E+00  0.440570E+00
  0.745002E+03  0.435146E+00  0.353561E+00  0.000000E+00  0.000000E+00  0.000000E+00  0.422455E+00
  0.760052E+03  0.417542E+00  0.337473E+00  0.000000E+00  0.000000E+00  0.000000E+00  0.405087E+00
  0.775407E+03  0.400659E+00  0.322085E+00  0.000000E+00  0.000000E+00  0.000000E+00  0.388437E+00
  0.791071E+03  0.384467E+00  0.307366E+00  0.000000E+00  0.000000E+00  0.000000E+00  0.372473E+00
  0.807051E+03  0.368940E+00  0.293291E+00  0.000000E+00  0.000000E+00  0.000000E+00  0.357172E+00
  0.823355E+03  0.354046E+00  0.279829E+00  0.000000E+00  0.000000E+00  0.000000E+00  0.342501E+00
  0.839988E+03  0.339762E+00  0.266954E+00  0.000000E+00  0.000000E+00  0.000000E+00  0.328437E+00
  0.856957E+03  0.326062E+00  0.254642E+00  0.000000E+00  0.000000E+00  0.000000E+00  0.314953E+00
  0.874268E+03  0.312923E+00  0.242870E+00  0.000000E+00  0.000000E+00  0.000000E+00  0.302026E+00
  0.891930E+03  0.300319E+00  0.231614E+00  0.000000E+00  0.000000E+00  0.000000E+00  0.289631E+00
  0.909948E+03  0.288228E+00  0.220851E+00  0.000000E+00  0.000000E+00  0.000000E+00  0.277747E+00
  0.928331E+03  0.276630E+00  0.210563E+00  0.000000E+00  0.000000E+00  0.000000E+00  0.266353E+00
  0.947083E+03  0.265505E+00  0.200729E+00  0.000000E+00  0.000000E+00  0.000000E+00  0.255429E+00
  0.966216E+03  0.254832E+00  0.191330E+00  0.000000E+00  0.000000E+00  0.000000E+00  0.244954E+00
  0.985735E+03  0.244592E+00  0.182348E+00  0.000000E+00  0.000000E+00  0.000000E+00  0.234910E+00
  0.100565E+04  0.234768E+00  0.173767E+00  0.000000E+00  0.000000E+00  0.000000E+00  0.225279E+00
#
# COMPUTED FROM http://lambda.gsfc.nasa.gov/toolbox/tb_camb_form.cfm
# 
# USES THE FOLLOWING COSMOLOGICAL PARAMETERS:
# 
# H0 = 70, OmegaB = 0.042, OmegaCDM = 0.228, OmegaL = 0.73, ns = 0.96, 10^9As = 2.46, sigma8 = 0.816
#
