  0.106322E-04  0.196722E+08  0.196722E+08  0.262150E+08  0.262149E+08  0.000000E+00  0.196722E+08
  0.108470E-04  0.196722E+08  0.196722E+08  0.262144E+08  0.262143E+08  0.000000E+00  0.196722E+08
  0.110661E-04  0.196722E+08  0.196722E+08  0.262137E+08  0.262137E+08  0.000000E+00  0.196722E+08
  0.112897E-04  0.196722E+08  0.196722E+08  0.262131E+08  0.262131E+08  0.000000E+00  0.196722E+08
  0.115178E-04  0.196722E+08  0.196722E+08  0.262124E+08  0.262124E+08  0.000000E+00  0.196722E+08
  0.117504E-04  0.196722E+08  0.196722E+08  0.262117E+08  0.262117E+08  0.000000E+00  0.196722E+08
  0.119878E-04  0.196722E+08  0.196722E+08  0.262110E+08  0.262110E+08  0.000000E+00  0.196722E+08
  0.122300E-04  0.196722E+08  0.196722E+08  0.262102E+08  0.262102E+08  0.000000E+00  0.196722E+08
  0.124770E-04  0.196722E+08  0.196722E+08  0.262094E+08  0.262094E+08  0.000000E+00  0.196722E+08
  0.127291E-04  0.196722E+08  0.196722E+08  0.262086E+08  0.262086E+08  0.000000E+00  0.196722E+08
  0.129862E-04  0.196722E+08  0.196722E+08  0.262078E+08  0.262077E+08  0.000000E+00  0.196722E+08
  0.132486E-04  0.196722E+08  0.196722E+08  0.262069E+08  0.262068E+08  0.000000E+00  0.196722E+08
  0.135162E-04  0.196721E+08  0.196721E+08  0.262059E+08  0.262059E+08  0.000000E+00  0.196721E+08
  0.137893E-04  0.196721E+08  0.196721E+08  0.262050E+08  0.262049E+08  0.000000E+00  0.196721E+08
  0.140678E-04  0.196721E+08  0.196721E+08  0.262040E+08  0.262039E+08  0.000000E+00  0.196721E+08
  0.143520E-04  0.196721E+08  0.196721E+08  0.262029E+08  0.262029E+08  0.000000E+00  0.196721E+08
  0.146419E-04  0.196721E+08  0.196721E+08  0.262018E+08  0.262018E+08  0.000000E+00  0.196721E+08
  0.149377E-04  0.196721E+08  0.196721E+08  0.262007E+08  0.262007E+08  0.000000E+00  0.196721E+08
  0.152395E-04  0.196721E+08  0.196721E+08  0.261995E+08  0.261995E+08  0.000000E+00  0.196721E+08
  0.155473E-04  0.196721E+08  0.196721E+08  0.261983E+08  0.261983E+08  0.000000E+00  0.196721E+08
  0.158614E-04  0.196721E+08  0.196721E+08  0.261970E+08  0.261970E+08  0.000000E+00  0.196721E+08
  0.161818E-04  0.196721E+08  0.196721E+08  0.261957E+08  0.261956E+08  0.000000E+00  0.196721E+08
  0.165087E-04  0.196721E+08  0.196721E+08  0.261943E+08  0.261943E+08  0.000000E+00  0.196721E+08
  0.168422E-04  0.196721E+08  0.196721E+08  0.261929E+08  0.261928E+08  0.000000E+00  0.196721E+08
  0.171825E-04  0.196721E+08  0.196721E+08  0.261914E+08  0.261913E+08  0.000000E+00  0.196721E+08
  0.175296E-04  0.196721E+08  0.196721E+08  0.261898E+08  0.261898E+08  0.000000E+00  0.196721E+08
  0.178837E-04  0.196721E+08  0.196721E+08  0.261882E+08  0.261881E+08  0.000000E+00  0.196721E+08
  0.182450E-04  0.196721E+08  0.196721E+08  0.261865E+08  0.261864E+08  0.000000E+00  0.196721E+08
  0.186136E-04  0.196721E+08  0.196721E+08  0.261848E+08  0.261847E+08  0.000000E+00  0.196721E+08
  0.189896E-04  0.196721E+08  0.196721E+08  0.261829E+08  0.261829E+08  0.000000E+00  0.196721E+08
  0.193732E-04  0.196721E+08  0.196721E+08  0.261810E+08  0.261810E+08  0.000000E+00  0.196721E+08
  0.197645E-04  0.196721E+08  0.196721E+08  0.261790E+08  0.261790E+08  0.000000E+00  0.196721E+08
  0.201638E-04  0.196721E+08  0.196721E+08  0.261770E+08  0.261769E+08  0.000000E+00  0.196721E+08
  0.205712E-04  0.196721E+08  0.196721E+08  0.261748E+08  0.261748E+08  0.000000E+00  0.196721E+08
  0.209867E-04  0.196721E+08  0.196721E+08  0.261726E+08  0.261725E+08  0.000000E+00  0.196721E+08
  0.214107E-04  0.196721E+08  0.196721E+08  0.261703E+08  0.261702E+08  0.000000E+00  0.196721E+08
  0.218432E-04  0.196721E+08  0.196721E+08  0.261679E+08  0.261678E+08  0.000000E+00  0.196721E+08
  0.222845E-04  0.196721E+08  0.196721E+08  0.261654E+08  0.261653E+08  0.000000E+00  0.196721E+08
  0.227346E-04  0.196721E+08  0.196721E+08  0.261627E+08  0.261626E+08  0.000000E+00  0.196721E+08
  0.231939E-04  0.196721E+08  0.196721E+08  0.261600E+08  0.261599E+08  0.000000E+00  0.196721E+08
  0.236625E-04  0.196721E+08  0.196721E+08  0.261572E+08  0.261571E+08  0.000000E+00  0.196721E+08
  0.241405E-04  0.196720E+08  0.196720E+08  0.261542E+08  0.261541E+08  0.000000E+00  0.196720E+08
  0.246281E-04  0.196720E+08  0.196720E+08  0.261511E+08  0.261510E+08  0.000000E+00  0.196720E+08
  0.251257E-04  0.196720E+08  0.196720E+08  0.261480E+08  0.261478E+08  0.000000E+00  0.196720E+08
  0.256332E-04  0.196720E+08  0.196720E+08  0.261446E+08  0.261445E+08  0.000000E+00  0.196720E+08
  0.261511E-04  0.196720E+08  0.196720E+08  0.261412E+08  0.261410E+08  0.000000E+00  0.196720E+08
  0.266793E-04  0.196720E+08  0.196720E+08  0.261376E+08  0.261374E+08  0.000000E+00  0.196720E+08
  0.272183E-04  0.196720E+08  0.196720E+08  0.261338E+08  0.261337E+08  0.000000E+00  0.196720E+08
  0.277682E-04  0.196720E+08  0.196720E+08  0.261299E+08  0.261298E+08  0.000000E+00  0.196720E+08
  0.283291E-04  0.196720E+08  0.196720E+08  0.261258E+08  0.261257E+08  0.000000E+00  0.196720E+08
  0.289014E-04  0.196720E+08  0.196720E+08  0.261216E+08  0.261215E+08  0.000000E+00  0.196720E+08
  0.294852E-04  0.196720E+08  0.196720E+08  0.261172E+08  0.261171E+08  0.000000E+00  0.196720E+08
  0.300809E-04  0.196720E+08  0.196720E+08  0.261126E+08  0.261125E+08  0.000000E+00  0.196720E+08
  0.306886E-04  0.196720E+08  0.196720E+08  0.261079E+08  0.261077E+08  0.000000E+00  0.196720E+08
  0.313085E-04  0.196720E+08  0.196720E+08  0.261029E+08  0.261027E+08  0.000000E+00  0.196720E+08
  0.319410E-04  0.196719E+08  0.196719E+08  0.260978E+08  0.260976E+08  0.000000E+00  0.196719E+08
  0.325862E-04  0.196719E+08  0.196719E+08  0.260924E+08  0.260922E+08  0.000000E+00  0.196719E+08
  0.332445E-04  0.196719E+08  0.196719E+08  0.260868E+08  0.260866E+08  0.000000E+00  0.196719E+08
  0.339161E-04  0.196719E+08  0.196719E+08  0.260810E+08  0.260808E+08  0.000000E+00  0.196719E+08
  0.346013E-04  0.196719E+08  0.196719E+08  0.260750E+08  0.260747E+08  0.000000E+00  0.196719E+08
  0.353002E-04  0.196719E+08  0.196719E+08  0.260687E+08  0.260684E+08  0.000000E+00  0.196719E+08
  0.360134E-04  0.196719E+08  0.196719E+08  0.260621E+08  0.260619E+08  0.000000E+00  0.196719E+08
  0.367409E-04  0.196719E+08  0.196719E+08  0.260553E+08  0.260550E+08  0.000000E+00  0.196719E+08
  0.374831E-04  0.196718E+08  0.196718E+08  0.260482E+08  0.260479E+08  0.000000E+00  0.196718E+08
  0.382403E-04  0.196718E+08  0.196718E+08  0.260408E+08  0.260406E+08  0.000000E+00  0.196718E+08
  0.390128E-04  0.196718E+08  0.196718E+08  0.260332E+08  0.260329E+08  0.000000E+00  0.196718E+08
  0.398009E-04  0.196718E+08  0.196718E+08  0.260252E+08  0.260249E+08  0.000000E+00  0.196718E+08
  0.406049E-04  0.196718E+08  0.196718E+08  0.260169E+08  0.260165E+08  0.000000E+00  0.196718E+08
  0.414252E-04  0.196718E+08  0.196718E+08  0.260082E+08  0.260079E+08  0.000000E+00  0.196718E+08
  0.422621E-04  0.196718E+08  0.196718E+08  0.259992E+08  0.259989E+08  0.000000E+00  0.196718E+08
  0.431158E-04  0.196717E+08  0.196717E+08  0.259898E+08  0.259895E+08  0.000000E+00  0.196717E+08
  0.439868E-04  0.196717E+08  0.196717E+08  0.259801E+08  0.259797E+08  0.000000E+00  0.196717E+08
  0.448754E-04  0.196717E+08  0.196717E+08  0.259700E+08  0.259696E+08  0.000000E+00  0.196717E+08
  0.457819E-04  0.196717E+08  0.196717E+08  0.259594E+08  0.259590E+08  0.000000E+00  0.196717E+08
  0.467068E-04  0.196717E+08  0.196717E+08  0.259485E+08  0.259480E+08  0.000000E+00  0.196717E+08
  0.476503E-04  0.196716E+08  0.196716E+08  0.259370E+08  0.259366E+08  0.000000E+00  0.196716E+08
  0.486129E-04  0.196716E+08  0.196716E+08  0.259252E+08  0.259247E+08  0.000000E+00  0.196716E+08
  0.495950E-04  0.196716E+08  0.196716E+08  0.259128E+08  0.259123E+08  0.000000E+00  0.196716E+08
  0.505969E-04  0.196716E+08  0.196716E+08  0.259000E+08  0.258995E+08  0.000000E+00  0.196716E+08
  0.516190E-04  0.196715E+08  0.196715E+08  0.258866E+08  0.258861E+08  0.000000E+00  0.196715E+08
  0.526618E-04  0.196715E+08  0.196715E+08  0.258727E+08  0.258721E+08  0.000000E+00  0.196715E+08
  0.537256E-04  0.196715E+08  0.196715E+08  0.258582E+08  0.258576E+08  0.000000E+00  0.196715E+08
  0.548109E-04  0.196715E+08  0.196715E+08  0.258431E+08  0.258426E+08  0.000000E+00  0.196715E+08
  0.559182E-04  0.196714E+08  0.196714E+08  0.258275E+08  0.258269E+08  0.000000E+00  0.196714E+08
  0.570478E-04  0.196714E+08  0.196714E+08  0.258112E+08  0.258106E+08  0.000000E+00  0.196714E+08
  0.582003E-04  0.196714E+08  0.196714E+08  0.257942E+08  0.257936E+08  0.000000E+00  0.196714E+08
  0.593760E-04  0.196713E+08  0.196713E+08  0.257766E+08  0.257760E+08  0.000000E+00  0.196713E+08
  0.605755E-04  0.196713E+08  0.196713E+08  0.257583E+08  0.257576E+08  0.000000E+00  0.196713E+08
  0.617992E-04  0.196713E+08  0.196713E+08  0.257392E+08  0.257385E+08  0.000000E+00  0.196713E+08
  0.630476E-04  0.196712E+08  0.196712E+08  0.257194E+08  0.257186E+08  0.000000E+00  0.196712E+08
  0.643212E-04  0.196712E+08  0.196712E+08  0.256988E+08  0.256980E+08  0.000000E+00  0.196712E+08
  0.656206E-04  0.196711E+08  0.196711E+08  0.256773E+08  0.256765E+08  0.000000E+00  0.196711E+08
  0.669462E-04  0.196711E+08  0.196711E+08  0.256550E+08  0.256541E+08  0.000000E+00  0.196711E+08
  0.682986E-04  0.196710E+08  0.196710E+08  0.256318E+08  0.256309E+08  0.000000E+00  0.196710E+08
  0.696784E-04  0.196710E+08  0.196710E+08  0.256077E+08  0.256067E+08  0.000000E+00  0.196710E+08
  0.710860E-04  0.196710E+08  0.196710E+08  0.255826E+08  0.255816E+08  0.000000E+00  0.196710E+08
  0.725220E-04  0.196709E+08  0.196709E+08  0.255565E+08  0.255555E+08  0.000000E+00  0.196709E+08
  0.739870E-04  0.196708E+08  0.196708E+08  0.255293E+08  0.255283E+08  0.000000E+00  0.196708E+08
  0.754817E-04  0.196708E+08  0.196708E+08  0.255011E+08  0.255001E+08  0.000000E+00  0.196708E+08
  0.770065E-04  0.196707E+08  0.196707E+08  0.254718E+08  0.254707E+08  0.000000E+00  0.196707E+08
  0.785621E-04  0.196707E+08  0.196707E+08  0.254413E+08  0.254401E+08  0.000000E+00  0.196707E+08
  0.801492E-04  0.196706E+08  0.196706E+08  0.254096E+08  0.254084E+08  0.000000E+00  0.196706E+08
  0.817683E-04  0.196706E+08  0.196706E+08  0.253766E+08  0.253754E+08  0.000000E+00  0.196706E+08
  0.834201E-04  0.196705E+08  0.196705E+08  0.253424E+08  0.253411E+08  0.000000E+00  0.196705E+08
  0.851053E-04  0.196704E+08  0.196704E+08  0.253067E+08  0.253054E+08  0.000000E+00  0.196704E+08
  0.868246E-04  0.196703E+08  0.196703E+08  0.252697E+08  0.252683E+08  0.000000E+00  0.196703E+08
  0.885786E-04  0.196703E+08  0.196703E+08  0.252312E+08  0.252298E+08  0.000000E+00  0.196703E+08
  0.903680E-04  0.196702E+08  0.196702E+08  0.251912E+08  0.251897E+08  0.000000E+00  0.196702E+08
  0.921935E-04  0.196701E+08  0.196701E+08  0.251496E+08  0.251481E+08  0.000000E+00  0.196701E+08
  0.940560E-04  0.196700E+08  0.196700E+08  0.251064E+08  0.251048E+08  0.000000E+00  0.196700E+08
  0.959560E-04  0.196699E+08  0.196699E+08  0.250616E+08  0.250599E+08  0.000000E+00  0.196699E+08
  0.978945E-04  0.196698E+08  0.196698E+08  0.250149E+08  0.250132E+08  0.000000E+00  0.196698E+08
  0.998720E-04  0.196698E+08  0.196697E+08  0.249664E+08  0.249647E+08  0.000000E+00  0.196698E+08
  0.101890E-03  0.196696E+08  0.196696E+08  0.249161E+08  0.249142E+08  0.000000E+00  0.196696E+08
  0.103948E-03  0.196695E+08  0.196695E+08  0.248638E+08  0.248619E+08  0.000000E+00  0.196695E+08
  0.106048E-03  0.196694E+08  0.196694E+08  0.248095E+08  0.248074E+08  0.000000E+00  0.196694E+08
  0.108190E-03  0.196693E+08  0.196693E+08  0.247530E+08  0.247509E+08  0.000000E+00  0.196693E+08
  0.110376E-03  0.196692E+08  0.196692E+08  0.246944E+08  0.246922E+08  0.000000E+00  0.196692E+08
  0.112605E-03  0.196691E+08  0.196691E+08  0.246335E+08  0.246313E+08  0.000000E+00  0.196691E+08
  0.114880E-03  0.196690E+08  0.196690E+08  0.245703E+08  0.245680E+08  0.000000E+00  0.196690E+08
  0.117201E-03  0.196688E+08  0.196688E+08  0.245047E+08  0.245023E+08  0.000000E+00  0.196688E+08
  0.119569E-03  0.196687E+08  0.196687E+08  0.244365E+08  0.244340E+08  0.000000E+00  0.196687E+08
  0.121984E-03  0.196686E+08  0.196686E+08  0.243658E+08  0.243632E+08  0.000000E+00  0.196686E+08
  0.124448E-03  0.196684E+08  0.196684E+08  0.242923E+08  0.242897E+08  0.000000E+00  0.196684E+08
  0.126962E-03  0.196683E+08  0.196682E+08  0.242161E+08  0.242134E+08  0.000000E+00  0.196683E+08
  0.129527E-03  0.196681E+08  0.196681E+08  0.241370E+08  0.241342E+08  0.000000E+00  0.196681E+08
  0.132144E-03  0.196679E+08  0.196679E+08  0.240550E+08  0.240520E+08  0.000000E+00  0.196679E+08
  0.134813E-03  0.196678E+08  0.196678E+08  0.239698E+08  0.239668E+08  0.000000E+00  0.196678E+08
  0.137537E-03  0.196676E+08  0.196676E+08  0.238815E+08  0.238783E+08  0.000000E+00  0.196676E+08
  0.140315E-03  0.196674E+08  0.196674E+08  0.237899E+08  0.237866E+08  0.000000E+00  0.196674E+08
  0.143150E-03  0.196672E+08  0.196672E+08  0.236949E+08  0.236915E+08  0.000000E+00  0.196672E+08
  0.146041E-03  0.196670E+08  0.196670E+08  0.235963E+08  0.235929E+08  0.000000E+00  0.196670E+08
  0.148992E-03  0.196668E+08  0.196668E+08  0.234942E+08  0.234906E+08  0.000000E+00  0.196668E+08
  0.152001E-03  0.196666E+08  0.196666E+08  0.233883E+08  0.233846E+08  0.000000E+00  0.196666E+08
  0.155072E-03  0.196663E+08  0.196663E+08  0.232785E+08  0.232747E+08  0.000000E+00  0.196663E+08
  0.158205E-03  0.196661E+08  0.196661E+08  0.231648E+08  0.231609E+08  0.000000E+00  0.196661E+08
  0.161401E-03  0.196658E+08  0.196658E+08  0.230470E+08  0.230429E+08  0.000000E+00  0.196658E+08
  0.164661E-03  0.196656E+08  0.196656E+08  0.229249E+08  0.229208E+08  0.000000E+00  0.196656E+08
  0.167988E-03  0.196653E+08  0.196653E+08  0.227985E+08  0.227942E+08  0.000000E+00  0.196653E+08
  0.171381E-03  0.196650E+08  0.196650E+08  0.226676E+08  0.226632E+08  0.000000E+00  0.196650E+08
  0.174843E-03  0.196648E+08  0.196648E+08  0.225321E+08  0.225276E+08  0.000000E+00  0.196648E+08
  0.178375E-03  0.196645E+08  0.196644E+08  0.223919E+08  0.223872E+08  0.000000E+00  0.196645E+08
  0.181979E-03  0.196641E+08  0.196641E+08  0.222468E+08  0.222420E+08  0.000000E+00  0.196641E+08
  0.185655E-03  0.196638E+08  0.196638E+08  0.220967E+08  0.220917E+08  0.000000E+00  0.196638E+08
  0.189405E-03  0.196635E+08  0.196635E+08  0.219414E+08  0.219363E+08  0.000000E+00  0.196635E+08
  0.193232E-03  0.196631E+08  0.196631E+08  0.217809E+08  0.217756E+08  0.000000E+00  0.196631E+08
  0.197135E-03  0.196628E+08  0.196628E+08  0.216149E+08  0.216096E+08  0.000000E+00  0.196628E+08
  0.201118E-03  0.196624E+08  0.196624E+08  0.214434E+08  0.214379E+08  0.000000E+00  0.196624E+08
  0.205180E-03  0.196620E+08  0.196620E+08  0.212663E+08  0.212606E+08  0.000000E+00  0.196620E+08
  0.209325E-03  0.196616E+08  0.196616E+08  0.210833E+08  0.210776E+08  0.000000E+00  0.196616E+08
  0.213554E-03  0.196611E+08  0.196611E+08  0.208944E+08  0.208885E+08  0.000000E+00  0.196611E+08
  0.217868E-03  0.196607E+08  0.196607E+08  0.206995E+08  0.206935E+08  0.000000E+00  0.196607E+08
  0.222269E-03  0.196602E+08  0.196602E+08  0.204984E+08  0.204922E+08  0.000000E+00  0.196602E+08
  0.226759E-03  0.196598E+08  0.196598E+08  0.202909E+08  0.202847E+08  0.000000E+00  0.196598E+08
  0.231340E-03  0.196593E+08  0.196592E+08  0.200771E+08  0.200707E+08  0.000000E+00  0.196593E+08
  0.236014E-03  0.196587E+08  0.196587E+08  0.198567E+08  0.198502E+08  0.000000E+00  0.196587E+08
  0.240782E-03  0.196582E+08  0.196582E+08  0.196297E+08  0.196231E+08  0.000000E+00  0.196582E+08
  0.245646E-03  0.196576E+08  0.196576E+08  0.193960E+08  0.193893E+08  0.000000E+00  0.196576E+08
  0.250608E-03  0.196571E+08  0.196570E+08  0.191554E+08  0.191487E+08  0.000000E+00  0.196571E+08
  0.255671E-03  0.196564E+08  0.196564E+08  0.189080E+08  0.189012E+08  0.000000E+00  0.196564E+08
  0.260835E-03  0.196558E+08  0.196558E+08  0.186536E+08  0.186467E+08  0.000000E+00  0.196558E+08
  0.266105E-03  0.196552E+08  0.196552E+08  0.183922E+08  0.183852E+08  0.000000E+00  0.196552E+08
  0.271480E-03  0.196545E+08  0.196545E+08  0.181237E+08  0.181167E+08  0.000000E+00  0.196545E+08
  0.276965E-03  0.196538E+08  0.196538E+08  0.178481E+08  0.178411E+08  0.000000E+00  0.196538E+08
  0.282560E-03  0.196530E+08  0.196530E+08  0.175654E+08  0.175584E+08  0.000000E+00  0.196530E+08
  0.288268E-03  0.196523E+08  0.196523E+08  0.172755E+08  0.172685E+08  0.000000E+00  0.196523E+08
  0.294091E-03  0.196515E+08  0.196515E+08  0.169785E+08  0.169716E+08  0.000000E+00  0.196515E+08
  0.300032E-03  0.196507E+08  0.196506E+08  0.166745E+08  0.166676E+08  0.000000E+00  0.196507E+08
  0.306093E-03  0.196498E+08  0.196498E+08  0.163634E+08  0.163565E+08  0.000000E+00  0.196498E+08
  0.312277E-03  0.196489E+08  0.196489E+08  0.160453E+08  0.160386E+08  0.000000E+00  0.196489E+08
  0.318585E-03  0.196480E+08  0.196480E+08  0.157204E+08  0.157138E+08  0.000000E+00  0.196480E+08
  0.325021E-03  0.196470E+08  0.196470E+08  0.153887E+08  0.153823E+08  0.000000E+00  0.196470E+08
  0.331587E-03  0.196460E+08  0.196460E+08  0.150504E+08  0.150442E+08  0.000000E+00  0.196460E+08
  0.338285E-03  0.196450E+08  0.196450E+08  0.147057E+08  0.146997E+08  0.000000E+00  0.196450E+08
  0.345119E-03  0.196439E+08  0.196439E+08  0.143548E+08  0.143491E+08  0.000000E+00  0.196439E+08
  0.352091E-03  0.196428E+08  0.196428E+08  0.139979E+08  0.139925E+08  0.000000E+00  0.196428E+08
  0.359204E-03  0.196417E+08  0.196417E+08  0.136353E+08  0.136303E+08  0.000000E+00  0.196417E+08
  0.366460E-03  0.196405E+08  0.196405E+08  0.132673E+08  0.132627E+08  0.000000E+00  0.196405E+08
  0.373863E-03  0.196392E+08  0.196392E+08  0.128943E+08  0.128900E+08  0.000000E+00  0.196392E+08
  0.381416E-03  0.196379E+08  0.196379E+08  0.125165E+08  0.125128E+08  0.000000E+00  0.196379E+08
  0.389121E-03  0.196366E+08  0.196366E+08  0.121344E+08  0.121313E+08  0.000000E+00  0.196366E+08
  0.396982E-03  0.196352E+08  0.196352E+08  0.117486E+08  0.117460E+08  0.000000E+00  0.196352E+08
  0.405001E-03  0.196338E+08  0.196337E+08  0.113593E+08  0.113574E+08  0.000000E+00  0.196338E+08
  0.413183E-03  0.196323E+08  0.196322E+08  0.109673E+08  0.109662E+08  0.000000E+00  0.196323E+08
  0.421530E-03  0.196307E+08  0.196307E+08  0.105731E+08  0.105727E+08  0.000000E+00  0.196307E+08
  0.430045E-03  0.196291E+08  0.196291E+08  0.101772E+08  0.101777E+08  0.000000E+00  0.196291E+08
  0.438733E-03  0.196274E+08  0.196274E+08  0.978042E+07  0.978184E+07  0.000000E+00  0.196274E+08
  0.447595E-03  0.196257E+08  0.196257E+08  0.938334E+07  0.938577E+07  0.000000E+00  0.196257E+08
  0.456637E-03  0.196239E+08  0.196239E+08  0.898672E+07  0.899023E+07  0.000000E+00  0.196239E+08
  0.465862E-03  0.196220E+08  0.196220E+08  0.859134E+07  0.859601E+07  0.000000E+00  0.196220E+08
  0.475273E-03  0.196201E+08  0.196201E+08  0.819800E+07  0.820390E+07  0.000000E+00  0.196201E+08
  0.484874E-03  0.196181E+08  0.196181E+08  0.780754E+07  0.781475E+07  0.000000E+00  0.196181E+08
  0.494669E-03  0.196161E+08  0.196160E+08  0.742082E+07  0.742942E+07  0.000000E+00  0.196161E+08
  0.504663E-03  0.196139E+08  0.196139E+08  0.703873E+07  0.704879E+07  0.000000E+00  0.196139E+08
  0.514857E-03  0.196117E+08  0.196117E+08  0.666218E+07  0.667379E+07  0.000000E+00  0.196117E+08
  0.525258E-03  0.196094E+08  0.196094E+08  0.629209E+07  0.630532E+07  0.000000E+00  0.196094E+08
  0.535869E-03  0.196070E+08  0.196070E+08  0.592940E+07  0.594432E+07  0.000000E+00  0.196070E+08
  0.546694E-03  0.196046E+08  0.196045E+08  0.557504E+07  0.559173E+07  0.000000E+00  0.196046E+08
  0.557738E-03  0.196020E+08  0.196020E+08  0.522994E+07  0.524845E+07  0.000000E+00  0.196020E+08
  0.569005E-03  0.195994E+08  0.195993E+08  0.489501E+07  0.491541E+07  0.000000E+00  0.195994E+08
  0.580500E-03  0.195966E+08  0.195966E+08  0.457114E+07  0.459348E+07  0.000000E+00  0.195966E+08
  0.592227E-03  0.195938E+08  0.195938E+08  0.425918E+07  0.428352E+07  0.000000E+00  0.195938E+08
  0.604191E-03  0.195909E+08  0.195908E+08  0.395995E+07  0.398633E+07  0.000000E+00  0.195909E+08
  0.616396E-03  0.195879E+08  0.195878E+08  0.367420E+07  0.370266E+07  0.000000E+00  0.195879E+08
  0.628848E-03  0.195847E+08  0.195847E+08  0.340263E+07  0.343318E+07  0.000000E+00  0.195847E+08
  0.641552E-03  0.195815E+08  0.195815E+08  0.314585E+07  0.317851E+07  0.000000E+00  0.195815E+08
  0.654512E-03  0.195782E+08  0.195781E+08  0.290438E+07  0.293915E+07  0.000000E+00  0.195782E+08
  0.667734E-03  0.195747E+08  0.195747E+08  0.267865E+07  0.271551E+07  0.000000E+00  0.195747E+08
  0.681223E-03  0.195712E+08  0.195711E+08  0.246896E+07  0.250790E+07  0.000000E+00  0.195712E+08
  0.694985E-03  0.195675E+08  0.195674E+08  0.227552E+07  0.231648E+07  0.000000E+00  0.195675E+08
  0.709024E-03  0.195637E+08  0.195636E+08  0.209837E+07  0.214131E+07  0.000000E+00  0.195637E+08
  0.723347E-03  0.195597E+08  0.195597E+08  0.193744E+07  0.198227E+07  0.000000E+00  0.195597E+08
  0.737960E-03  0.195557E+08  0.195556E+08  0.179248E+07  0.183912E+07  0.000000E+00  0.195557E+08
  0.752868E-03  0.195515E+08  0.195514E+08  0.166313E+07  0.171147E+07  0.000000E+00  0.195515E+08
  0.768077E-03  0.195472E+08  0.195471E+08  0.154884E+07  0.159876E+07  0.000000E+00  0.195472E+08
  0.783593E-03  0.195427E+08  0.195426E+08  0.144893E+07  0.150028E+07  0.000000E+00  0.195427E+08
  0.799423E-03  0.195381E+08  0.195380E+08  0.136256E+07  0.141519E+07  0.000000E+00  0.195381E+08
  0.815572E-03  0.195334E+08  0.195333E+08  0.128873E+07  0.134247E+07  0.000000E+00  0.195333E+08
  0.832048E-03  0.195284E+08  0.195284E+08  0.122634E+07  0.128101E+07  0.000000E+00  0.195284E+08
  0.848856E-03  0.195234E+08  0.195233E+08  0.117415E+07  0.122955E+07  0.000000E+00  0.195234E+08
  0.866004E-03  0.195182E+08  0.195181E+08  0.113082E+07  0.118674E+07  0.000000E+00  0.195182E+08
  0.883499E-03  0.195128E+08  0.195127E+08  0.109493E+07  0.115116E+07  0.000000E+00  0.195128E+08
  0.901347E-03  0.195073E+08  0.195072E+08  0.106502E+07  0.112134E+07  0.000000E+00  0.195073E+08
  0.919555E-03  0.195016E+08  0.195015E+08  0.103959E+07  0.109578E+07  0.000000E+00  0.195015E+08
  0.938131E-03  0.194957E+08  0.194956E+08  0.101716E+07  0.107300E+07  0.000000E+00  0.194957E+08
  0.957083E-03  0.194896E+08  0.194895E+08  0.996296E+06  0.105158E+07  0.000000E+00  0.194896E+08
  0.976417E-03  0.194834E+08  0.194833E+08  0.975633E+06  0.103016E+07  0.000000E+00  0.194834E+08
  0.996142E-03  0.194769E+08  0.194768E+08  0.953935E+06  0.100752E+07  0.000000E+00  0.194769E+08
  0.101627E-02  0.194703E+08  0.194702E+08  0.930118E+06  0.982581E+06  0.000000E+00  0.194703E+08
  0.103680E-02  0.194635E+08  0.194634E+08  0.903286E+06  0.954481E+06  0.000000E+00  0.194635E+08
  0.105774E-02  0.194565E+08  0.194563E+08  0.872761E+06  0.922560E+06  0.000000E+00  0.194564E+08
  0.107911E-02  0.194492E+08  0.194491E+08  0.838107E+06  0.886410E+06  0.000000E+00  0.194492E+08
  0.110091E-02  0.194418E+08  0.194416E+08  0.799152E+06  0.845885E+06  0.000000E+00  0.194418E+08
  0.112315E-02  0.194341E+08  0.194340E+08  0.755990E+06  0.801111E+06  0.000000E+00  0.194341E+08
  0.114584E-02  0.194262E+08  0.194261E+08  0.708984E+06  0.752479E+06  0.000000E+00  0.194262E+08
  0.116898E-02  0.194181E+08  0.194180E+08  0.658749E+06  0.700636E+06  0.000000E+00  0.194181E+08
  0.119260E-02  0.194098E+08  0.194096E+08  0.606132E+06  0.646454E+06  0.000000E+00  0.194097E+08
  0.121669E-02  0.194012E+08  0.194010E+08  0.552167E+06  0.590994E+06  0.000000E+00  0.194011E+08
  0.124127E-02  0.193923E+08  0.193921E+08  0.498034E+06  0.535458E+06  0.000000E+00  0.193923E+08
  0.126634E-02  0.193832E+08  0.193830E+08  0.444990E+06  0.481122E+06  0.000000E+00  0.193832E+08
  0.129193E-02  0.193739E+08  0.193737E+08  0.394305E+06  0.429268E+06  0.000000E+00  0.193739E+08
  0.131803E-02  0.193643E+08  0.193641E+08  0.347189E+06  0.381115E+06  0.000000E+00  0.193642E+08
  0.134465E-02  0.193544E+08  0.193542E+08  0.304713E+06  0.337737E+06  0.000000E+00  0.193543E+08
  0.137181E-02  0.193442E+08  0.193440E+08  0.267740E+06  0.299995E+06  0.000000E+00  0.193442E+08
  0.139953E-02  0.193338E+08  0.193335E+08  0.236860E+06  0.268474E+06  0.000000E+00  0.193337E+08
  0.142780E-02  0.193230E+08  0.193228E+08  0.212339E+06  0.243431E+06  0.000000E+00  0.193230E+08
  0.145664E-02  0.193120E+08  0.193117E+08  0.194088E+06  0.224767E+06  0.000000E+00  0.193119E+08
  0.148607E-02  0.193006E+08  0.193004E+08  0.181656E+06  0.212020E+06  0.000000E+00  0.193006E+08
  0.151609E-02  0.192890E+08  0.192887E+08  0.174248E+06  0.204386E+06  0.000000E+00  0.192889E+08
  0.154672E-02  0.192770E+08  0.192767E+08  0.170772E+06  0.200765E+06  0.000000E+00  0.192770E+08
  0.157796E-02  0.192647E+08  0.192644E+08  0.000000E+00  0.000000E+00  0.000000E+00  0.192647E+08
  0.160984E-02  0.192521E+08  0.192518E+08  0.000000E+00  0.000000E+00  0.000000E+00  0.192520E+08
  0.164236E-02  0.192391E+08  0.192388E+08  0.000000E+00  0.000000E+00  0.000000E+00  0.192390E+08
  0.167554E-02  0.192258E+08  0.192254E+08  0.000000E+00  0.000000E+00  0.000000E+00  0.192257E+08
  0.170939E-02  0.192121E+08  0.192117E+08  0.000000E+00  0.000000E+00  0.000000E+00  0.192120E+08
  0.174392E-02  0.191980E+08  0.191977E+08  0.000000E+00  0.000000E+00  0.000000E+00  0.191980E+08
  0.177915E-02  0.191836E+08  0.191832E+08  0.000000E+00  0.000000E+00  0.000000E+00  0.191835E+08
  0.181509E-02  0.191688E+08  0.191684E+08  0.000000E+00  0.000000E+00  0.000000E+00  0.191687E+08
  0.185176E-02  0.191536E+08  0.191532E+08  0.000000E+00  0.000000E+00  0.000000E+00  0.191535E+08
  0.188916E-02  0.191380E+08  0.191376E+08  0.000000E+00  0.000000E+00  0.000000E+00  0.191379E+08
  0.192733E-02  0.191220E+08  0.191216E+08  0.000000E+00  0.000000E+00  0.000000E+00  0.191219E+08
  0.196626E-02  0.191056E+08  0.191051E+08  0.000000E+00  0.000000E+00  0.000000E+00  0.191055E+08
  0.200598E-02  0.190887E+08  0.190883E+08  0.000000E+00  0.000000E+00  0.000000E+00  0.190887E+08
  0.204651E-02  0.190715E+08  0.190710E+08  0.000000E+00  0.000000E+00  0.000000E+00  0.190714E+08
  0.208785E-02  0.190538E+08  0.190533E+08  0.000000E+00  0.000000E+00  0.000000E+00  0.190537E+08
  0.213003E-02  0.190356E+08  0.190351E+08  0.000000E+00  0.000000E+00  0.000000E+00  0.190355E+08
  0.217306E-02  0.190170E+08  0.190164E+08  0.000000E+00  0.000000E+00  0.000000E+00  0.190169E+08
  0.221696E-02  0.189979E+08  0.189973E+08  0.000000E+00  0.000000E+00  0.000000E+00  0.189978E+08
  0.226174E-02  0.189783E+08  0.189777E+08  0.000000E+00  0.000000E+00  0.000000E+00  0.189782E+08
  0.230743E-02  0.189582E+08  0.189576E+08  0.000000E+00  0.000000E+00  0.000000E+00  0.189581E+08
  0.235404E-02  0.189377E+08  0.189371E+08  0.000000E+00  0.000000E+00  0.000000E+00  0.189376E+08
  0.240160E-02  0.189166E+08  0.189160E+08  0.000000E+00  0.000000E+00  0.000000E+00  0.189165E+08
  0.245011E-02  0.188950E+08  0.188944E+08  0.000000E+00  0.000000E+00  0.000000E+00  0.188949E+08
  0.249961E-02  0.188729E+08  0.188722E+08  0.000000E+00  0.000000E+00  0.000000E+00  0.188728E+08
  0.255011E-02  0.188503E+08  0.188495E+08  0.000000E+00  0.000000E+00  0.000000E+00  0.188502E+08
  0.260162E-02  0.188271E+08  0.188263E+08  0.000000E+00  0.000000E+00  0.000000E+00  0.188269E+08
  0.265418E-02  0.188033E+08  0.188025E+08  0.000000E+00  0.000000E+00  0.000000E+00  0.188032E+08
  0.270779E-02  0.187790E+08  0.187782E+08  0.000000E+00  0.000000E+00  0.000000E+00  0.187789E+08
  0.276250E-02  0.187541E+08  0.187532E+08  0.000000E+00  0.000000E+00  0.000000E+00  0.187539E+08
  0.281830E-02  0.187286E+08  0.187277E+08  0.000000E+00  0.000000E+00  0.000000E+00  0.187284E+08
  0.287524E-02  0.187025E+08  0.187016E+08  0.000000E+00  0.000000E+00  0.000000E+00  0.187023E+08
  0.293332E-02  0.186758E+08  0.186748E+08  0.000000E+00  0.000000E+00  0.000000E+00  0.186756E+08
  0.299258E-02  0.186485E+08  0.186475E+08  0.000000E+00  0.000000E+00  0.000000E+00  0.186483E+08
  0.305303E-02  0.186205E+08  0.186195E+08  0.000000E+00  0.000000E+00  0.000000E+00  0.186203E+08
  0.311470E-02  0.185919E+08  0.185908E+08  0.000000E+00  0.000000E+00  0.000000E+00  0.185917E+08
  0.317763E-02  0.185626E+08  0.185615E+08  0.000000E+00  0.000000E+00  0.000000E+00  0.185625E+08
  0.324182E-02  0.185327E+08  0.185316E+08  0.000000E+00  0.000000E+00  0.000000E+00  0.185325E+08
  0.330731E-02  0.185021E+08  0.185009E+08  0.000000E+00  0.000000E+00  0.000000E+00  0.185019E+08
  0.337412E-02  0.184708E+08  0.184696E+08  0.000000E+00  0.000000E+00  0.000000E+00  0.184706E+08
  0.344228E-02  0.184388E+08  0.184375E+08  0.000000E+00  0.000000E+00  0.000000E+00  0.184386E+08
  0.351182E-02  0.184062E+08  0.184048E+08  0.000000E+00  0.000000E+00  0.000000E+00  0.184059E+08
  0.358276E-02  0.183727E+08  0.183713E+08  0.000000E+00  0.000000E+00  0.000000E+00  0.183725E+08
  0.365514E-02  0.183386E+08  0.183371E+08  0.000000E+00  0.000000E+00  0.000000E+00  0.183383E+08
  0.372898E-02  0.183037E+08  0.183022E+08  0.000000E+00  0.000000E+00  0.000000E+00  0.183034E+08
  0.380431E-02  0.182680E+08  0.182665E+08  0.000000E+00  0.000000E+00  0.000000E+00  0.182678E+08
  0.388116E-02  0.182316E+08  0.182300E+08  0.000000E+00  0.000000E+00  0.000000E+00  0.182313E+08
  0.395957E-02  0.181944E+08  0.181927E+08  0.000000E+00  0.000000E+00  0.000000E+00  0.181941E+08
  0.403956E-02  0.181564E+08  0.181546E+08  0.000000E+00  0.000000E+00  0.000000E+00  0.181561E+08
  0.412116E-02  0.181176E+08  0.181158E+08  0.000000E+00  0.000000E+00  0.000000E+00  0.181173E+08
  0.420441E-02  0.180780E+08  0.180761E+08  0.000000E+00  0.000000E+00  0.000000E+00  0.180777E+08
  0.428935E-02  0.180376E+08  0.180356E+08  0.000000E+00  0.000000E+00  0.000000E+00  0.180373E+08
  0.437600E-02  0.179963E+08  0.179942E+08  0.000000E+00  0.000000E+00  0.000000E+00  0.179960E+08
  0.446440E-02  0.179542E+08  0.179520E+08  0.000000E+00  0.000000E+00  0.000000E+00  0.179538E+08
  0.455459E-02  0.179112E+08  0.179090E+08  0.000000E+00  0.000000E+00  0.000000E+00  0.179108E+08
  0.464659E-02  0.178673E+08  0.178650E+08  0.000000E+00  0.000000E+00  0.000000E+00  0.178670E+08
  0.474046E-02  0.178226E+08  0.178202E+08  0.000000E+00  0.000000E+00  0.000000E+00  0.178222E+08
  0.483622E-02  0.177770E+08  0.177745E+08  0.000000E+00  0.000000E+00  0.000000E+00  0.177766E+08
  0.493392E-02  0.177304E+08  0.177278E+08  0.000000E+00  0.000000E+00  0.000000E+00  0.177300E+08
  0.503360E-02  0.176829E+08  0.176802E+08  0.000000E+00  0.000000E+00  0.000000E+00  0.176825E+08
  0.513528E-02  0.176345E+08  0.176317E+08  0.000000E+00  0.000000E+00  0.000000E+00  0.176341E+08
  0.523902E-02  0.175852E+08  0.175823E+08  0.000000E+00  0.000000E+00  0.000000E+00  0.175847E+08
  0.534485E-02  0.175349E+08  0.175318E+08  0.000000E+00  0.000000E+00  0.000000E+00  0.175344E+08
  0.545283E-02  0.174836E+08  0.174804E+08  0.000000E+00  0.000000E+00  0.000000E+00  0.174831E+08
  0.556298E-02  0.174313E+08  0.174280E+08  0.000000E+00  0.000000E+00  0.000000E+00  0.174308E+08
  0.567536E-02  0.173780E+08  0.173747E+08  0.000000E+00  0.000000E+00  0.000000E+00  0.173775E+08
  0.579001E-02  0.173238E+08  0.173203E+08  0.000000E+00  0.000000E+00  0.000000E+00  0.173232E+08
  0.590698E-02  0.172685E+08  0.172649E+08  0.000000E+00  0.000000E+00  0.000000E+00  0.172679E+08
  0.602631E-02  0.172122E+08  0.172084E+08  0.000000E+00  0.000000E+00  0.000000E+00  0.172116E+08
  0.614805E-02  0.171548E+08  0.171509E+08  0.000000E+00  0.000000E+00  0.000000E+00  0.171542E+08
  0.627225E-02  0.170964E+08  0.170923E+08  0.000000E+00  0.000000E+00  0.000000E+00  0.170958E+08
  0.639895E-02  0.170370E+08  0.170327E+08  0.000000E+00  0.000000E+00  0.000000E+00  0.170363E+08
  0.652822E-02  0.169764E+08  0.169720E+08  0.000000E+00  0.000000E+00  0.000000E+00  0.169757E+08
  0.666010E-02  0.169148E+08  0.169102E+08  0.000000E+00  0.000000E+00  0.000000E+00  0.169140E+08
  0.679464E-02  0.168520E+08  0.168473E+08  0.000000E+00  0.000000E+00  0.000000E+00  0.168512E+08
  0.693190E-02  0.167882E+08  0.167832E+08  0.000000E+00  0.000000E+00  0.000000E+00  0.167874E+08
  0.707194E-02  0.167232E+08  0.167181E+08  0.000000E+00  0.000000E+00  0.000000E+00  0.167223E+08
  0.721480E-02  0.166570E+08  0.166517E+08  0.000000E+00  0.000000E+00  0.000000E+00  0.166562E+08
  0.736055E-02  0.165898E+08  0.165843E+08  0.000000E+00  0.000000E+00  0.000000E+00  0.165889E+08
  0.750924E-02  0.165213E+08  0.165156E+08  0.000000E+00  0.000000E+00  0.000000E+00  0.165204E+08
  0.766094E-02  0.164517E+08  0.164458E+08  0.000000E+00  0.000000E+00  0.000000E+00  0.164507E+08
  0.781570E-02  0.163809E+08  0.163747E+08  0.000000E+00  0.000000E+00  0.000000E+00  0.163799E+08
  0.797359E-02  0.163089E+08  0.163025E+08  0.000000E+00  0.000000E+00  0.000000E+00  0.163078E+08
  0.813466E-02  0.162356E+08  0.162290E+08  0.000000E+00  0.000000E+00  0.000000E+00  0.162346E+08
  0.829899E-02  0.161612E+08  0.161543E+08  0.000000E+00  0.000000E+00  0.000000E+00  0.161601E+08
  0.846665E-02  0.160855E+08  0.160784E+08  0.000000E+00  0.000000E+00  0.000000E+00  0.160844E+08
  0.863768E-02  0.160092E+08  0.160018E+08  0.000000E+00  0.000000E+00  0.000000E+00  0.160080E+08
  0.881218E-02  0.159312E+08  0.159235E+08  0.000000E+00  0.000000E+00  0.000000E+00  0.159299E+08
  0.899020E-02  0.158519E+08  0.158440E+08  0.000000E+00  0.000000E+00  0.000000E+00  0.158506E+08
  0.917181E-02  0.157714E+08  0.157632E+08  0.000000E+00  0.000000E+00  0.000000E+00  0.157701E+08
  0.935709E-02  0.156896E+08  0.156811E+08  0.000000E+00  0.000000E+00  0.000000E+00  0.156883E+08
  0.954612E-02  0.156065E+08  0.155977E+08  0.000000E+00  0.000000E+00  0.000000E+00  0.156051E+08
  0.973896E-02  0.155222E+08  0.155130E+08  0.000000E+00  0.000000E+00  0.000000E+00  0.155207E+08
  0.993570E-02  0.154365E+08  0.154270E+08  0.000000E+00  0.000000E+00  0.000000E+00  0.154349E+08
  0.101364E-01  0.153495E+08  0.153397E+08  0.000000E+00  0.000000E+00  0.000000E+00  0.153479E+08
  0.103412E-01  0.152611E+08  0.152510E+08  0.000000E+00  0.000000E+00  0.000000E+00  0.152595E+08
  0.105501E-01  0.151714E+08  0.151609E+08  0.000000E+00  0.000000E+00  0.000000E+00  0.151697E+08
  0.107632E-01  0.150804E+08  0.150695E+08  0.000000E+00  0.000000E+00  0.000000E+00  0.150786E+08
  0.109806E-01  0.149880E+08  0.149767E+08  0.000000E+00  0.000000E+00  0.000000E+00  0.149862E+08
  0.112025E-01  0.148903E+08  0.148787E+08  0.000000E+00  0.000000E+00  0.000000E+00  0.148885E+08
  0.114288E-01  0.147949E+08  0.147828E+08  0.000000E+00  0.000000E+00  0.000000E+00  0.147930E+08
  0.116597E-01  0.146981E+08  0.146856E+08  0.000000E+00  0.000000E+00  0.000000E+00  0.146961E+08
  0.118952E-01  0.145998E+08  0.145869E+08  0.000000E+00  0.000000E+00  0.000000E+00  0.145977E+08
  0.121355E-01  0.145002E+08  0.144868E+08  0.000000E+00  0.000000E+00  0.000000E+00  0.144980E+08
  0.123806E-01  0.143990E+08  0.143852E+08  0.000000E+00  0.000000E+00  0.000000E+00  0.143968E+08
  0.126308E-01  0.142965E+08  0.142822E+08  0.000000E+00  0.000000E+00  0.000000E+00  0.142942E+08
  0.128859E-01  0.141925E+08  0.141777E+08  0.000000E+00  0.000000E+00  0.000000E+00  0.141901E+08
  0.131462E-01  0.140870E+08  0.140717E+08  0.000000E+00  0.000000E+00  0.000000E+00  0.140845E+08
  0.134118E-01  0.139801E+08  0.139642E+08  0.000000E+00  0.000000E+00  0.000000E+00  0.139775E+08
  0.136827E-01  0.138745E+08  0.138582E+08  0.000000E+00  0.000000E+00  0.000000E+00  0.138719E+08
  0.139591E-01  0.137648E+08  0.137479E+08  0.000000E+00  0.000000E+00  0.000000E+00  0.137620E+08
  0.142411E-01  0.136535E+08  0.136361E+08  0.000000E+00  0.000000E+00  0.000000E+00  0.136507E+08
  0.145288E-01  0.135408E+08  0.135228E+08  0.000000E+00  0.000000E+00  0.000000E+00  0.135379E+08
  0.148223E-01  0.134266E+08  0.134080E+08  0.000000E+00  0.000000E+00  0.000000E+00  0.134236E+08
  0.151218E-01  0.133109E+08  0.132918E+08  0.000000E+00  0.000000E+00  0.000000E+00  0.133078E+08
  0.154272E-01  0.131938E+08  0.131740E+08  0.000000E+00  0.000000E+00  0.000000E+00  0.131906E+08
  0.157389E-01  0.130751E+08  0.130547E+08  0.000000E+00  0.000000E+00  0.000000E+00  0.130718E+08
  0.160568E-01  0.129540E+08  0.129330E+08  0.000000E+00  0.000000E+00  0.000000E+00  0.129506E+08
  0.163812E-01  0.128323E+08  0.128106E+08  0.000000E+00  0.000000E+00  0.000000E+00  0.128288E+08
  0.167121E-01  0.127092E+08  0.126868E+08  0.000000E+00  0.000000E+00  0.000000E+00  0.127056E+08
  0.170497E-01  0.125846E+08  0.125615E+08  0.000000E+00  0.000000E+00  0.000000E+00  0.125808E+08
  0.173942E-01  0.124585E+08  0.124347E+08  0.000000E+00  0.000000E+00  0.000000E+00  0.124546E+08
  0.177455E-01  0.123309E+08  0.123065E+08  0.000000E+00  0.000000E+00  0.000000E+00  0.123270E+08
  0.181040E-01  0.122019E+08  0.121768E+08  0.000000E+00  0.000000E+00  0.000000E+00  0.121979E+08
  0.184698E-01  0.120717E+08  0.120459E+08  0.000000E+00  0.000000E+00  0.000000E+00  0.120676E+08
  0.188429E-01  0.119399E+08  0.119134E+08  0.000000E+00  0.000000E+00  0.000000E+00  0.119356E+08
  0.192235E-01  0.118068E+08  0.117794E+08  0.000000E+00  0.000000E+00  0.000000E+00  0.118024E+08
  0.196119E-01  0.116722E+08  0.116442E+08  0.000000E+00  0.000000E+00  0.000000E+00  0.116677E+08
  0.200080E-01  0.115364E+08  0.115076E+08  0.000000E+00  0.000000E+00  0.000000E+00  0.115317E+08
  0.204122E-01  0.113992E+08  0.113697E+08  0.000000E+00  0.000000E+00  0.000000E+00  0.113945E+08
  0.208246E-01  0.112608E+08  0.112305E+08  0.000000E+00  0.000000E+00  0.000000E+00  0.112559E+08
  0.212453E-01  0.111212E+08  0.110901E+08  0.000000E+00  0.000000E+00  0.000000E+00  0.111162E+08
  0.216745E-01  0.109804E+08  0.109485E+08  0.000000E+00  0.000000E+00  0.000000E+00  0.109752E+08
  0.221123E-01  0.108384E+08  0.108058E+08  0.000000E+00  0.000000E+00  0.000000E+00  0.108331E+08
  0.225590E-01  0.106954E+08  0.106620E+08  0.000000E+00  0.000000E+00  0.000000E+00  0.106900E+08
  0.230147E-01  0.105513E+08  0.105172E+08  0.000000E+00  0.000000E+00  0.000000E+00  0.105458E+08
  0.234797E-01  0.104063E+08  0.103714E+08  0.000000E+00  0.000000E+00  0.000000E+00  0.104007E+08
  0.239540E-01  0.102604E+08  0.102247E+08  0.000000E+00  0.000000E+00  0.000000E+00  0.102546E+08
  0.244379E-01  0.101137E+08  0.100773E+08  0.000000E+00  0.000000E+00  0.000000E+00  0.101078E+08
  0.249316E-01  0.996619E+07  0.992905E+07  0.000000E+00  0.000000E+00  0.000000E+00  0.996020E+07
  0.254352E-01  0.981806E+07  0.978020E+07  0.000000E+00  0.000000E+00  0.000000E+00  0.981195E+07
  0.259490E-01  0.966936E+07  0.963080E+07  0.000000E+00  0.000000E+00  0.000000E+00  0.966314E+07
  0.264733E-01  0.952018E+07  0.948095E+07  0.000000E+00  0.000000E+00  0.000000E+00  0.951386E+07
  0.270080E-01  0.937064E+07  0.933075E+07  0.000000E+00  0.000000E+00  0.000000E+00  0.936420E+07
  0.275536E-01  0.922083E+07  0.918031E+07  0.000000E+00  0.000000E+00  0.000000E+00  0.921429E+07
  0.281103E-01  0.907087E+07  0.902976E+07  0.000000E+00  0.000000E+00  0.000000E+00  0.906424E+07
  0.286781E-01  0.892089E+07  0.887920E+07  0.000000E+00  0.000000E+00  0.000000E+00  0.891417E+07
  0.292575E-01  0.877101E+07  0.872879E+07  0.000000E+00  0.000000E+00  0.000000E+00  0.876420E+07
  0.298485E-01  0.862137E+07  0.857866E+07  0.000000E+00  0.000000E+00  0.000000E+00  0.861448E+07
  0.304515E-01  0.847210E+07  0.842894E+07  0.000000E+00  0.000000E+00  0.000000E+00  0.846514E+07
  0.310666E-01  0.832336E+07  0.827979E+07  0.000000E+00  0.000000E+00  0.000000E+00  0.831633E+07
  0.316942E-01  0.817528E+07  0.813136E+07  0.000000E+00  0.000000E+00  0.000000E+00  0.816820E+07
  0.323345E-01  0.802805E+07  0.798382E+07  0.000000E+00  0.000000E+00  0.000000E+00  0.802091E+07
  0.329877E-01  0.788179E+07  0.783732E+07  0.000000E+00  0.000000E+00  0.000000E+00  0.787462E+07
  0.336541E-01  0.773670E+07  0.769205E+07  0.000000E+00  0.000000E+00  0.000000E+00  0.772950E+07
  0.343340E-01  0.759297E+07  0.754820E+07  0.000000E+00  0.000000E+00  0.000000E+00  0.758575E+07
  0.350275E-01  0.745069E+07  0.740587E+07  0.000000E+00  0.000000E+00  0.000000E+00  0.744346E+07
  0.357352E-01  0.730857E+07  0.726377E+07  0.000000E+00  0.000000E+00  0.000000E+00  0.730135E+07
  0.364570E-01  0.716792E+07  0.712322E+07  0.000000E+00  0.000000E+00  0.000000E+00  0.716071E+07
  0.371935E-01  0.702921E+07  0.698468E+07  0.000000E+00  0.000000E+00  0.000000E+00  0.702203E+07
  0.379449E-01  0.689264E+07  0.684836E+07  0.000000E+00  0.000000E+00  0.000000E+00  0.688550E+07
  0.387114E-01  0.675838E+07  0.671443E+07  0.000000E+00  0.000000E+00  0.000000E+00  0.675129E+07
  0.394934E-01  0.662662E+07  0.658308E+07  0.000000E+00  0.000000E+00  0.000000E+00  0.661959E+07
  0.402913E-01  0.649749E+07  0.645445E+07  0.000000E+00  0.000000E+00  0.000000E+00  0.649055E+07
  0.411052E-01  0.637118E+07  0.632872E+07  0.000000E+00  0.000000E+00  0.000000E+00  0.636433E+07
  0.419356E-01  0.624779E+07  0.620601E+07  0.000000E+00  0.000000E+00  0.000000E+00  0.624105E+07
  0.427827E-01  0.612747E+07  0.608644E+07  0.000000E+00  0.000000E+00  0.000000E+00  0.612085E+07
  0.436470E-01  0.601030E+07  0.597010E+07  0.000000E+00  0.000000E+00  0.000000E+00  0.600381E+07
  0.445287E-01  0.589634E+07  0.585707E+07  0.000000E+00  0.000000E+00  0.000000E+00  0.589001E+07
  0.454283E-01  0.578566E+07  0.574739E+07  0.000000E+00  0.000000E+00  0.000000E+00  0.577949E+07
  0.463460E-01  0.567826E+07  0.564106E+07  0.000000E+00  0.000000E+00  0.000000E+00  0.567226E+07
  0.472822E-01  0.557411E+07  0.553805E+07  0.000000E+00  0.000000E+00  0.000000E+00  0.556829E+07
  0.482374E-01  0.547317E+07  0.543832E+07  0.000000E+00  0.000000E+00  0.000000E+00  0.546755E+07
  0.492119E-01  0.537536E+07  0.534178E+07  0.000000E+00  0.000000E+00  0.000000E+00  0.536994E+07
  0.502060E-01  0.528057E+07  0.524831E+07  0.000000E+00  0.000000E+00  0.000000E+00  0.527537E+07
  0.512202E-01  0.518867E+07  0.515776E+07  0.000000E+00  0.000000E+00  0.000000E+00  0.518368E+07
  0.522550E-01  0.509959E+07  0.507008E+07  0.000000E+00  0.000000E+00  0.000000E+00  0.509483E+07
  0.533106E-01  0.501302E+07  0.498492E+07  0.000000E+00  0.000000E+00  0.000000E+00  0.500849E+07
  0.543875E-01  0.492885E+07  0.490218E+07  0.000000E+00  0.000000E+00  0.000000E+00  0.492455E+07
  0.554862E-01  0.484692E+07  0.482167E+07  0.000000E+00  0.000000E+00  0.000000E+00  0.484285E+07
  0.566071E-01  0.476704E+07  0.474320E+07  0.000000E+00  0.000000E+00  0.000000E+00  0.476320E+07
  0.577506E-01  0.468901E+07  0.466655E+07  0.000000E+00  0.000000E+00  0.000000E+00  0.468539E+07
  0.589173E-01  0.461260E+07  0.459149E+07  0.000000E+00  0.000000E+00  0.000000E+00  0.460919E+07
  0.601075E-01  0.453756E+07  0.451774E+07  0.000000E+00  0.000000E+00  0.000000E+00  0.453436E+07
  0.613218E-01  0.446361E+07  0.444501E+07  0.000000E+00  0.000000E+00  0.000000E+00  0.446061E+07
  0.625605E-01  0.439043E+07  0.437298E+07  0.000000E+00  0.000000E+00  0.000000E+00  0.438761E+07
  0.638244E-01  0.431765E+07  0.430126E+07  0.000000E+00  0.000000E+00  0.000000E+00  0.431501E+07
  0.651137E-01  0.424493E+07  0.422949E+07  0.000000E+00  0.000000E+00  0.000000E+00  0.424244E+07
  0.664291E-01  0.417187E+07  0.415727E+07  0.000000E+00  0.000000E+00  0.000000E+00  0.416951E+07
  0.677710E-01  0.409813E+07  0.408425E+07  0.000000E+00  0.000000E+00  0.000000E+00  0.409589E+07
  0.691401E-01  0.402341E+07  0.401012E+07  0.000000E+00  0.000000E+00  0.000000E+00  0.402126E+07
  0.705368E-01  0.394747E+07  0.393465E+07  0.000000E+00  0.000000E+00  0.000000E+00  0.394541E+07
  0.719618E-01  0.387017E+07  0.385767E+07  0.000000E+00  0.000000E+00  0.000000E+00  0.386815E+07
  0.734154E-01  0.379143E+07  0.377912E+07  0.000000E+00  0.000000E+00  0.000000E+00  0.378944E+07
  0.748986E-01  0.371124E+07  0.369900E+07  0.000000E+00  0.000000E+00  0.000000E+00  0.370927E+07
  0.764116E-01  0.362970E+07  0.361740E+07  0.000000E+00  0.000000E+00  0.000000E+00  0.362771E+07
  0.779552E-01  0.354687E+07  0.353441E+07  0.000000E+00  0.000000E+00  0.000000E+00  0.354486E+07
  0.795300E-01  0.346289E+07  0.345017E+07  0.000000E+00  0.000000E+00  0.000000E+00  0.346084E+07
  0.811366E-01  0.337791E+07  0.336484E+07  0.000000E+00  0.000000E+00  0.000000E+00  0.337580E+07
  0.827757E-01  0.329211E+07  0.327864E+07  0.000000E+00  0.000000E+00  0.000000E+00  0.328994E+07
  0.844479E-01  0.320575E+07  0.319183E+07  0.000000E+00  0.000000E+00  0.000000E+00  0.320351E+07
  0.861539E-01  0.311918E+07  0.310478E+07  0.000000E+00  0.000000E+00  0.000000E+00  0.311686E+07
  0.878943E-01  0.303285E+07  0.301800E+07  0.000000E+00  0.000000E+00  0.000000E+00  0.303045E+07
  0.896699E-01  0.294733E+07  0.293205E+07  0.000000E+00  0.000000E+00  0.000000E+00  0.294487E+07
  0.914813E-01  0.286328E+07  0.284763E+07  0.000000E+00  0.000000E+00  0.000000E+00  0.286076E+07
  0.933294E-01  0.278139E+07  0.276544E+07  0.000000E+00  0.000000E+00  0.000000E+00  0.277882E+07
  0.952147E-01  0.270233E+07  0.268619E+07  0.000000E+00  0.000000E+00  0.000000E+00  0.269973E+07
  0.971382E-01  0.262670E+07  0.261048E+07  0.000000E+00  0.000000E+00  0.000000E+00  0.262408E+07
  0.991005E-01  0.255499E+07  0.253883E+07  0.000000E+00  0.000000E+00  0.000000E+00  0.255238E+07
  0.101103E+00  0.248753E+07  0.247158E+07  0.000000E+00  0.000000E+00  0.000000E+00  0.248496E+07
  0.103145E+00  0.242450E+07  0.240890E+07  0.000000E+00  0.000000E+00  0.000000E+00  0.242199E+07
  0.105229E+00  0.236591E+07  0.235079E+07  0.000000E+00  0.000000E+00  0.000000E+00  0.236347E+07
  0.107354E+00  0.231159E+07  0.229708E+07  0.000000E+00  0.000000E+00  0.000000E+00  0.230925E+07
  0.109523E+00  0.226123E+07  0.224746E+07  0.000000E+00  0.000000E+00  0.000000E+00  0.225901E+07
  0.111735E+00  0.221444E+07  0.220148E+07  0.000000E+00  0.000000E+00  0.000000E+00  0.221235E+07
  0.113993E+00  0.217071E+07  0.215864E+07  0.000000E+00  0.000000E+00  0.000000E+00  0.216876E+07
  0.116295E+00  0.212951E+07  0.211835E+07  0.000000E+00  0.000000E+00  0.000000E+00  0.212771E+07
  0.118645E+00  0.209023E+07  0.207998E+07  0.000000E+00  0.000000E+00  0.000000E+00  0.208857E+07
  0.121042E+00  0.205218E+07  0.204280E+07  0.000000E+00  0.000000E+00  0.000000E+00  0.205066E+07
  0.123487E+00  0.201457E+07  0.200598E+07  0.000000E+00  0.000000E+00  0.000000E+00  0.201318E+07
  0.125981E+00  0.197655E+07  0.196865E+07  0.000000E+00  0.000000E+00  0.000000E+00  0.197528E+07
  0.128526E+00  0.193731E+07  0.192996E+07  0.000000E+00  0.000000E+00  0.000000E+00  0.193612E+07
  0.131123E+00  0.189618E+07  0.188924E+07  0.000000E+00  0.000000E+00  0.000000E+00  0.189506E+07
  0.133772E+00  0.185280E+07  0.184611E+07  0.000000E+00  0.000000E+00  0.000000E+00  0.185172E+07
  0.136474E+00  0.180706E+07  0.180047E+07  0.000000E+00  0.000000E+00  0.000000E+00  0.180600E+07
  0.139231E+00  0.175916E+07  0.175252E+07  0.000000E+00  0.000000E+00  0.000000E+00  0.175808E+07
  0.142044E+00  0.170945E+07  0.170265E+07  0.000000E+00  0.000000E+00  0.000000E+00  0.170835E+07
  0.144913E+00  0.165849E+07  0.165144E+07  0.000000E+00  0.000000E+00  0.000000E+00  0.165735E+07
  0.147841E+00  0.160696E+07  0.159962E+07  0.000000E+00  0.000000E+00  0.000000E+00  0.160578E+07
  0.150827E+00  0.155567E+07  0.154804E+07  0.000000E+00  0.000000E+00  0.000000E+00  0.155444E+07
  0.153874E+00  0.150548E+07  0.149759E+07  0.000000E+00  0.000000E+00  0.000000E+00  0.150421E+07
  0.156983E+00  0.145726E+07  0.144919E+07  0.000000E+00  0.000000E+00  0.000000E+00  0.145596E+07
  0.160154E+00  0.141182E+07  0.140368E+07  0.000000E+00  0.000000E+00  0.000000E+00  0.141050E+07
  0.163389E+00  0.136983E+07  0.136175E+07  0.000000E+00  0.000000E+00  0.000000E+00  0.136853E+07
  0.166690E+00  0.133174E+07  0.132386E+07  0.000000E+00  0.000000E+00  0.000000E+00  0.133047E+07
  0.170057E+00  0.129761E+07  0.129005E+07  0.000000E+00  0.000000E+00  0.000000E+00  0.129639E+07
  0.173493E+00  0.126709E+07  0.125996E+07  0.000000E+00  0.000000E+00  0.000000E+00  0.126594E+07
  0.176997E+00  0.123950E+07  0.123287E+07  0.000000E+00  0.000000E+00  0.000000E+00  0.123843E+07
  0.180573E+00  0.121394E+07  0.120784E+07  0.000000E+00  0.000000E+00  0.000000E+00  0.121295E+07
  0.184221E+00  0.118939E+07  0.118381E+07  0.000000E+00  0.000000E+00  0.000000E+00  0.118849E+07
  0.187942E+00  0.116480E+07  0.115968E+07  0.000000E+00  0.000000E+00  0.000000E+00  0.116398E+07
  0.191739E+00  0.113927E+07  0.113451E+07  0.000000E+00  0.000000E+00  0.000000E+00  0.113850E+07
  0.195612E+00  0.111219E+07  0.110766E+07  0.000000E+00  0.000000E+00  0.000000E+00  0.111146E+07
  0.199564E+00  0.108327E+07  0.107887E+07  0.000000E+00  0.000000E+00  0.000000E+00  0.108256E+07
  0.203595E+00  0.105256E+07  0.104816E+07  0.000000E+00  0.000000E+00  0.000000E+00  0.105185E+07
  0.207708E+00  0.102044E+07  0.101596E+07  0.000000E+00  0.000000E+00  0.000000E+00  0.101972E+07
  0.211904E+00  0.987620E+06  0.983024E+06  0.000000E+00  0.000000E+00  0.000000E+00  0.986878E+06
  0.216185E+00  0.955046E+06  0.950327E+06  0.000000E+00  0.000000E+00  0.000000E+00  0.954285E+06
  0.220552E+00  0.923714E+06  0.918912E+06  0.000000E+00  0.000000E+00  0.000000E+00  0.922940E+06
  0.225008E+00  0.894493E+06  0.889682E+06  0.000000E+00  0.000000E+00  0.000000E+00  0.893717E+06
  0.229553E+00  0.867876E+06  0.863148E+06  0.000000E+00  0.000000E+00  0.000000E+00  0.867114E+06
  0.234191E+00  0.843936E+06  0.839381E+06  0.000000E+00  0.000000E+00  0.000000E+00  0.843201E+06
  0.238921E+00  0.822445E+06  0.818136E+06  0.000000E+00  0.000000E+00  0.000000E+00  0.821750E+06
  0.243748E+00  0.802882E+06  0.798859E+06  0.000000E+00  0.000000E+00  0.000000E+00  0.802233E+06
  0.248672E+00  0.784369E+06  0.780630E+06  0.000000E+00  0.000000E+00  0.000000E+00  0.783766E+06
  0.253696E+00  0.765892E+06  0.762400E+06  0.000000E+00  0.000000E+00  0.000000E+00  0.765328E+06
  0.258820E+00  0.746685E+06  0.743376E+06  0.000000E+00  0.000000E+00  0.000000E+00  0.746152E+06
  0.264049E+00  0.726392E+06  0.723187E+06  0.000000E+00  0.000000E+00  0.000000E+00  0.725875E+06
  0.269383E+00  0.705065E+06  0.701895E+06  0.000000E+00  0.000000E+00  0.000000E+00  0.704554E+06
  0.274825E+00  0.683084E+06  0.679902E+06  0.000000E+00  0.000000E+00  0.000000E+00  0.682571E+06
  0.280377E+00  0.661092E+06  0.657885E+06  0.000000E+00  0.000000E+00  0.000000E+00  0.660575E+06
  0.286041E+00  0.639867E+06  0.636653E+06  0.000000E+00  0.000000E+00  0.000000E+00  0.639349E+06
  0.291819E+00  0.620027E+06  0.616850E+06  0.000000E+00  0.000000E+00  0.000000E+00  0.619514E+06
  0.297714E+00  0.601861E+06  0.598776E+06  0.000000E+00  0.000000E+00  0.000000E+00  0.601364E+06
  0.303729E+00  0.585321E+06  0.582371E+06  0.000000E+00  0.000000E+00  0.000000E+00  0.584845E+06
  0.309864E+00  0.569974E+06  0.567183E+06  0.000000E+00  0.000000E+00  0.000000E+00  0.569524E+06
  0.316124E+00  0.555222E+06  0.552584E+06  0.000000E+00  0.000000E+00  0.000000E+00  0.554796E+06
  0.322510E+00  0.540463E+06  0.537951E+06  0.000000E+00  0.000000E+00  0.000000E+00  0.540058E+06
  0.329025E+00  0.525278E+06  0.522850E+06  0.000000E+00  0.000000E+00  0.000000E+00  0.524886E+06
  0.335672E+00  0.509613E+06  0.507231E+06  0.000000E+00  0.000000E+00  0.000000E+00  0.509229E+06
  0.342453E+00  0.493785E+06  0.491426E+06  0.000000E+00  0.000000E+00  0.000000E+00  0.493405E+06
  0.349371E+00  0.478264E+06  0.475928E+06  0.000000E+00  0.000000E+00  0.000000E+00  0.477887E+06
  0.356429E+00  0.463452E+06  0.461155E+06  0.000000E+00  0.000000E+00  0.000000E+00  0.463081E+06
  0.363629E+00  0.449627E+06  0.447396E+06  0.000000E+00  0.000000E+00  0.000000E+00  0.449267E+06
  0.370975E+00  0.436758E+06  0.434614E+06  0.000000E+00  0.000000E+00  0.000000E+00  0.436412E+06
  0.378469E+00  0.424552E+06  0.422504E+06  0.000000E+00  0.000000E+00  0.000000E+00  0.424222E+06
  0.386115E+00  0.412632E+06  0.410669E+06  0.000000E+00  0.000000E+00  0.000000E+00  0.412315E+06
  0.393915E+00  0.400708E+06  0.398812E+06  0.000000E+00  0.000000E+00  0.000000E+00  0.400402E+06
  0.401873E+00  0.388677E+06  0.386829E+06  0.000000E+00  0.000000E+00  0.000000E+00  0.388379E+06
  0.409991E+00  0.376696E+06  0.374884E+06  0.000000E+00  0.000000E+00  0.000000E+00  0.376404E+06
  0.418273E+00  0.365034E+06  0.363259E+06  0.000000E+00  0.000000E+00  0.000000E+00  0.364748E+06
  0.426723E+00  0.353913E+06  0.352184E+06  0.000000E+00  0.000000E+00  0.000000E+00  0.353634E+06
  0.435343E+00  0.343379E+06  0.341708E+06  0.000000E+00  0.000000E+00  0.000000E+00  0.343109E+06
  0.444138E+00  0.333321E+06  0.331713E+06  0.000000E+00  0.000000E+00  0.000000E+00  0.333062E+06
  0.453110E+00  0.323539E+06  0.321989E+06  0.000000E+00  0.000000E+00  0.000000E+00  0.323289E+06
  0.462263E+00  0.313873E+06  0.312372E+06  0.000000E+00  0.000000E+00  0.000000E+00  0.313631E+06
  0.471602E+00  0.304300E+06  0.302839E+06  0.000000E+00  0.000000E+00  0.000000E+00  0.304064E+06
  0.481128E+00  0.294918E+06  0.293494E+06  0.000000E+00  0.000000E+00  0.000000E+00  0.294689E+06
  0.490848E+00  0.285861E+06  0.284476E+06  0.000000E+00  0.000000E+00  0.000000E+00  0.285638E+06
  0.500764E+00  0.277178E+06  0.275837E+06  0.000000E+00  0.000000E+00  0.000000E+00  0.276962E+06
  0.510880E+00  0.268829E+06  0.267533E+06  0.000000E+00  0.000000E+00  0.000000E+00  0.268620E+06
  0.521200E+00  0.260714E+06  0.259461E+06  0.000000E+00  0.000000E+00  0.000000E+00  0.260511E+06
  0.531729E+00  0.252762E+06  0.251547E+06  0.000000E+00  0.000000E+00  0.000000E+00  0.252566E+06
  0.542471E+00  0.244976E+06  0.243796E+06  0.000000E+00  0.000000E+00  0.000000E+00  0.244786E+06
  0.553430E+00  0.237403E+06  0.236257E+06  0.000000E+00  0.000000E+00  0.000000E+00  0.237218E+06
  0.564609E+00  0.230092E+06  0.228981E+06  0.000000E+00  0.000000E+00  0.000000E+00  0.229913E+06
  0.576016E+00  0.223035E+06  0.221959E+06  0.000000E+00  0.000000E+00  0.000000E+00  0.222861E+06
  0.587652E+00  0.216187E+06  0.215147E+06  0.000000E+00  0.000000E+00  0.000000E+00  0.216020E+06
  0.599523E+00  0.209514E+06  0.208506E+06  0.000000E+00  0.000000E+00  0.000000E+00  0.209351E+06
  0.611634E+00  0.203010E+06  0.202032E+06  0.000000E+00  0.000000E+00  0.000000E+00  0.202852E+06
  0.623990E+00  0.196698E+06  0.195750E+06  0.000000E+00  0.000000E+00  0.000000E+00  0.196545E+06
  0.636596E+00  0.190590E+06  0.189671E+06  0.000000E+00  0.000000E+00  0.000000E+00  0.190442E+06
  0.649456E+00  0.184673E+06  0.183784E+06  0.000000E+00  0.000000E+00  0.000000E+00  0.184530E+06
  0.662576E+00  0.178924E+06  0.178063E+06  0.000000E+00  0.000000E+00  0.000000E+00  0.178785E+06
  0.675960E+00  0.173336E+06  0.172501E+06  0.000000E+00  0.000000E+00  0.000000E+00  0.173201E+06
  0.689616E+00  0.167911E+06  0.167102E+06  0.000000E+00  0.000000E+00  0.000000E+00  0.167781E+06
  0.703547E+00  0.162653E+06  0.161869E+06  0.000000E+00  0.000000E+00  0.000000E+00  0.162527E+06
  0.717760E+00  0.157556E+06  0.156797E+06  0.000000E+00  0.000000E+00  0.000000E+00  0.157434E+06
  0.732259E+00  0.152609E+06  0.151874E+06  0.000000E+00  0.000000E+00  0.000000E+00  0.152491E+06
  0.747052E+00  0.147807E+06  0.147095E+06  0.000000E+00  0.000000E+00  0.000000E+00  0.147692E+06
  0.762143E+00  0.143148E+06  0.142459E+06  0.000000E+00  0.000000E+00  0.000000E+00  0.143037E+06
  0.777540E+00  0.138632E+06  0.137964E+06  0.000000E+00  0.000000E+00  0.000000E+00  0.138524E+06
  0.793247E+00  0.134252E+06  0.133606E+06  0.000000E+00  0.000000E+00  0.000000E+00  0.134148E+06
  0.809272E+00  0.130002E+06  0.129376E+06  0.000000E+00  0.000000E+00  0.000000E+00  0.129901E+06
  0.825620E+00  0.125881E+06  0.125275E+06  0.000000E+00  0.000000E+00  0.000000E+00  0.125783E+06
  0.842299E+00  0.121884E+06  0.121297E+06  0.000000E+00  0.000000E+00  0.000000E+00  0.121790E+06
  0.859314E+00  0.118010E+06  0.117442E+06  0.000000E+00  0.000000E+00  0.000000E+00  0.117918E+06
  0.876674E+00  0.114253E+06  0.113703E+06  0.000000E+00  0.000000E+00  0.000000E+00  0.114165E+06
  0.894383E+00  0.110611E+06  0.110078E+06  0.000000E+00  0.000000E+00  0.000000E+00  0.110525E+06
  0.912451E+00  0.107080E+06  0.106564E+06  0.000000E+00  0.000000E+00  0.000000E+00  0.106997E+06
  0.930884E+00  0.103657E+06  0.103158E+06  0.000000E+00  0.000000E+00  0.000000E+00  0.103577E+06
  0.949689E+00  0.100339E+06  0.998563E+05  0.000000E+00  0.000000E+00  0.000000E+00  0.100261E+06
  0.968874E+00  0.971240E+05  0.966565E+05  0.000000E+00  0.000000E+00  0.000000E+00  0.970486E+05
  0.988447E+00  0.940072E+05  0.935547E+05  0.000000E+00  0.000000E+00  0.000000E+00  0.939342E+05
  0.100841E+01  0.909863E+05  0.905483E+05  0.000000E+00  0.000000E+00  0.000000E+00  0.909156E+05
  0.102879E+01  0.880591E+05  0.876352E+05  0.000000E+00  0.000000E+00  0.000000E+00  0.879907E+05
  0.104957E+01  0.852218E+05  0.848117E+05  0.000000E+00  0.000000E+00  0.000000E+00  0.851557E+05
  0.107077E+01  0.824728E+05  0.820759E+05  0.000000E+00  0.000000E+00  0.000000E+00  0.824088E+05
  0.109240E+01  0.798084E+05  0.794243E+05  0.000000E+00  0.000000E+00  0.000000E+00  0.797464E+05
  0.111447E+01  0.772274E+05  0.768557E+05  0.000000E+00  0.000000E+00  0.000000E+00  0.771675E+05
  0.113698E+01  0.747267E+05  0.743670E+05  0.000000E+00  0.000000E+00  0.000000E+00  0.746687E+05
  0.115995E+01  0.723039E+05  0.719559E+05  0.000000E+00  0.000000E+00  0.000000E+00  0.722478E+05
  0.118339E+01  0.699569E+05  0.696203E+05  0.000000E+00  0.000000E+00  0.000000E+00  0.699026E+05
  0.120729E+01  0.676836E+05  0.673579E+05  0.000000E+00  0.000000E+00  0.000000E+00  0.676311E+05
  0.123168E+01  0.654814E+05  0.651663E+05  0.000000E+00  0.000000E+00  0.000000E+00  0.654306E+05
  0.125656E+01  0.633483E+05  0.630435E+05  0.000000E+00  0.000000E+00  0.000000E+00  0.632992E+05
  0.128195E+01  0.612826E+05  0.609877E+05  0.000000E+00  0.000000E+00  0.000000E+00  0.612350E+05
  0.130784E+01  0.592818E+05  0.589965E+05  0.000000E+00  0.000000E+00  0.000000E+00  0.592358E+05
  0.133426E+01  0.573440E+05  0.570680E+05  0.000000E+00  0.000000E+00  0.000000E+00  0.572995E+05
  0.136122E+01  0.554677E+05  0.552008E+05  0.000000E+00  0.000000E+00  0.000000E+00  0.554246E+05
  0.138872E+01  0.536507E+05  0.533925E+05  0.000000E+00  0.000000E+00  0.000000E+00  0.536091E+05
  0.141677E+01  0.518914E+05  0.516418E+05  0.000000E+00  0.000000E+00  0.000000E+00  0.518512E+05
  0.144539E+01  0.501879E+05  0.499464E+05  0.000000E+00  0.000000E+00  0.000000E+00  0.501490E+05
  0.147459E+01  0.485386E+05  0.483051E+05  0.000000E+00  0.000000E+00  0.000000E+00  0.485009E+05
  0.150438E+01  0.469416E+05  0.467158E+05  0.000000E+00  0.000000E+00  0.000000E+00  0.469052E+05
  0.153477E+01  0.453956E+05  0.451772E+05  0.000000E+00  0.000000E+00  0.000000E+00  0.453604E+05
  0.156577E+01  0.438988E+05  0.436876E+05  0.000000E+00  0.000000E+00  0.000000E+00  0.438648E+05
  0.159740E+01  0.424500E+05  0.422457E+05  0.000000E+00  0.000000E+00  0.000000E+00  0.424170E+05
  0.162967E+01  0.410475E+05  0.408500E+05  0.000000E+00  0.000000E+00  0.000000E+00  0.410156E+05
  0.166259E+01  0.396901E+05  0.394991E+05  0.000000E+00  0.000000E+00  0.000000E+00  0.396593E+05
  0.169618E+01  0.383761E+05  0.381915E+05  0.000000E+00  0.000000E+00  0.000000E+00  0.383464E+05
  0.173045E+01  0.371044E+05  0.369259E+05  0.000000E+00  0.000000E+00  0.000000E+00  0.370757E+05
  0.176540E+01  0.358738E+05  0.357012E+05  0.000000E+00  0.000000E+00  0.000000E+00  0.358460E+05
  0.180107E+01  0.346828E+05  0.345159E+05  0.000000E+00  0.000000E+00  0.000000E+00  0.346558E+05
  0.183745E+01  0.335302E+05  0.333689E+05  0.000000E+00  0.000000E+00  0.000000E+00  0.335042E+05
  0.187457E+01  0.324148E+05  0.322589E+05  0.000000E+00  0.000000E+00  0.000000E+00  0.323897E+05
  0.191244E+01  0.313357E+05  0.311849E+05  0.000000E+00  0.000000E+00  0.000000E+00  0.313114E+05
  0.195107E+01  0.302914E+05  0.301456E+05  0.000000E+00  0.000000E+00  0.000000E+00  0.302679E+05
  0.199049E+01  0.292809E+05  0.291401E+05  0.000000E+00  0.000000E+00  0.000000E+00  0.292582E+05
  0.203070E+01  0.283032E+05  0.281671E+05  0.000000E+00  0.000000E+00  0.000000E+00  0.282813E+05
  0.207172E+01  0.273573E+05  0.272257E+05  0.000000E+00  0.000000E+00  0.000000E+00  0.273361E+05
  0.211357E+01  0.264422E+05  0.263150E+05  0.000000E+00  0.000000E+00  0.000000E+00  0.264217E+05
  0.215627E+01  0.255570E+05  0.254340E+05  0.000000E+00  0.000000E+00  0.000000E+00  0.255372E+05
  0.219983E+01  0.247006E+05  0.245817E+05  0.000000E+00  0.000000E+00  0.000000E+00  0.246814E+05
  0.224427E+01  0.238722E+05  0.237573E+05  0.000000E+00  0.000000E+00  0.000000E+00  0.238537E+05
  0.228961E+01  0.230708E+05  0.229598E+05  0.000000E+00  0.000000E+00  0.000000E+00  0.230529E+05
  0.233586E+01  0.222958E+05  0.221886E+05  0.000000E+00  0.000000E+00  0.000000E+00  0.222785E+05
  0.238305E+01  0.215462E+05  0.214425E+05  0.000000E+00  0.000000E+00  0.000000E+00  0.215295E+05
  0.243119E+01  0.208212E+05  0.207210E+05  0.000000E+00  0.000000E+00  0.000000E+00  0.208050E+05
  0.248030E+01  0.201199E+05  0.200231E+05  0.000000E+00  0.000000E+00  0.000000E+00  0.201043E+05
  0.253040E+01  0.194418E+05  0.193482E+05  0.000000E+00  0.000000E+00  0.000000E+00  0.194267E+05
  0.258152E+01  0.187859E+05  0.186955E+05  0.000000E+00  0.000000E+00  0.000000E+00  0.187713E+05
  0.263367E+01  0.181516E+05  0.180643E+05  0.000000E+00  0.000000E+00  0.000000E+00  0.181375E+05
  0.268688E+01  0.175382E+05  0.174539E+05  0.000000E+00  0.000000E+00  0.000000E+00  0.175246E+05
  0.274115E+01  0.169451E+05  0.168636E+05  0.000000E+00  0.000000E+00  0.000000E+00  0.169320E+05
  0.279653E+01  0.163716E+05  0.162929E+05  0.000000E+00  0.000000E+00  0.000000E+00  0.163589E+05
  0.285302E+01  0.158171E+05  0.157410E+05  0.000000E+00  0.000000E+00  0.000000E+00  0.158048E+05
  0.291066E+01  0.152810E+05  0.152075E+05  0.000000E+00  0.000000E+00  0.000000E+00  0.152692E+05
  0.296946E+01  0.147627E+05  0.146916E+05  0.000000E+00  0.000000E+00  0.000000E+00  0.147512E+05
  0.302944E+01  0.142615E+05  0.141929E+05  0.000000E+00  0.000000E+00  0.000000E+00  0.142505E+05
  0.309064E+01  0.137771E+05  0.137108E+05  0.000000E+00  0.000000E+00  0.000000E+00  0.137664E+05
  0.315308E+01  0.133087E+05  0.132446E+05  0.000000E+00  0.000000E+00  0.000000E+00  0.132984E+05
  0.321678E+01  0.128559E+05  0.127940E+05  0.000000E+00  0.000000E+00  0.000000E+00  0.128459E+05
  0.328176E+01  0.124182E+05  0.123584E+05  0.000000E+00  0.000000E+00  0.000000E+00  0.124085E+05
  0.334806E+01  0.119950E+05  0.119373E+05  0.000000E+00  0.000000E+00  0.000000E+00  0.119857E+05
  0.341569E+01  0.115860E+05  0.115302E+05  0.000000E+00  0.000000E+00  0.000000E+00  0.115770E+05
  0.348469E+01  0.111907E+05  0.111368E+05  0.000000E+00  0.000000E+00  0.000000E+00  0.111820E+05
  0.355509E+01  0.108086E+05  0.107565E+05  0.000000E+00  0.000000E+00  0.000000E+00  0.108002E+05
  0.362690E+01  0.104392E+05  0.103890E+05  0.000000E+00  0.000000E+00  0.000000E+00  0.104311E+05
  0.370017E+01  0.100823E+05  0.100338E+05  0.000000E+00  0.000000E+00  0.000000E+00  0.100745E+05
  0.377492E+01  0.973734E+04  0.969045E+04  0.000000E+00  0.000000E+00  0.000000E+00  0.972978E+04
  0.385118E+01  0.940396E+04  0.935868E+04  0.000000E+00  0.000000E+00  0.000000E+00  0.939665E+04
  0.392898E+01  0.908174E+04  0.903801E+04  0.000000E+00  0.000000E+00  0.000000E+00  0.907469E+04
  0.400835E+01  0.877036E+04  0.872813E+04  0.000000E+00  0.000000E+00  0.000000E+00  0.876355E+04
  0.408932E+01  0.846945E+04  0.842866E+04  0.000000E+00  0.000000E+00  0.000000E+00  0.846287E+04
  0.417193E+01  0.817868E+04  0.813929E+04  0.000000E+00  0.000000E+00  0.000000E+00  0.817232E+04
  0.425621E+01  0.789770E+04  0.785966E+04  0.000000E+00  0.000000E+00  0.000000E+00  0.789156E+04
  0.434219E+01  0.762622E+04  0.758949E+04  0.000000E+00  0.000000E+00  0.000000E+00  0.762030E+04
  0.442991E+01  0.736390E+04  0.732842E+04  0.000000E+00  0.000000E+00  0.000000E+00  0.735817E+04
  0.451940E+01  0.711045E+04  0.707620E+04  0.000000E+00  0.000000E+00  0.000000E+00  0.710493E+04
  0.461070E+01  0.686556E+04  0.683248E+04  0.000000E+00  0.000000E+00  0.000000E+00  0.686022E+04
  0.470384E+01  0.662895E+04  0.659701E+04  0.000000E+00  0.000000E+00  0.000000E+00  0.662380E+04
  0.479886E+01  0.640036E+04  0.636952E+04  0.000000E+00  0.000000E+00  0.000000E+00  0.639538E+04
  0.489581E+01  0.617950E+04  0.614972E+04  0.000000E+00  0.000000E+00  0.000000E+00  0.617469E+04
  0.499471E+01  0.596614E+04  0.593738E+04  0.000000E+00  0.000000E+00  0.000000E+00  0.596150E+04
  0.509561E+01  0.576002E+04  0.573225E+04  0.000000E+00  0.000000E+00  0.000000E+00  0.575554E+04
  0.519855E+01  0.556092E+04  0.553411E+04  0.000000E+00  0.000000E+00  0.000000E+00  0.555659E+04
  0.530357E+01  0.536858E+04  0.534270E+04  0.000000E+00  0.000000E+00  0.000000E+00  0.536441E+04
  0.541070E+01  0.518279E+04  0.515780E+04  0.000000E+00  0.000000E+00  0.000000E+00  0.517876E+04
  0.552001E+01  0.500332E+04  0.497919E+04  0.000000E+00  0.000000E+00  0.000000E+00  0.499943E+04
  0.563152E+01  0.482996E+04  0.480667E+04  0.000000E+00  0.000000E+00  0.000000E+00  0.482620E+04
  0.574529E+01  0.466250E+04  0.464001E+04  0.000000E+00  0.000000E+00  0.000000E+00  0.465887E+04
  0.586134E+01  0.450076E+04  0.447905E+04  0.000000E+00  0.000000E+00  0.000000E+00  0.449726E+04
  0.597975E+01  0.434454E+04  0.432358E+04  0.000000E+00  0.000000E+00  0.000000E+00  0.434116E+04
  0.610055E+01  0.419368E+04  0.417344E+04  0.000000E+00  0.000000E+00  0.000000E+00  0.419041E+04
  0.622379E+01  0.404796E+04  0.402843E+04  0.000000E+00  0.000000E+00  0.000000E+00  0.404481E+04
  0.634952E+01  0.390724E+04  0.388838E+04  0.000000E+00  0.000000E+00  0.000000E+00  0.390420E+04
  0.647779E+01  0.377132E+04  0.375312E+04  0.000000E+00  0.000000E+00  0.000000E+00  0.376839E+04
  0.660865E+01  0.364007E+04  0.362249E+04  0.000000E+00  0.000000E+00  0.000000E+00  0.363723E+04
  0.674215E+01  0.351330E+04  0.349634E+04  0.000000E+00  0.000000E+00  0.000000E+00  0.351057E+04
  0.687835E+01  0.339090E+04  0.337452E+04  0.000000E+00  0.000000E+00  0.000000E+00  0.338825E+04
  0.701731E+01  0.327269E+04  0.325688E+04  0.000000E+00  0.000000E+00  0.000000E+00  0.327014E+04
  0.715906E+01  0.315855E+04  0.314329E+04  0.000000E+00  0.000000E+00  0.000000E+00  0.315609E+04
  0.730369E+01  0.304833E+04  0.303360E+04  0.000000E+00  0.000000E+00  0.000000E+00  0.304596E+04
  0.745123E+01  0.294191E+04  0.292768E+04  0.000000E+00  0.000000E+00  0.000000E+00  0.293961E+04
  0.760176E+01  0.283914E+04  0.282541E+04  0.000000E+00  0.000000E+00  0.000000E+00  0.283692E+04
  0.775533E+01  0.273990E+04  0.272665E+04  0.000000E+00  0.000000E+00  0.000000E+00  0.273777E+04
  0.791199E+01  0.264410E+04  0.263130E+04  0.000000E+00  0.000000E+00  0.000000E+00  0.264203E+04
  0.807183E+01  0.255159E+04  0.253924E+04  0.000000E+00  0.000000E+00  0.000000E+00  0.254960E+04
  0.823488E+01  0.246229E+04  0.245037E+04  0.000000E+00  0.000000E+00  0.000000E+00  0.246036E+04
  0.840124E+01  0.237606E+04  0.236455E+04  0.000000E+00  0.000000E+00  0.000000E+00  0.237420E+04
  0.857096E+01  0.229281E+04  0.228171E+04  0.000000E+00  0.000000E+00  0.000000E+00  0.229102E+04
  0.874410E+01  0.221244E+04  0.220172E+04  0.000000E+00  0.000000E+00  0.000000E+00  0.221071E+04
  0.892074E+01  0.213484E+04  0.212450E+04  0.000000E+00  0.000000E+00  0.000000E+00  0.213317E+04
  0.910096E+01  0.205994E+04  0.204995E+04  0.000000E+00  0.000000E+00  0.000000E+00  0.205832E+04
  0.928480E+01  0.198763E+04  0.197799E+04  0.000000E+00  0.000000E+00  0.000000E+00  0.198607E+04
  0.947237E+01  0.191782E+04  0.190852E+04  0.000000E+00  0.000000E+00  0.000000E+00  0.191632E+04
  0.966372E+01  0.185044E+04  0.184146E+04  0.000000E+00  0.000000E+00  0.000000E+00  0.184899E+04
  0.985895E+01  0.178539E+04  0.177672E+04  0.000000E+00  0.000000E+00  0.000000E+00  0.178399E+04
  0.100581E+02  0.172259E+04  0.171423E+04  0.000000E+00  0.000000E+00  0.000000E+00  0.172124E+04
  0.102613E+02  0.166198E+04  0.165391E+04  0.000000E+00  0.000000E+00  0.000000E+00  0.166068E+04
  0.104686E+02  0.160348E+04  0.159568E+04  0.000000E+00  0.000000E+00  0.000000E+00  0.160222E+04
  0.106801E+02  0.154701E+04  0.153949E+04  0.000000E+00  0.000000E+00  0.000000E+00  0.154580E+04
  0.108958E+02  0.149251E+04  0.148524E+04  0.000000E+00  0.000000E+00  0.000000E+00  0.149134E+04
  0.111159E+02  0.143989E+04  0.143288E+04  0.000000E+00  0.000000E+00  0.000000E+00  0.143876E+04
  0.113405E+02  0.138912E+04  0.138235E+04  0.000000E+00  0.000000E+00  0.000000E+00  0.138803E+04
  0.115696E+02  0.134011E+04  0.133358E+04  0.000000E+00  0.000000E+00  0.000000E+00  0.133906E+04
  0.118033E+02  0.129281E+04  0.128651E+04  0.000000E+00  0.000000E+00  0.000000E+00  0.129180E+04
  0.120417E+02  0.124716E+04  0.124108E+04  0.000000E+00  0.000000E+00  0.000000E+00  0.124618E+04
  0.122850E+02  0.120311E+04  0.119723E+04  0.000000E+00  0.000000E+00  0.000000E+00  0.120216E+04
  0.125332E+02  0.116059E+04  0.115492E+04  0.000000E+00  0.000000E+00  0.000000E+00  0.115967E+04
  0.127864E+02  0.111955E+04  0.111408E+04  0.000000E+00  0.000000E+00  0.000000E+00  0.111867E+04
  0.130447E+02  0.107996E+04  0.107467E+04  0.000000E+00  0.000000E+00  0.000000E+00  0.107910E+04
  0.133082E+02  0.104174E+04  0.103664E+04  0.000000E+00  0.000000E+00  0.000000E+00  0.104092E+04
  0.135770E+02  0.100486E+04  0.999940E+03  0.000000E+00  0.000000E+00  0.000000E+00  0.100407E+04
  0.138513E+02  0.969276E+03  0.964522E+03  0.000000E+00  0.000000E+00  0.000000E+00  0.968509E+03
  0.141311E+02  0.934936E+03  0.930348E+03  0.000000E+00  0.000000E+00  0.000000E+00  0.934196E+03
  0.144166E+02  0.901799E+03  0.897370E+03  0.000000E+00  0.000000E+00  0.000000E+00  0.901085E+03
  0.147078E+02  0.869825E+03  0.865549E+03  0.000000E+00  0.000000E+00  0.000000E+00  0.869136E+03
  0.150049E+02  0.838970E+03  0.834842E+03  0.000000E+00  0.000000E+00  0.000000E+00  0.838304E+03
  0.153081E+02  0.809199E+03  0.805213E+03  0.000000E+00  0.000000E+00  0.000000E+00  0.808556E+03
  0.156173E+02  0.780471E+03  0.776623E+03  0.000000E+00  0.000000E+00  0.000000E+00  0.779851E+03
  0.159328E+02  0.752756E+03  0.749040E+03  0.000000E+00  0.000000E+00  0.000000E+00  0.752156E+03
  0.162547E+02  0.726012E+03  0.722425E+03  0.000000E+00  0.000000E+00  0.000000E+00  0.725433E+03
  0.165830E+02  0.700209E+03  0.696745E+03  0.000000E+00  0.000000E+00  0.000000E+00  0.699650E+03
  0.169180E+02  0.675312E+03  0.671967E+03  0.000000E+00  0.000000E+00  0.000000E+00  0.674772E+03
  0.172598E+02  0.651293E+03  0.648063E+03  0.000000E+00  0.000000E+00  0.000000E+00  0.650772E+03
  0.176085E+02  0.628118E+03  0.625000E+03  0.000000E+00  0.000000E+00  0.000000E+00  0.627615E+03
  0.179642E+02  0.605761E+03  0.602749E+03  0.000000E+00  0.000000E+00  0.000000E+00  0.605275E+03
  0.183271E+02  0.584189E+03  0.581281E+03  0.000000E+00  0.000000E+00  0.000000E+00  0.583720E+03
  0.186973E+02  0.563379E+03  0.560571E+03  0.000000E+00  0.000000E+00  0.000000E+00  0.562926E+03
  0.190750E+02  0.543303E+03  0.540591E+03  0.000000E+00  0.000000E+00  0.000000E+00  0.542865E+03
  0.194603E+02  0.523935E+03  0.521316E+03  0.000000E+00  0.000000E+00  0.000000E+00  0.523513E+03
  0.198535E+02  0.505250E+03  0.502720E+03  0.000000E+00  0.000000E+00  0.000000E+00  0.504842E+03
  0.202545E+02  0.487225E+03  0.484782E+03  0.000000E+00  0.000000E+00  0.000000E+00  0.486831E+03
  0.206637E+02  0.469837E+03  0.467477E+03  0.000000E+00  0.000000E+00  0.000000E+00  0.469457E+03
  0.210812E+02  0.453064E+03  0.450783E+03  0.000000E+00  0.000000E+00  0.000000E+00  0.452696E+03
  0.215070E+02  0.436883E+03  0.434680E+03  0.000000E+00  0.000000E+00  0.000000E+00  0.436528E+03
  0.219415E+02  0.421274E+03  0.419146E+03  0.000000E+00  0.000000E+00  0.000000E+00  0.420931E+03
  0.223847E+02  0.406219E+03  0.404163E+03  0.000000E+00  0.000000E+00  0.000000E+00  0.405887E+03
  0.228369E+02  0.391696E+03  0.389709E+03  0.000000E+00  0.000000E+00  0.000000E+00  0.391376E+03
  0.232983E+02  0.377687E+03  0.375767E+03  0.000000E+00  0.000000E+00  0.000000E+00  0.377378E+03
  0.237689E+02  0.364174E+03  0.362319E+03  0.000000E+00  0.000000E+00  0.000000E+00  0.363875E+03
  0.242491E+02  0.351141E+03  0.349348E+03  0.000000E+00  0.000000E+00  0.000000E+00  0.350852E+03
  0.247390E+02  0.338570E+03  0.336836E+03  0.000000E+00  0.000000E+00  0.000000E+00  0.338290E+03
  0.252387E+02  0.326444E+03  0.324769E+03  0.000000E+00  0.000000E+00  0.000000E+00  0.326174E+03
  0.257486E+02  0.314749E+03  0.313129E+03  0.000000E+00  0.000000E+00  0.000000E+00  0.314487E+03
  0.262687E+02  0.303469E+03  0.301903E+03  0.000000E+00  0.000000E+00  0.000000E+00  0.303216E+03
  0.267994E+02  0.292589E+03  0.291075E+03  0.000000E+00  0.000000E+00  0.000000E+00  0.292345E+03
  0.273408E+02  0.282096E+03  0.280632E+03  0.000000E+00  0.000000E+00  0.000000E+00  0.281860E+03
  0.278931E+02  0.271975E+03  0.270560E+03  0.000000E+00  0.000000E+00  0.000000E+00  0.271747E+03
  0.284566E+02  0.262215E+03  0.260846E+03  0.000000E+00  0.000000E+00  0.000000E+00  0.261994E+03
  0.290314E+02  0.252801E+03  0.251477E+03  0.000000E+00  0.000000E+00  0.000000E+00  0.252588E+03
  0.296179E+02  0.243723E+03  0.242442E+03  0.000000E+00  0.000000E+00  0.000000E+00  0.243516E+03
  0.302162E+02  0.234968E+03  0.233728E+03  0.000000E+00  0.000000E+00  0.000000E+00  0.234768E+03
  0.308266E+02  0.226524E+03  0.225325E+03  0.000000E+00  0.000000E+00  0.000000E+00  0.226331E+03
  0.314494E+02  0.218381E+03  0.217221E+03  0.000000E+00  0.000000E+00  0.000000E+00  0.218194E+03
  0.320847E+02  0.210528E+03  0.209405E+03  0.000000E+00  0.000000E+00  0.000000E+00  0.210347E+03
  0.327329E+02  0.202955E+03  0.201868E+03  0.000000E+00  0.000000E+00  0.000000E+00  0.202780E+03
  0.333941E+02  0.195652E+03  0.194600E+03  0.000000E+00  0.000000E+00  0.000000E+00  0.195483E+03
  0.340687E+02  0.188610E+03  0.187591E+03  0.000000E+00  0.000000E+00  0.000000E+00  0.188445E+03
  0.347570E+02  0.181818E+03  0.180832E+03  0.000000E+00  0.000000E+00  0.000000E+00  0.181659E+03
  0.354591E+02  0.175270E+03  0.174314E+03  0.000000E+00  0.000000E+00  0.000000E+00  0.175116E+03
  0.361754E+02  0.168955E+03  0.168029E+03  0.000000E+00  0.000000E+00  0.000000E+00  0.168805E+03
  0.369062E+02  0.162865E+03  0.161969E+03  0.000000E+00  0.000000E+00  0.000000E+00  0.162721E+03
  0.376518E+02  0.156993E+03  0.156124E+03  0.000000E+00  0.000000E+00  0.000000E+00  0.156853E+03
  0.384124E+02  0.151331E+03  0.150489E+03  0.000000E+00  0.000000E+00  0.000000E+00  0.151195E+03
  0.391884E+02  0.145872E+03  0.145056E+03  0.000000E+00  0.000000E+00  0.000000E+00  0.145740E+03
  0.399800E+02  0.140607E+03  0.139816E+03  0.000000E+00  0.000000E+00  0.000000E+00  0.140480E+03
  0.407877E+02  0.135531E+03  0.134764E+03  0.000000E+00  0.000000E+00  0.000000E+00  0.135407E+03
  0.416116E+02  0.130637E+03  0.129893E+03  0.000000E+00  0.000000E+00  0.000000E+00  0.130517E+03
  0.424522E+02  0.125918E+03  0.125196E+03  0.000000E+00  0.000000E+00  0.000000E+00  0.125801E+03
  0.433098E+02  0.121368E+03  0.120668E+03  0.000000E+00  0.000000E+00  0.000000E+00  0.121255E+03
  0.441847E+02  0.116980E+03  0.116301E+03  0.000000E+00  0.000000E+00  0.000000E+00  0.116871E+03
  0.450773E+02  0.112750E+03  0.112091E+03  0.000000E+00  0.000000E+00  0.000000E+00  0.112644E+03
  0.459880E+02  0.108672E+03  0.108032E+03  0.000000E+00  0.000000E+00  0.000000E+00  0.108569E+03
  0.469169E+02  0.104740E+03  0.104118E+03  0.000000E+00  0.000000E+00  0.000000E+00  0.104640E+03
  0.478648E+02  0.100949E+03  0.100345E+03  0.000000E+00  0.000000E+00  0.000000E+00  0.100852E+03
  0.488317E+02  0.972940E+02  0.967074E+02  0.000000E+00  0.000000E+00  0.000000E+00  0.971994E+02
  0.498182E+02  0.937700E+02  0.932000E+02  0.000000E+00  0.000000E+00  0.000000E+00  0.936781E+02
  0.508245E+02  0.903727E+02  0.898187E+02  0.000000E+00  0.000000E+00  0.000000E+00  0.902833E+02
  0.518513E+02  0.870973E+02  0.865586E+02  0.000000E+00  0.000000E+00  0.000000E+00  0.870104E+02
  0.528987E+02  0.839396E+02  0.834158E+02  0.000000E+00  0.000000E+00  0.000000E+00  0.838551E+02
  0.539674E+02  0.808953E+02  0.803858E+02  0.000000E+00  0.000000E+00  0.000000E+00  0.808132E+02
  0.550575E+02  0.779606E+02  0.774648E+02  0.000000E+00  0.000000E+00  0.000000E+00  0.778806E+02
  0.561698E+02  0.751312E+02  0.746486E+02  0.000000E+00  0.000000E+00  0.000000E+00  0.750534E+02
  0.573045E+02  0.724036E+02  0.719338E+02  0.000000E+00  0.000000E+00  0.000000E+00  0.723278E+02
  0.584621E+02  0.697742E+02  0.693167E+02  0.000000E+00  0.000000E+00  0.000000E+00  0.697004E+02
  0.596432E+02  0.672394E+02  0.667937E+02  0.000000E+00  0.000000E+00  0.000000E+00  0.671675E+02
  0.608480E+02  0.647959E+02  0.643616E+02  0.000000E+00  0.000000E+00  0.000000E+00  0.647258E+02
  0.620773E+02  0.624402E+02  0.620169E+02  0.000000E+00  0.000000E+00  0.000000E+00  0.623720E+02
  0.633313E+02  0.601696E+02  0.597568E+02  0.000000E+00  0.000000E+00  0.000000E+00  0.601030E+02
  0.646107E+02  0.579806E+02  0.575780E+02  0.000000E+00  0.000000E+00  0.000000E+00  0.579156E+02
  0.659159E+02  0.558706E+02  0.554778E+02  0.000000E+00  0.000000E+00  0.000000E+00  0.558072E+02
  0.672475E+02  0.538365E+02  0.534532E+02  0.000000E+00  0.000000E+00  0.000000E+00  0.537747E+02
  0.686059E+02  0.518759E+02  0.515017E+02  0.000000E+00  0.000000E+00  0.000000E+00  0.518156E+02
  0.699919E+02  0.499860E+02  0.496204E+02  0.000000E+00  0.000000E+00  0.000000E+00  0.499270E+02
  0.714058E+02  0.481642E+02  0.478072E+02  0.000000E+00  0.000000E+00  0.000000E+00  0.481066E+02
  0.728483E+02  0.464082E+02  0.460592E+02  0.000000E+00  0.000000E+00  0.000000E+00  0.463519E+02
  0.743199E+02  0.447156E+02  0.443744E+02  0.000000E+00  0.000000E+00  0.000000E+00  0.446606E+02
  0.758213E+02  0.430840E+02  0.427504E+02  0.000000E+00  0.000000E+00  0.000000E+00  0.430302E+02
  0.773530E+02  0.415115E+02  0.411850E+02  0.000000E+00  0.000000E+00  0.000000E+00  0.414588E+02
  0.789156E+02  0.399956E+02  0.396762E+02  0.000000E+00  0.000000E+00  0.000000E+00  0.399441E+02
  0.805098E+02  0.385346E+02  0.382219E+02  0.000000E+00  0.000000E+00  0.000000E+00  0.384842E+02
  0.821362E+02  0.371264E+02  0.368201E+02  0.000000E+00  0.000000E+00  0.000000E+00  0.370770E+02
  0.837955E+02  0.357691E+02  0.354690E+02  0.000000E+00  0.000000E+00  0.000000E+00  0.357207E+02
  0.854883E+02  0.344609E+02  0.341668E+02  0.000000E+00  0.000000E+00  0.000000E+00  0.344134E+02
  0.872152E+02  0.332000E+02  0.329117E+02  0.000000E+00  0.000000E+00  0.000000E+00  0.331535E+02
  0.889771E+02  0.319847E+02  0.317019E+02  0.000000E+00  0.000000E+00  0.000000E+00  0.319391E+02
  0.907745E+02  0.308134E+02  0.305359E+02  0.000000E+00  0.000000E+00  0.000000E+00  0.307687E+02
  0.926084E+02  0.296845E+02  0.294122E+02  0.000000E+00  0.000000E+00  0.000000E+00  0.296406E+02
  0.944792E+02  0.285964E+02  0.283290E+02  0.000000E+00  0.000000E+00  0.000000E+00  0.285533E+02
  0.963879E+02  0.275478E+02  0.272852E+02  0.000000E+00  0.000000E+00  0.000000E+00  0.275054E+02
  0.983349E+02  0.265372E+02  0.262792E+02  0.000000E+00  0.000000E+00  0.000000E+00  0.264956E+02
  0.100321E+03  0.255632E+02  0.253095E+02  0.000000E+00  0.000000E+00  0.000000E+00  0.255223E+02
  0.102348E+03  0.246245E+02  0.243750E+02  0.000000E+00  0.000000E+00  0.000000E+00  0.245842E+02
  0.104416E+03  0.237198E+02  0.234744E+02  0.000000E+00  0.000000E+00  0.000000E+00  0.236802E+02
  0.106525E+03  0.228479E+02  0.226065E+02  0.000000E+00  0.000000E+00  0.000000E+00  0.228090E+02
  0.108677E+03  0.220077E+02  0.217701E+02  0.000000E+00  0.000000E+00  0.000000E+00  0.219693E+02
  0.110872E+03  0.211979E+02  0.209639E+02  0.000000E+00  0.000000E+00  0.000000E+00  0.211601E+02
  0.113112E+03  0.204175E+02  0.201870E+02  0.000000E+00  0.000000E+00  0.000000E+00  0.203803E+02
  0.115397E+03  0.196655E+02  0.194384E+02  0.000000E+00  0.000000E+00  0.000000E+00  0.196289E+02
  0.117728E+03  0.189407E+02  0.187169E+02  0.000000E+00  0.000000E+00  0.000000E+00  0.189046E+02
  0.120107E+03  0.182423E+02  0.180216E+02  0.000000E+00  0.000000E+00  0.000000E+00  0.182067E+02
  0.122533E+03  0.175692E+02  0.173515E+02  0.000000E+00  0.000000E+00  0.000000E+00  0.175341E+02
  0.125008E+03  0.169206E+02  0.167058E+02  0.000000E+00  0.000000E+00  0.000000E+00  0.168860E+02
  0.127533E+03  0.162956E+02  0.160836E+02  0.000000E+00  0.000000E+00  0.000000E+00  0.162614E+02
  0.130110E+03  0.156933E+02  0.154840E+02  0.000000E+00  0.000000E+00  0.000000E+00  0.156595E+02
  0.132738E+03  0.151128E+02  0.149061E+02  0.000000E+00  0.000000E+00  0.000000E+00  0.150795E+02
  0.135420E+03  0.145536E+02  0.143494E+02  0.000000E+00  0.000000E+00  0.000000E+00  0.145206E+02
  0.138155E+03  0.140146E+02  0.138128E+02  0.000000E+00  0.000000E+00  0.000000E+00  0.139821E+02
  0.140946E+03  0.134952E+02  0.132958E+02  0.000000E+00  0.000000E+00  0.000000E+00  0.134631E+02
  0.143794E+03  0.129948E+02  0.127976E+02  0.000000E+00  0.000000E+00  0.000000E+00  0.129630E+02
  0.146698E+03  0.125126E+02  0.123176E+02  0.000000E+00  0.000000E+00  0.000000E+00  0.124811E+02
  0.149662E+03  0.120479E+02  0.118550E+02  0.000000E+00  0.000000E+00  0.000000E+00  0.120168E+02
  0.152685E+03  0.116002E+02  0.114093E+02  0.000000E+00  0.000000E+00  0.000000E+00  0.115694E+02
  0.155770E+03  0.111688E+02  0.109798E+02  0.000000E+00  0.000000E+00  0.000000E+00  0.111383E+02
  0.158917E+03  0.107531E+02  0.105660E+02  0.000000E+00  0.000000E+00  0.000000E+00  0.107229E+02
  0.162127E+03  0.103525E+02  0.101673E+02  0.000000E+00  0.000000E+00  0.000000E+00  0.103227E+02
  0.165402E+03  0.996661E+01  0.978315E+01  0.000000E+00  0.000000E+00  0.000000E+00  0.993702E+01
  0.168743E+03  0.959475E+01  0.941300E+01  0.000000E+00  0.000000E+00  0.000000E+00  0.956543E+01
  0.172152E+03  0.923645E+01  0.905637E+01  0.000000E+00  0.000000E+00  0.000000E+00  0.920741E+01
  0.175630E+03  0.889127E+01  0.871280E+01  0.000000E+00  0.000000E+00  0.000000E+00  0.886249E+01
  0.179178E+03  0.855866E+01  0.838176E+01  0.000000E+00  0.000000E+00  0.000000E+00  0.853013E+01
  0.182798E+03  0.823820E+01  0.806282E+01  0.000000E+00  0.000000E+00  0.000000E+00  0.820991E+01
  0.186490E+03  0.792945E+01  0.775555E+01  0.000000E+00  0.000000E+00  0.000000E+00  0.790140E+01
  0.190258E+03  0.763201E+01  0.745955E+01  0.000000E+00  0.000000E+00  0.000000E+00  0.760419E+01
  0.194101E+03  0.734542E+01  0.717436E+01  0.000000E+00  0.000000E+00  0.000000E+00  0.731783E+01
  0.198022E+03  0.706931E+01  0.689962E+01  0.000000E+00  0.000000E+00  0.000000E+00  0.704194E+01
  0.202023E+03  0.680331E+01  0.663495E+01  0.000000E+00  0.000000E+00  0.000000E+00  0.677615E+01
  0.206104E+03  0.654706E+01  0.638001E+01  0.000000E+00  0.000000E+00  0.000000E+00  0.652012E+01
  0.210267E+03  0.630018E+01  0.613440E+01  0.000000E+00  0.000000E+00  0.000000E+00  0.627344E+01
  0.214515E+03  0.606234E+01  0.589782E+01  0.000000E+00  0.000000E+00  0.000000E+00  0.603581E+01
  0.218849E+03  0.583322E+01  0.566993E+01  0.000000E+00  0.000000E+00  0.000000E+00  0.580688E+01
  0.223269E+03  0.561252E+01  0.545043E+01  0.000000E+00  0.000000E+00  0.000000E+00  0.558638E+01
  0.227780E+03  0.539990E+01  0.523900E+01  0.000000E+00  0.000000E+00  0.000000E+00  0.537395E+01
  0.232381E+03  0.519509E+01  0.503536E+01  0.000000E+00  0.000000E+00  0.000000E+00  0.516933E+01
  0.237076E+03  0.499780E+01  0.483922E+01  0.000000E+00  0.000000E+00  0.000000E+00  0.497222E+01
  0.241865E+03  0.480777E+01  0.465034E+01  0.000000E+00  0.000000E+00  0.000000E+00  0.478238E+01
  0.246751E+03  0.462471E+01  0.446841E+01  0.000000E+00  0.000000E+00  0.000000E+00  0.459950E+01
  0.251736E+03  0.444839E+01  0.429321E+01  0.000000E+00  0.000000E+00  0.000000E+00  0.442337E+01
  0.256821E+03  0.427857E+01  0.412449E+01  0.000000E+00  0.000000E+00  0.000000E+00  0.425372E+01
  0.262009E+03  0.411499E+01  0.396203E+01  0.000000E+00  0.000000E+00  0.000000E+00  0.409032E+01
  0.267302E+03  0.395747E+01  0.380560E+01  0.000000E+00  0.000000E+00  0.000000E+00  0.393297E+01
  0.272702E+03  0.380574E+01  0.365497E+01  0.000000E+00  0.000000E+00  0.000000E+00  0.378142E+01
  0.278211E+03  0.365961E+01  0.350994E+01  0.000000E+00  0.000000E+00  0.000000E+00  0.363547E+01
  0.283831E+03  0.351889E+01  0.337032E+01  0.000000E+00  0.000000E+00  0.000000E+00  0.349493E+01
  0.289565E+03  0.338338E+01  0.323591E+01  0.000000E+00  0.000000E+00  0.000000E+00  0.335960E+01
  0.295414E+03  0.325288E+01  0.310651E+01  0.000000E+00  0.000000E+00  0.000000E+00  0.322927E+01
  0.301382E+03  0.312722E+01  0.298195E+01  0.000000E+00  0.000000E+00  0.000000E+00  0.310379E+01
  0.307471E+03  0.300622E+01  0.286206E+01  0.000000E+00  0.000000E+00  0.000000E+00  0.298297E+01
  0.313682E+03  0.288972E+01  0.274668E+01  0.000000E+00  0.000000E+00  0.000000E+00  0.286665E+01
  0.320019E+03  0.277754E+01  0.263564E+01  0.000000E+00  0.000000E+00  0.000000E+00  0.275465E+01
  0.326484E+03  0.266954E+01  0.252877E+01  0.000000E+00  0.000000E+00  0.000000E+00  0.264684E+01
  0.333079E+03  0.256557E+01  0.242595E+01  0.000000E+00  0.000000E+00  0.000000E+00  0.254305E+01
  0.339807E+03  0.246549E+01  0.232703E+01  0.000000E+00  0.000000E+00  0.000000E+00  0.244315E+01
  0.346672E+03  0.236914E+01  0.223185E+01  0.000000E+00  0.000000E+00  0.000000E+00  0.234699E+01
  0.353675E+03  0.227639E+01  0.214029E+01  0.000000E+00  0.000000E+00  0.000000E+00  0.225444E+01
  0.360820E+03  0.218712E+01  0.205222E+01  0.000000E+00  0.000000E+00  0.000000E+00  0.216537E+01
  0.368109E+03  0.210122E+01  0.196753E+01  0.000000E+00  0.000000E+00  0.000000E+00  0.207966E+01
  0.375545E+03  0.201854E+01  0.188608E+01  0.000000E+00  0.000000E+00  0.000000E+00  0.199717E+01
  0.383132E+03  0.193897E+01  0.180777E+01  0.000000E+00  0.000000E+00  0.000000E+00  0.191781E+01
  0.390872E+03  0.186241E+01  0.173247E+01  0.000000E+00  0.000000E+00  0.000000E+00  0.184145E+01
  0.398767E+03  0.178875E+01  0.166010E+01  0.000000E+00  0.000000E+00  0.000000E+00  0.176800E+01
  0.406823E+03  0.171788E+01  0.159053E+01  0.000000E+00  0.000000E+00  0.000000E+00  0.169734E+01
  0.415042E+03  0.164970E+01  0.152367E+01  0.000000E+00  0.000000E+00  0.000000E+00  0.162937E+01
  0.423426E+03  0.158411E+01  0.145942E+01  0.000000E+00  0.000000E+00  0.000000E+00  0.156400E+01
  0.431980E+03  0.152103E+01  0.139770E+01  0.000000E+00  0.000000E+00  0.000000E+00  0.150114E+01
  0.440706E+03  0.146037E+01  0.133841E+01  0.000000E+00  0.000000E+00  0.000000E+00  0.144070E+01
  0.449609E+03  0.140203E+01  0.128146E+01  0.000000E+00  0.000000E+00  0.000000E+00  0.138258E+01
  0.458692E+03  0.134593E+01  0.122677E+01  0.000000E+00  0.000000E+00  0.000000E+00  0.132671E+01
  0.467959E+03  0.129199E+01  0.117426E+01  0.000000E+00  0.000000E+00  0.000000E+00  0.127300E+01
  0.477411E+03  0.124014E+01  0.112386E+01  0.000000E+00  0.000000E+00  0.000000E+00  0.122139E+01
  0.487056E+03  0.119030E+01  0.107548E+01  0.000000E+00  0.000000E+00  0.000000E+00  0.117178E+01
  0.496895E+03  0.114239E+01  0.102905E+01  0.000000E+00  0.000000E+00  0.000000E+00  0.112411E+01
  0.506934E+03  0.109635E+01  0.984508E+00  0.000000E+00  0.000000E+00  0.000000E+00  0.107831E+01
  0.517174E+03  0.105212E+01  0.941780E+00  0.000000E+00  0.000000E+00  0.000000E+00  0.103432E+01
  0.527621E+03  0.100961E+01  0.900795E+00  0.000000E+00  0.000000E+00  0.000000E+00  0.992060E+00
  0.538280E+03  0.968776E+00  0.861493E+00  0.000000E+00  0.000000E+00  0.000000E+00  0.951473E+00
  0.549155E+03  0.929553E+00  0.823812E+00  0.000000E+00  0.000000E+00  0.000000E+00  0.912498E+00
  0.560247E+03  0.891884E+00  0.787695E+00  0.000000E+00  0.000000E+00  0.000000E+00  0.875080E+00
  0.571565E+03  0.855707E+00  0.753077E+00  0.000000E+00  0.000000E+00  0.000000E+00  0.839154E+00
  0.583112E+03  0.820970E+00  0.719905E+00  0.000000E+00  0.000000E+00  0.000000E+00  0.804669E+00
  0.594892E+03  0.787619E+00  0.688123E+00  0.000000E+00  0.000000E+00  0.000000E+00  0.771571E+00
  0.606909E+03  0.755606E+00  0.657682E+00  0.000000E+00  0.000000E+00  0.000000E+00  0.739812E+00
  0.619169E+03  0.724875E+00  0.628525E+00  0.000000E+00  0.000000E+00  0.000000E+00  0.709335E+00
  0.631678E+03  0.695382E+00  0.600604E+00  0.000000E+00  0.000000E+00  0.000000E+00  0.680095E+00
  0.644439E+03  0.667079E+00  0.573871E+00  0.000000E+00  0.000000E+00  0.000000E+00  0.652045E+00
  0.657456E+03  0.639924E+00  0.548282E+00  0.000000E+00  0.000000E+00  0.000000E+00  0.625143E+00
  0.670738E+03  0.613868E+00  0.523785E+00  0.000000E+00  0.000000E+00  0.000000E+00  0.599339E+00
  0.684288E+03  0.588872E+00  0.500341E+00  0.000000E+00  0.000000E+00  0.000000E+00  0.574592E+00
  0.698112E+03  0.564894E+00  0.477905E+00  0.000000E+00  0.000000E+00  0.000000E+00  0.550863E+00
  0.712215E+03  0.541895E+00  0.456437E+00  0.000000E+00  0.000000E+00  0.000000E+00  0.528111E+00
  0.726602E+03  0.519838E+00  0.435899E+00  0.000000E+00  0.000000E+00  0.000000E+00  0.506299E+00
  0.741281E+03  0.498683E+00  0.416248E+00  0.000000E+00  0.000000E+00  0.000000E+00  0.485387E+00
  0.756256E+03  0.478395E+00  0.397449E+00  0.000000E+00  0.000000E+00  0.000000E+00  0.465339E+00
  0.771534E+03  0.458940E+00  0.379467E+00  0.000000E+00  0.000000E+00  0.000000E+00  0.446122E+00
  0.787118E+03  0.440286E+00  0.362268E+00  0.000000E+00  0.000000E+00  0.000000E+00  0.427703E+00
  0.803020E+03  0.422398E+00  0.345816E+00  0.000000E+00  0.000000E+00  0.000000E+00  0.410046E+00
  0.819242E+03  0.405244E+00  0.330081E+00  0.000000E+00  0.000000E+00  0.000000E+00  0.393121E+00
  0.835792E+03  0.388797E+00  0.315031E+00  0.000000E+00  0.000000E+00  0.000000E+00  0.376899E+00
  0.852675E+03  0.373027E+00  0.300639E+00  0.000000E+00  0.000000E+00  0.000000E+00  0.361352E+00
  0.869901E+03  0.357904E+00  0.286874E+00  0.000000E+00  0.000000E+00  0.000000E+00  0.346448E+00
  0.887474E+03  0.343403E+00  0.273711E+00  0.000000E+00  0.000000E+00  0.000000E+00  0.332162E+00
  0.905403E+03  0.329497E+00  0.261123E+00  0.000000E+00  0.000000E+00  0.000000E+00  0.318469E+00
  0.923692E+03  0.316163E+00  0.249087E+00  0.000000E+00  0.000000E+00  0.000000E+00  0.305345E+00
  0.942352E+03  0.303375E+00  0.237577E+00  0.000000E+00  0.000000E+00  0.000000E+00  0.292762E+00
  0.961389E+03  0.291110E+00  0.226572E+00  0.000000E+00  0.000000E+00  0.000000E+00  0.280701E+00
  0.980811E+03  0.279348E+00  0.216052E+00  0.000000E+00  0.000000E+00  0.000000E+00  0.269139E+00
  0.100062E+04  0.268068E+00  0.205996E+00  0.000000E+00  0.000000E+00  0.000000E+00  0.258056E+00
#
# COMPUTED FROM http://lambda.gsfc.nasa.gov/toolbox/tb_camb_form.cfm
#
# USES COSMOLOGICAL PARAMETERS FROM PLANCK 2015 RESULTS (COLUMN 2 OF TABLE 4 OF ARXIV 1502.01589)
#
# H0 = 68, OmegaB = 0.05, OmegaCDM = 0.26, OmegaL = 0.69, ns = 0.97, sigma8 = 0.81 
#
