  0.994668E-05  0.506707E+06  0.506707E+06  0.675603E+06  0.675603E+06  0.539372E+06  0.506880E+06
  0.109829E-04  0.506707E+06  0.506707E+06  0.675602E+06  0.675601E+06  0.539372E+06  0.506880E+06
  0.121270E-04  0.506707E+06  0.506707E+06  0.675600E+06  0.675599E+06  0.539371E+06  0.506880E+06
  0.133904E-04  0.506707E+06  0.506707E+06  0.675598E+06  0.675597E+06  0.539370E+06  0.506880E+06
  0.147854E-04  0.506707E+06  0.506707E+06  0.675595E+06  0.675594E+06  0.539368E+06  0.506880E+06
  0.163257E-04  0.506707E+06  0.506707E+06  0.675591E+06  0.675590E+06  0.539367E+06  0.506880E+06
  0.180264E-04  0.506707E+06  0.506707E+06  0.675587E+06  0.675586E+06  0.539365E+06  0.506880E+06
  0.199043E-04  0.506707E+06  0.506707E+06  0.675582E+06  0.675581E+06  0.539363E+06  0.506880E+06
  0.219779E-04  0.506707E+06  0.506707E+06  0.675576E+06  0.675574E+06  0.539360E+06  0.506880E+06
  0.242675E-04  0.506706E+06  0.506706E+06  0.675569E+06  0.675566E+06  0.539356E+06  0.506879E+06
  0.267956E-04  0.506706E+06  0.506706E+06  0.675560E+06  0.675557E+06  0.539352E+06  0.506879E+06
  0.295871E-04  0.506706E+06  0.506706E+06  0.675549E+06  0.675545E+06  0.539347E+06  0.506879E+06
  0.326693E-04  0.506705E+06  0.506705E+06  0.675535E+06  0.675531E+06  0.539341E+06  0.506878E+06
  0.360727E-04  0.506705E+06  0.506705E+06  0.675519E+06  0.675514E+06  0.539333E+06  0.506878E+06
  0.398307E-04  0.506704E+06  0.506704E+06  0.675499E+06  0.675492E+06  0.539324E+06  0.506877E+06
  0.439801E-04  0.506704E+06  0.506703E+06  0.675474E+06  0.675467E+06  0.539312E+06  0.506876E+06
  0.485618E-04  0.506703E+06  0.506702E+06  0.675444E+06  0.675435E+06  0.539298E+06  0.506875E+06
  0.536208E-04  0.506702E+06  0.506701E+06  0.675408E+06  0.675397E+06  0.539282E+06  0.506874E+06
  0.592068E-04  0.506700E+06  0.506700E+06  0.675364E+06  0.675350E+06  0.539261E+06  0.506873E+06
  0.653748E-04  0.506699E+06  0.506698E+06  0.675310E+06  0.675293E+06  0.539236E+06  0.506871E+06
  0.721853E-04  0.506697E+06  0.506696E+06  0.675244E+06  0.675224E+06  0.539205E+06  0.506869E+06
  0.797053E-04  0.506694E+06  0.506694E+06  0.675164E+06  0.675139E+06  0.539168E+06  0.506866E+06
  0.880087E-04  0.506692E+06  0.506691E+06  0.675066E+06  0.675036E+06  0.539122E+06  0.506863E+06
  0.971772E-04  0.506688E+06  0.506687E+06  0.674947E+06  0.674910E+06  0.539067E+06  0.506859E+06
  0.107301E-03  0.506684E+06  0.506682E+06  0.674802E+06  0.674757E+06  0.538999E+06  0.506855E+06
  0.118479E-03  0.506678E+06  0.506677E+06  0.674624E+06  0.674570E+06  0.538916E+06  0.506849E+06
  0.130822E-03  0.506672E+06  0.506670E+06  0.674409E+06  0.674342E+06  0.538816E+06  0.506842E+06
  0.144450E-03  0.506664E+06  0.506662E+06  0.674145E+06  0.674064E+06  0.538693E+06  0.506833E+06
  0.159499E-03  0.506655E+06  0.506652E+06  0.673825E+06  0.673726E+06  0.538544E+06  0.506823E+06
  0.176115E-03  0.506643E+06  0.506640E+06  0.673434E+06  0.673313E+06  0.538361E+06  0.506810E+06
  0.194462E-03  0.506629E+06  0.506625E+06  0.672958E+06  0.672811E+06  0.538139E+06  0.506795E+06
  0.214720E-03  0.506612E+06  0.506607E+06  0.672377E+06  0.672198E+06  0.537869E+06  0.506776E+06
  0.237089E-03  0.506591E+06  0.506585E+06  0.671671E+06  0.671453E+06  0.537539E+06  0.506754E+06
  0.261788E-03  0.506565E+06  0.506558E+06  0.670810E+06  0.670545E+06  0.537137E+06  0.506726E+06
  0.289060E-03  0.506534E+06  0.506525E+06  0.669762E+06  0.669439E+06  0.536648E+06  0.506692E+06
  0.319173E-03  0.506496E+06  0.506485E+06  0.668486E+06  0.668093E+06  0.536052E+06  0.506650E+06
  0.352424E-03  0.506449E+06  0.506437E+06  0.666933E+06  0.666455E+06  0.535327E+06  0.506600E+06
  0.389138E-03  0.506393E+06  0.506377E+06  0.665044E+06  0.664464E+06  0.534444E+06  0.506539E+06
  0.429677E-03  0.506324E+06  0.506305E+06  0.662748E+06  0.662043E+06  0.533370E+06  0.506464E+06
  0.474439E-03  0.506240E+06  0.506217E+06  0.659957E+06  0.659102E+06  0.532063E+06  0.506373E+06
  0.523865E-03  0.506138E+06  0.506110E+06  0.656569E+06  0.655533E+06  0.530475E+06  0.506262E+06
  0.578439E-03  0.506013E+06  0.505979E+06  0.652460E+06  0.651206E+06  0.528547E+06  0.506127E+06
  0.638699E-03  0.505862E+06  0.505820E+06  0.647481E+06  0.645965E+06  0.526206E+06  0.505963E+06
  0.705236E-03  0.505678E+06  0.505627E+06  0.641456E+06  0.639628E+06  0.523368E+06  0.505763E+06
  0.778705E-03  0.505453E+06  0.505392E+06  0.634177E+06  0.631978E+06  0.519932E+06  0.505520E+06
  0.859828E-03  0.505181E+06  0.505105E+06  0.625403E+06  0.622765E+06  0.515777E+06  0.505224E+06
  0.949402E-03  0.504850E+06  0.504758E+06  0.614852E+06  0.611699E+06  0.510763E+06  0.504866E+06
  0.104831E-02  0.504447E+06  0.504336E+06  0.602203E+06  0.598452E+06  0.504725E+06  0.504430E+06
  0.115752E-02  0.503960E+06  0.503823E+06  0.587095E+06  0.582656E+06  0.497474E+06  0.503902E+06
  0.127810E-02  0.503369E+06  0.503202E+06  0.569133E+06  0.563917E+06  0.488797E+06  0.503264E+06
  0.141125E-02  0.502653E+06  0.502451E+06  0.547900E+06  0.541821E+06  0.478453E+06  0.502491E+06
  0.155827E-02  0.501789E+06  0.501542E+06  0.522972E+06  0.515962E+06  0.466185E+06  0.501559E+06
  0.172061E-02  0.500747E+06  0.500446E+06  0.493957E+06  0.485980E+06  0.451724E+06  0.500437E+06
  0.189985E-02  0.499493E+06  0.499127E+06  0.460542E+06  0.451614E+06  0.434805E+06  0.499089E+06
  0.209777E-02  0.497989E+06  0.497543E+06  0.422565E+06  0.412783E+06  0.415192E+06  0.497476E+06
  0.231631E-02  0.496190E+06  0.495647E+06  0.380107E+06  0.369680E+06  0.392712E+06  0.495551E+06
  0.255762E-02  0.494047E+06  0.493387E+06  0.333610E+06  0.322892E+06  0.367301E+06  0.493266E+06
  0.282406E-02  0.491506E+06  0.490704E+06  0.284006E+06  0.273515E+06  0.339065E+06  0.490565E+06
  0.311826E-02  0.488511E+06  0.487535E+06  0.232827E+06  0.223249E+06  0.308345E+06  0.487394E+06
  0.344311E-02  0.485000E+06  0.483815E+06  0.182265E+06  0.174404E+06  0.275783E+06  0.483694E+06
  0.380180E-02  0.480917E+06  0.479477E+06  0.135104E+06  0.129761E+06  0.242364E+06  0.479413E+06
  0.419786E-02  0.476204E+06  0.474458E+06  0.944303E+05  0.921962E+05  0.209403E+06  0.474499E+06
  0.463518E-02  0.470813E+06  0.468697E+06  0.630693E+05  0.640358E+05  0.178442E+06  0.468911E+06
  0.511806E-02  0.464705E+06  0.462144E+06  0.427297E+05  0.462167E+05  0.151021E+06  0.462616E+06
  0.565124E-02  0.457858E+06  0.454761E+06  0.330608E+05  0.375296E+05  0.130759E+06  0.455609E+06
  0.623997E-02  0.450241E+06  0.446502E+06  0.310785E+05  0.344788E+05  0.113614E+06  0.447834E+06
  0.689002E-02  0.441846E+06  0.437340E+06  0.316603E+05  0.323481E+05  0.100812E+06  0.439288E+06
  0.760780E-02  0.432657E+06  0.427235E+06  0.296123E+05  0.275408E+05  0.894709E+05  0.429934E+06
  0.840036E-02  0.422659E+06  0.416152E+06  0.227920E+05  0.199934E+05  0.794816E+05  0.419755E+06
  0.927548E-02  0.411827E+06  0.404036E+06  0.140052E+05  0.131947E+05  0.693096E+05  0.408712E+06
  0.102418E-01  0.400131E+06  0.390834E+06  0.868382E+04  0.103640E+05  0.585682E+05  0.396769E+06
  0.113087E-01  0.387547E+06  0.376494E+06  0.867396E+04  0.000000E+00  0.487754E+05  0.383907E+06
  0.124868E-01  0.374058E+06  0.360973E+06  0.925805E+04  0.000000E+00  0.412012E+05  0.370110E+06
  0.137877E-01  0.359649E+06  0.344241E+06  0.623433E+04  0.000000E+00  0.349987E+05  0.355356E+06
  0.152240E-01  0.344312E+06  0.326282E+06  0.341578E+04  0.000000E+00  0.291246E+05  0.339631E+06
  0.168100E-01  0.328051E+06  0.307114E+06  0.395029E+04  0.000000E+00  0.234706E+05  0.322941E+06
  0.185612E-01  0.310894E+06  0.286806E+06  0.302439E+04  0.000000E+00  0.188232E+05  0.305324E+06
  0.204948E-01  0.292901E+06  0.265499E+06  0.170335E+04  0.000000E+00  0.154037E+05  0.286855E+06
  0.226299E-01  0.274181E+06  0.243436E+06  0.196030E+04  0.000000E+00  0.122496E+05  0.267659E+06
  0.249874E-01  0.254903E+06  0.220986E+06  0.986007E+03  0.000000E+00  0.965273E+04  0.247940E+06
  0.275905E-01  0.235318E+06  0.198669E+06  0.108835E+04  0.000000E+00  0.766218E+04  0.227992E+06
  0.304648E-01  0.215765E+06  0.177165E+06  0.629644E+03  0.000000E+00  0.587745E+04  0.208207E+06
  0.336385E-01  0.196668E+06  0.157277E+06  0.464115E+03  0.000000E+00  0.454096E+04  0.189072E+06
  0.371429E-01  0.178511E+06  0.139852E+06  0.450107E+03  0.000000E+00  0.348475E+04  0.171127E+06
  0.410123E-01  0.161774E+06  0.125619E+06  0.324857E+03  0.000000E+00  0.261615E+04  0.154893E+06
  0.451135E-01  0.147324E+06  0.115240E+06  0.000000E+00  0.000000E+00  0.201650E+04  0.141196E+06
  0.492148E-01  0.135807E+06  0.108574E+06  0.000000E+00  0.000000E+00  0.160767E+04  0.130548E+06
  0.533160E-01  0.126383E+06  0.104073E+06  0.000000E+00  0.000000E+00  0.129765E+04  0.121994E+06
  0.574172E-01  0.118425E+06  0.100501E+06  0.000000E+00  0.000000E+00  0.105921E+04  0.114810E+06
  0.615185E-01  0.111466E+06  0.969613E+05  0.000000E+00  0.000000E+00  0.889140E+03  0.108458E+06
  0.656197E-01  0.105049E+06  0.927820E+05  0.000000E+00  0.000000E+00  0.748174E+03  0.102448E+06
  0.697209E-01  0.988660E+05  0.876612E+05  0.000000E+00  0.000000E+00  0.624529E+03  0.964744E+05
  0.738221E-01  0.927952E+05  0.816638E+05  0.000000E+00  0.000000E+00  0.512390E+03  0.904474E+05
  0.779234E-01  0.868699E+05  0.751362E+05  0.000000E+00  0.000000E+00  0.436374E+03  0.844524E+05
  0.820246E-01  0.812023E+05  0.685571E+05  0.000000E+00  0.000000E+00  0.375880E+03  0.786623E+05
  0.861258E-01  0.759065E+05  0.623910E+05  0.000000E+00  0.000000E+00  0.319570E+03  0.732489E+05
  0.912474E-01  0.699620E+05  0.558307E+05  0.000000E+00  0.000000E+00  0.261685E+03  0.672327E+05
  0.963690E-01  0.649036E+05  0.509482E+05  0.000000E+00  0.000000E+00  0.217980E+03  0.622303E+05
  0.101491E+00  0.607908E+05  0.478190E+05  0.000000E+00  0.000000E+00  0.185149E+03  0.583034E+05
  0.106612E+00  0.575130E+05  0.461115E+05  0.000000E+00  0.000000E+00  0.160162E+03  0.553051E+05
  0.111734E+00  0.548233E+05  0.452225E+05  0.000000E+00  0.000000E+00  0.140997E+03  0.529302E+05
  0.116855E+00  0.524511E+05  0.445099E+05  0.000000E+00  0.000000E+00  0.124212E+03  0.508477E+05
  0.121977E+00  0.501836E+05  0.434762E+05  0.000000E+00  0.000000E+00  0.110277E+03  0.487982E+05
  0.127098E+00  0.478910E+05  0.418550E+05  0.000000E+00  0.000000E+00  0.980626E+02  0.466298E+05
  0.132220E+00  0.455275E+05  0.396240E+05  0.000000E+00  0.000000E+00  0.862951E+02  0.443009E+05
  0.137342E+00  0.431186E+05  0.369606E+05  0.000000E+00  0.000000E+00  0.751807E+02  0.418622E+05
  0.142463E+00  0.407388E+05  0.341592E+05  0.000000E+00  0.000000E+00  0.661530E+02  0.394245E+05
  0.147585E+00  0.384906E+05  0.315429E+05  0.000000E+00  0.000000E+00  0.583519E+02  0.371267E+05
  0.152706E+00  0.364761E+05  0.293789E+05  0.000000E+00  0.000000E+00  0.518764E+02  0.350978E+05
  0.157828E+00  0.347546E+05  0.278032E+05  0.000000E+00  0.000000E+00  0.447200E+02  0.334098E+05
  0.162949E+00  0.333174E+05  0.267898E+05  0.000000E+00  0.000000E+00  0.404762E+02  0.320510E+05
  0.168071E+00  0.321077E+05  0.261918E+05  0.000000E+00  0.000000E+00  0.367914E+02  0.309498E+05
  0.173193E+00  0.310534E+05  0.258093E+05  0.000000E+00  0.000000E+00  0.336764E+02  0.300133E+05
  0.178314E+00  0.300812E+05  0.254425E+05  0.000000E+00  0.000000E+00  0.310546E+02  0.291473E+05
  0.183436E+00  0.291202E+05  0.249282E+05  0.000000E+00  0.000000E+00  0.285685E+02  0.282660E+05
  0.188557E+00  0.281220E+05  0.241769E+05  0.000000E+00  0.000000E+00  0.261906E+02  0.273143E+05
  0.193679E+00  0.270784E+05  0.231942E+05  0.000000E+00  0.000000E+00  0.238395E+02  0.262864E+05
  0.198800E+00  0.260146E+05  0.220610E+05  0.000000E+00  0.000000E+00  0.216696E+02  0.252166E+05
  0.203922E+00  0.249668E+05  0.208909E+05  0.000000E+00  0.000000E+00  0.195127E+02  0.241540E+05
  0.209044E+00  0.239706E+05  0.197953E+05  0.000000E+00  0.000000E+00  0.180040E+02  0.231464E+05
  0.214165E+00  0.230570E+05  0.188611E+05  0.000000E+00  0.000000E+00  0.164351E+02  0.222342E+05
  0.219287E+00  0.222461E+05  0.181339E+05  0.000000E+00  0.000000E+00  0.150240E+02  0.214416E+05
  0.224408E+00  0.215387E+05  0.176079E+05  0.000000E+00  0.000000E+00  0.141743E+02  0.207682E+05
  0.229530E+00  0.209176E+05  0.172346E+05  0.000000E+00  0.000000E+00  0.130252E+02  0.201917E+05
  0.234651E+00  0.203561E+05  0.169430E+05  0.000000E+00  0.000000E+00  0.120314E+02  0.196783E+05
  0.239773E+00  0.198257E+05  0.166606E+05  0.000000E+00  0.000000E+00  0.114123E+02  0.191922E+05
  0.244895E+00  0.193016E+05  0.163296E+05  0.000000E+00  0.000000E+00  0.105843E+02  0.187031E+05
  0.250016E+00  0.187682E+05  0.159193E+05  0.000000E+00  0.000000E+00  0.996349E+01  0.181930E+05
  0.255138E+00  0.182224E+05  0.154302E+05  0.000000E+00  0.000000E+00  0.938056E+01  0.176596E+05
  0.260259E+00  0.176716E+05  0.148879E+05  0.000000E+00  0.000000E+00  0.855420E+01  0.171132E+05
  0.265381E+00  0.171282E+05  0.143309E+05  0.000000E+00  0.000000E+00  0.793413E+01  0.165703E+05
  0.270502E+00  0.166056E+05  0.137991E+05  0.000000E+00  0.000000E+00  0.750733E+01  0.160489E+05
  0.275624E+00  0.161156E+05  0.133247E+05  0.000000E+00  0.000000E+00  0.695750E+01  0.155642E+05
  0.280746E+00  0.156656E+05  0.129250E+05  0.000000E+00  0.000000E+00  0.653923E+01  0.151250E+05
  0.285867E+00  0.152563E+05  0.126000E+05  0.000000E+00  0.000000E+00  0.620949E+01  0.147319E+05
  0.290989E+00  0.148823E+05  0.123345E+05  0.000000E+00  0.000000E+00  0.575084E+01  0.143780E+05
  0.296110E+00  0.145346E+05  0.121050E+05  0.000000E+00  0.000000E+00  0.546521E+01  0.140519E+05
  0.301232E+00  0.142034E+05  0.118862E+05  0.000000E+00  0.000000E+00  0.522201E+01  0.137412E+05
  0.306353E+00  0.138797E+05  0.116572E+05  0.000000E+00  0.000000E+00  0.484268E+01  0.134350E+05
  0.311475E+00  0.135574E+05  0.114055E+05  0.000000E+00  0.000000E+00  0.464528E+01  0.131262E+05
  0.316597E+00  0.132342E+05  0.111289E+05  0.000000E+00  0.000000E+00  0.443644E+01  0.128125E+05
  0.321718E+00  0.129119E+05  0.108346E+05  0.000000E+00  0.000000E+00  0.409937E+01  0.124966E+05
  0.326840E+00  0.125945E+05  0.105349E+05  0.000000E+00  0.000000E+00  0.387540E+01  0.121839E+05
  0.331961E+00  0.122868E+05  0.102440E+05  0.000000E+00  0.000000E+00  0.366177E+01  0.118806E+05
  0.337083E+00  0.119931E+05  0.997331E+04  0.000000E+00  0.000000E+00  0.344369E+01  0.115922E+05
  0.342204E+00  0.117158E+05  0.972985E+04  0.000000E+00  0.000000E+00  0.333812E+01  0.113221E+05
  0.347326E+00  0.114556E+05  0.951477E+04  0.000000E+00  0.000000E+00  0.317968E+01  0.110708E+05
  0.352448E+00  0.112110E+05  0.932411E+04  0.000000E+00  0.000000E+00  0.294443E+01  0.108365E+05
  0.357569E+00  0.109794E+05  0.915050E+04  0.000000E+00  0.000000E+00  0.282934E+01  0.106158E+05
  0.362691E+00  0.107573E+05  0.898546E+04  0.000000E+00  0.000000E+00  0.273424E+01  0.104044E+05
  0.367812E+00  0.105416E+05  0.882140E+04  0.000000E+00  0.000000E+00  0.257707E+01  0.101985E+05
  0.372934E+00  0.103297E+05  0.865305E+04  0.000000E+00  0.000000E+00  0.249438E+01  0.999497E+04
  0.378055E+00  0.101202E+05  0.847842E+04  0.000000E+00  0.000000E+00  0.235743E+01  0.979242E+04
  0.383177E+00  0.991323E+04  0.829890E+04  0.000000E+00  0.000000E+00  0.220278E+01  0.959113E+04
  0.388299E+00  0.971005E+04  0.811836E+04  0.000000E+00  0.000000E+00  0.214366E+01  0.939280E+04
  0.393420E+00  0.951223E+04  0.794143E+04  0.000000E+00  0.000000E+00  0.202578E+01  0.919952E+04
  0.398542E+00  0.932095E+04  0.777201E+04  0.000000E+00  0.000000E+00  0.190593E+01  0.901290E+04
  0.403663E+00  0.913701E+04  0.761272E+04  0.000000E+00  0.000000E+00  0.186176E+01  0.883405E+04
  0.408785E+00  0.896093E+04  0.746471E+04  0.000000E+00  0.000000E+00  0.179017E+01  0.866360E+04
  0.413906E+00  0.879265E+04  0.732742E+04  0.000000E+00  0.000000E+00  0.169412E+01  0.850138E+04
  0.419028E+00  0.863126E+04  0.719867E+04  0.000000E+00  0.000000E+00  0.163655E+01  0.834630E+04
  0.424150E+00  0.847544E+04  0.707544E+04  0.000000E+00  0.000000E+00  0.155461E+01  0.819674E+04
  0.429271E+00  0.832401E+04  0.695501E+04  0.000000E+00  0.000000E+00  0.148736E+01  0.805129E+04
  0.434393E+00  0.817617E+04  0.683548E+04  0.000000E+00  0.000000E+00  0.148072E+01  0.790896E+04
  0.439514E+00  0.803132E+04  0.671579E+04  0.000000E+00  0.000000E+00  0.139139E+01  0.776908E+04
  0.444636E+00  0.788909E+04  0.659577E+04  0.000000E+00  0.000000E+00  0.130249E+01  0.763131E+04
  0.449757E+00  0.774956E+04  0.647620E+04  0.000000E+00  0.000000E+00  0.126603E+01  0.749585E+04
  0.454879E+00  0.761320E+04  0.635852E+04  0.000000E+00  0.000000E+00  0.120080E+01  0.736333E+04
  0.460001E+00  0.748056E+04  0.624423E+04  0.000000E+00  0.000000E+00  0.116893E+01  0.723446E+04
  0.465122E+00  0.735195E+04  0.613438E+04  0.000000E+00  0.000000E+00  0.113704E+01  0.710967E+04
  0.470244E+00  0.722742E+04  0.602939E+04  0.000000E+00  0.000000E+00  0.107013E+01  0.698906E+04
  0.475365E+00  0.710685E+04  0.592915E+04  0.000000E+00  0.000000E+00  0.103266E+01  0.687253E+04
  0.480487E+00  0.699010E+04  0.583322E+04  0.000000E+00  0.000000E+00  0.101821E+01  0.675987E+04
  0.485608E+00  0.687689E+04  0.574083E+04  0.000000E+00  0.000000E+00  0.966445E+00  0.665074E+04
  0.490730E+00  0.676679E+04  0.565104E+04  0.000000E+00  0.000000E+00  0.931472E+00  0.654461E+04
  0.495852E+00  0.665930E+04  0.556292E+04  0.000000E+00  0.000000E+00  0.916935E+00  0.644093E+04
  0.500973E+00  0.655406E+04  0.547587E+04  0.000000E+00  0.000000E+00  0.865944E+00  0.633928E+04
  0.506095E+00  0.645099E+04  0.538979E+04  0.000000E+00  0.000000E+00  0.843171E+00  0.623959E+04
  0.511216E+00  0.635012E+04  0.530488E+04  0.000000E+00  0.000000E+00  0.807983E+00  0.614192E+04
  0.516338E+00  0.625148E+04  0.522141E+04  0.000000E+00  0.000000E+00  0.752248E+00  0.604634E+04
  0.521459E+00  0.615507E+04  0.513973E+04  0.000000E+00  0.000000E+00  0.747517E+00  0.595290E+04
  0.526581E+00  0.606097E+04  0.506018E+04  0.000000E+00  0.000000E+00  0.733748E+00  0.586173E+04
  0.531703E+00  0.596932E+04  0.498308E+04  0.000000E+00  0.000000E+00  0.696097E+00  0.577299E+04
  0.536824E+00  0.588011E+04  0.490850E+04  0.000000E+00  0.000000E+00  0.673863E+00  0.568670E+04
  0.541946E+00  0.579322E+04  0.483627E+04  0.000000E+00  0.000000E+00  0.650861E+00  0.560272E+04
  0.547067E+00  0.570847E+04  0.476609E+04  0.000000E+00  0.000000E+00  0.625351E+00  0.552085E+04
  0.549761E+00  0.566481E+04  0.473011E+04  0.000000E+00  0.000000E+00  0.620703E+00  0.547870E+04
  0.555286E+00  0.557676E+04  0.465728E+04  0.000000E+00  0.000000E+00  0.589853E+00  0.539367E+04
  0.560867E+00  0.548998E+04  0.458532E+04  0.000000E+00  0.000000E+00  0.576332E+00  0.530982E+04
  0.566504E+00  0.540432E+04  0.451400E+04  0.000000E+00  0.000000E+00  0.566699E+00  0.522700E+04
  0.572197E+00  0.531971E+04  0.444324E+04  0.000000E+00  0.000000E+00  0.535837E+00  0.514515E+04
  0.577947E+00  0.523624E+04  0.437322E+04  0.000000E+00  0.000000E+00  0.510100E+00  0.506437E+04
  0.583756E+00  0.515398E+04  0.430414E+04  0.000000E+00  0.000000E+00  0.504014E+00  0.498475E+04
  0.589623E+00  0.507294E+04  0.423612E+04  0.000000E+00  0.000000E+00  0.489680E+00  0.490631E+04
  0.595549E+00  0.499311E+04  0.416925E+04  0.000000E+00  0.000000E+00  0.464914E+00  0.482907E+04
  0.601534E+00  0.491456E+04  0.410364E+04  0.000000E+00  0.000000E+00  0.443952E+00  0.475310E+04
  0.607579E+00  0.483734E+04  0.403931E+04  0.000000E+00  0.000000E+00  0.430330E+00  0.467845E+04
  0.613686E+00  0.476135E+04  0.397609E+04  0.000000E+00  0.000000E+00  0.427252E+00  0.460498E+04
  0.619854E+00  0.468644E+04  0.391378E+04  0.000000E+00  0.000000E+00  0.414617E+00  0.453258E+04
  0.626083E+00  0.461263E+04  0.385230E+04  0.000000E+00  0.000000E+00  0.390741E+00  0.446121E+04
  0.632375E+00  0.453991E+04  0.379164E+04  0.000000E+00  0.000000E+00  0.368285E+00  0.439090E+04
  0.638731E+00  0.446823E+04  0.373173E+04  0.000000E+00  0.000000E+00  0.359914E+00  0.432156E+04
  0.645150E+00  0.439753E+04  0.367258E+04  0.000000E+00  0.000000E+00  0.357931E+00  0.425317E+04
  0.651634E+00  0.432791E+04  0.361431E+04  0.000000E+00  0.000000E+00  0.349407E+00  0.418581E+04
  0.658183E+00  0.425938E+04  0.355701E+04  0.000000E+00  0.000000E+00  0.330254E+00  0.411952E+04
  0.664798E+00  0.419188E+04  0.350062E+04  0.000000E+00  0.000000E+00  0.310665E+00  0.405423E+04
  0.671479E+00  0.412541E+04  0.344515E+04  0.000000E+00  0.000000E+00  0.300060E+00  0.398995E+04
  0.678228E+00  0.406001E+04  0.339062E+04  0.000000E+00  0.000000E+00  0.293623E+00  0.392671E+04
  0.685044E+00  0.399562E+04  0.333693E+04  0.000000E+00  0.000000E+00  0.284448E+00  0.386445E+04
  0.691929E+00  0.393213E+04  0.328397E+04  0.000000E+00  0.000000E+00  0.277766E+00  0.380306E+04
  0.698883E+00  0.386961E+04  0.323176E+04  0.000000E+00  0.000000E+00  0.265266E+00  0.374258E+04
  0.705907E+00  0.380805E+04  0.318035E+04  0.000000E+00  0.000000E+00  0.257143E+00  0.368305E+04
  0.713001E+00  0.374741E+04  0.312967E+04  0.000000E+00  0.000000E+00  0.246934E+00  0.362439E+04
  0.720167E+00  0.368765E+04  0.307975E+04  0.000000E+00  0.000000E+00  0.236646E+00  0.356660E+04
  0.727405E+00  0.362885E+04  0.303065E+04  0.000000E+00  0.000000E+00  0.220561E+00  0.350972E+04
  0.734716E+00  0.357096E+04  0.298232E+04  0.000000E+00  0.000000E+00  0.215282E+00  0.345374E+04
  0.742099E+00  0.351392E+04  0.293470E+04  0.000000E+00  0.000000E+00  0.212992E+00  0.339857E+04
  0.749557E+00  0.345776E+04  0.288783E+04  0.000000E+00  0.000000E+00  0.201850E+00  0.334427E+04
  0.757091E+00  0.340248E+04  0.284167E+04  0.000000E+00  0.000000E+00  0.192889E+00  0.329079E+04
  0.764700E+00  0.334800E+04  0.279617E+04  0.000000E+00  0.000000E+00  0.187853E+00  0.323810E+04
  0.772385E+00  0.329437E+04  0.275138E+04  0.000000E+00  0.000000E+00  0.180856E+00  0.318624E+04
  0.780147E+00  0.324157E+04  0.270729E+04  0.000000E+00  0.000000E+00  0.171894E+00  0.313517E+04
  0.787988E+00  0.318955E+04  0.266384E+04  0.000000E+00  0.000000E+00  0.166133E+00  0.308486E+04
  0.795908E+00  0.313835E+04  0.262109E+04  0.000000E+00  0.000000E+00  0.163017E+00  0.303534E+04
  0.803907E+00  0.308796E+04  0.257902E+04  0.000000E+00  0.000000E+00  0.158652E+00  0.298660E+04
  0.811986E+00  0.303831E+04  0.253756E+04  0.000000E+00  0.000000E+00  0.149209E+00  0.293859E+04
  0.820147E+00  0.298943E+04  0.249674E+04  0.000000E+00  0.000000E+00  0.145525E+00  0.289131E+04
  0.828389E+00  0.294132E+04  0.245658E+04  0.000000E+00  0.000000E+00  0.139798E+00  0.284479E+04
  0.836715E+00  0.289393E+04  0.241699E+04  0.000000E+00  0.000000E+00  0.139787E+00  0.279895E+04
  0.845124E+00  0.284727E+04  0.237803E+04  0.000000E+00  0.000000E+00  0.130514E+00  0.275382E+04
  0.853617E+00  0.280135E+04  0.233969E+04  0.000000E+00  0.000000E+00  0.128700E+00  0.270941E+04
  0.862197E+00  0.275612E+04  0.230191E+04  0.000000E+00  0.000000E+00  0.126464E+00  0.266567E+04
  0.870862E+00  0.271161E+04  0.226475E+04  0.000000E+00  0.000000E+00  0.121204E+00  0.262262E+04
  0.879614E+00  0.266779E+04  0.222815E+04  0.000000E+00  0.000000E+00  0.111619E+00  0.258024E+04
  0.888454E+00  0.262463E+04  0.219211E+04  0.000000E+00  0.000000E+00  0.110572E+00  0.253850E+04
  0.897383E+00  0.258217E+04  0.215666E+04  0.000000E+00  0.000000E+00  0.105377E+00  0.249743E+04
  0.906403E+00  0.254035E+04  0.212173E+04  0.000000E+00  0.000000E+00  0.996979E-01  0.245698E+04
  0.915511E+00  0.249918E+04  0.208735E+04  0.000000E+00  0.000000E+00  0.101506E+00  0.241716E+04
  0.924713E+00  0.245867E+04  0.205352E+04  0.000000E+00  0.000000E+00  0.971442E-01  0.237798E+04
  0.934006E+00  0.241876E+04  0.202019E+04  0.000000E+00  0.000000E+00  0.929262E-01  0.233938E+04
  0.943393E+00  0.237950E+04  0.198740E+04  0.000000E+00  0.000000E+00  0.874836E-01  0.230141E+04
  0.952874E+00  0.234084E+04  0.195512E+04  0.000000E+00  0.000000E+00  0.847508E-01  0.226403E+04
  0.962451E+00  0.230278E+04  0.192334E+04  0.000000E+00  0.000000E+00  0.839265E-01  0.222721E+04
  0.972124E+00  0.226533E+04  0.189206E+04  0.000000E+00  0.000000E+00  0.795331E-01  0.219099E+04
  0.981894E+00  0.222845E+04  0.186126E+04  0.000000E+00  0.000000E+00  0.779532E-01  0.215532E+04
  0.991762E+00  0.219216E+04  0.183096E+04  0.000000E+00  0.000000E+00  0.726346E-01  0.212023E+04
  0.100173E+01  0.215642E+04  0.180111E+04  0.000000E+00  0.000000E+00  0.714975E-01  0.208566E+04
  0.101180E+01  0.212125E+04  0.177174E+04  0.000000E+00  0.000000E+00  0.692580E-01  0.205165E+04
  0.102197E+01  0.208664E+04  0.174284E+04  0.000000E+00  0.000000E+00  0.661582E-01  0.201817E+04
  0.103224E+01  0.205255E+04  0.171437E+04  0.000000E+00  0.000000E+00  0.643267E-01  0.198520E+04
  0.104261E+01  0.201903E+04  0.168637E+04  0.000000E+00  0.000000E+00  0.622413E-01  0.195278E+04
  0.105309E+01  0.198601E+04  0.165879E+04  0.000000E+00  0.000000E+00  0.586958E-01  0.192084E+04
  0.106367E+01  0.195352E+04  0.163166E+04  0.000000E+00  0.000000E+00  0.562584E-01  0.188942E+04
  0.107436E+01  0.192154E+04  0.160495E+04  0.000000E+00  0.000000E+00  0.560443E-01  0.185849E+04
  0.108516E+01  0.189007E+04  0.157867E+04  0.000000E+00  0.000000E+00  0.523084E-01  0.182805E+04
  0.109607E+01  0.185909E+04  0.155280E+04  0.000000E+00  0.000000E+00  0.511638E-01  0.179809E+04
  0.110708E+01  0.182861E+04  0.152734E+04  0.000000E+00  0.000000E+00  0.493876E-01  0.176861E+04
  0.111821E+01  0.179861E+04  0.150229E+04  0.000000E+00  0.000000E+00  0.477594E-01  0.173959E+04
  0.112945E+01  0.176907E+04  0.147762E+04  0.000000E+00  0.000000E+00  0.449965E-01  0.171103E+04
  0.114080E+01  0.174002E+04  0.145336E+04  0.000000E+00  0.000000E+00  0.447520E-01  0.168293E+04
  0.115226E+01  0.171142E+04  0.142947E+04  0.000000E+00  0.000000E+00  0.425327E-01  0.165526E+04
  0.116384E+01  0.168328E+04  0.140597E+04  0.000000E+00  0.000000E+00  0.407816E-01  0.162805E+04
  0.117554E+01  0.165558E+04  0.138284E+04  0.000000E+00  0.000000E+00  0.396725E-01  0.160126E+04
  0.118735E+01  0.162833E+04  0.136008E+04  0.000000E+00  0.000000E+00  0.376251E-01  0.157490E+04
  0.119929E+01  0.160150E+04  0.133767E+04  0.000000E+00  0.000000E+00  0.378839E-01  0.154896E+04
  0.121134E+01  0.157511E+04  0.131563E+04  0.000000E+00  0.000000E+00  0.360552E-01  0.152343E+04
  0.122351E+01  0.154913E+04  0.129393E+04  0.000000E+00  0.000000E+00  0.336744E-01  0.149830E+04
  0.123581E+01  0.152357E+04  0.127259E+04  0.000000E+00  0.000000E+00  0.337146E-01  0.147359E+04
  0.124823E+01  0.149841E+04  0.125157E+04  0.000000E+00  0.000000E+00  0.302882E-01  0.144925E+04
  0.126078E+01  0.147366E+04  0.123090E+04  0.000000E+00  0.000000E+00  0.314162E-01  0.142531E+04
  0.127345E+01  0.144930E+04  0.121056E+04  0.000000E+00  0.000000E+00  0.297792E-01  0.140175E+04
  0.128625E+01  0.142533E+04  0.119054E+04  0.000000E+00  0.000000E+00  0.277362E-01  0.137857E+04
  0.129917E+01  0.140174E+04  0.117084E+04  0.000000E+00  0.000000E+00  0.282066E-01  0.135576E+04
  0.131223E+01  0.137853E+04  0.115145E+04  0.000000E+00  0.000000E+00  0.269507E-01  0.133331E+04
  0.132542E+01  0.135570E+04  0.113238E+04  0.000000E+00  0.000000E+00  0.252721E-01  0.131122E+04
  0.133874E+01  0.133323E+04  0.111362E+04  0.000000E+00  0.000000E+00  0.248670E-01  0.128949E+04
  0.135219E+01  0.131112E+04  0.109515E+04  0.000000E+00  0.000000E+00  0.243191E-01  0.126811E+04
  0.136578E+01  0.128936E+04  0.107698E+04  0.000000E+00  0.000000E+00  0.223662E-01  0.124706E+04
  0.137951E+01  0.126796E+04  0.105911E+04  0.000000E+00  0.000000E+00  0.217018E-01  0.122637E+04
  0.139337E+01  0.124690E+04  0.104152E+04  0.000000E+00  0.000000E+00  0.212564E-01  0.120600E+04
  0.140738E+01  0.122618E+04  0.102421E+04  0.000000E+00  0.000000E+00  0.209730E-01  0.118596E+04
  0.142152E+01  0.120580E+04  0.100719E+04  0.000000E+00  0.000000E+00  0.198447E-01  0.116624E+04
  0.143581E+01  0.118574E+04  0.990429E+03  0.000000E+00  0.000000E+00  0.261911E-01  0.114684E+04
  0.145024E+01  0.116601E+04  0.973951E+03  0.000000E+00  0.000000E+00  0.244314E-01  0.112776E+04
  0.146481E+01  0.114659E+04  0.957731E+03  0.000000E+00  0.000000E+00  0.238147E-01  0.110897E+04
  0.147954E+01  0.112748E+04  0.941776E+03  0.000000E+00  0.000000E+00  0.232200E-01  0.109050E+04
  0.149441E+01  0.110869E+04  0.926080E+03  0.000000E+00  0.000000E+00  0.218797E-01  0.107232E+04
  0.150942E+01  0.109020E+04  0.910634E+03  0.000000E+00  0.000000E+00  0.209897E-01  0.105443E+04
  0.152459E+01  0.107201E+04  0.895442E+03  0.000000E+00  0.000000E+00  0.207321E-01  0.103684E+04
  0.153992E+01  0.105411E+04  0.880494E+03  0.000000E+00  0.000000E+00  0.198019E-01  0.101953E+04
  0.155539E+01  0.103650E+04  0.865787E+03  0.000000E+00  0.000000E+00  0.190062E-01  0.100250E+04
  0.157102E+01  0.101919E+04  0.851324E+03  0.000000E+00  0.000000E+00  0.182431E-01  0.985753E+03
  0.158681E+01  0.100214E+04  0.837091E+03  0.000000E+00  0.000000E+00  0.178324E-01  0.969271E+03
  0.160276E+01  0.985380E+03  0.823088E+03  0.000000E+00  0.000000E+00  0.171567E-01  0.953057E+03
  0.161887E+01  0.968892E+03  0.809317E+03  0.000000E+00  0.000000E+00  0.166315E-01  0.937109E+03
  0.163514E+01  0.952670E+03  0.795769E+03  0.000000E+00  0.000000E+00  0.157734E-01  0.921420E+03
  0.165157E+01  0.936710E+03  0.782437E+03  0.000000E+00  0.000000E+00  0.152118E-01  0.905983E+03
  0.166817E+01  0.921012E+03  0.769326E+03  0.000000E+00  0.000000E+00  0.148433E-01  0.890801E+03
  0.168494E+01  0.905569E+03  0.756427E+03  0.000000E+00  0.000000E+00  0.140117E-01  0.875864E+03
  0.170187E+01  0.890374E+03  0.743736E+03  0.000000E+00  0.000000E+00  0.139370E-01  0.861168E+03
  0.171897E+01  0.875431E+03  0.731255E+03  0.000000E+00  0.000000E+00  0.133948E-01  0.846715E+03
  0.173625E+01  0.860731E+03  0.718977E+03  0.000000E+00  0.000000E+00  0.129291E-01  0.832498E+03
  0.175370E+01  0.846270E+03  0.706898E+03  0.000000E+00  0.000000E+00  0.124775E-01  0.818511E+03
  0.177133E+01  0.832044E+03  0.695015E+03  0.000000E+00  0.000000E+00  0.120849E-01  0.804751E+03
  0.178913E+01  0.818054E+03  0.683331E+03  0.000000E+00  0.000000E+00  0.113730E-01  0.791221E+03
  0.180711E+01  0.804292E+03  0.671836E+03  0.000000E+00  0.000000E+00  0.105635E-01  0.777911E+03
  0.182527E+01  0.790754E+03  0.660529E+03  0.000000E+00  0.000000E+00  0.106815E-01  0.764817E+03
  0.184361E+01  0.777438E+03  0.649406E+03  0.000000E+00  0.000000E+00  0.103534E-01  0.751938E+03
  0.186214E+01  0.764343E+03  0.638468E+03  0.000000E+00  0.000000E+00  0.974759E-02  0.739272E+03
  0.188086E+01  0.751462E+03  0.627709E+03  0.000000E+00  0.000000E+00  0.956927E-02  0.726814E+03
  0.189976E+01  0.738791E+03  0.617126E+03  0.000000E+00  0.000000E+00  0.904447E-02  0.714559E+03
  0.191885E+01  0.726327E+03  0.606715E+03  0.000000E+00  0.000000E+00  0.861750E-02  0.702504E+03
  0.193814E+01  0.714070E+03  0.596477E+03  0.000000E+00  0.000000E+00  0.860498E-02  0.690648E+03
  0.195762E+01  0.702013E+03  0.586407E+03  0.000000E+00  0.000000E+00  0.801209E-02  0.678988E+03
  0.197729E+01  0.690156E+03  0.576502E+03  0.000000E+00  0.000000E+00  0.803074E-02  0.667519E+03
  0.199716E+01  0.678493E+03  0.566761E+03  0.000000E+00  0.000000E+00  0.740910E-02  0.656239E+03
  0.201723E+01  0.667022E+03  0.557180E+03  0.000000E+00  0.000000E+00  0.741092E-02  0.645145E+03
  0.203751E+01  0.655740E+03  0.547756E+03  0.000000E+00  0.000000E+00  0.722152E-02  0.634232E+03
  0.205799E+01  0.644643E+03  0.538487E+03  0.000000E+00  0.000000E+00  0.669421E-02  0.623500E+03
  0.207867E+01  0.633730E+03  0.529372E+03  0.000000E+00  0.000000E+00  0.660325E-02  0.612945E+03
  0.209956E+01  0.622999E+03  0.520408E+03  0.000000E+00  0.000000E+00  0.646459E-02  0.602565E+03
  0.212066E+01  0.612443E+03  0.511592E+03  0.000000E+00  0.000000E+00  0.602402E-02  0.592356E+03
  0.214197E+01  0.602062E+03  0.502921E+03  0.000000E+00  0.000000E+00  0.565345E-02  0.582316E+03
  0.216350E+01  0.591852E+03  0.494392E+03  0.000000E+00  0.000000E+00  0.550680E-02  0.572441E+03
  0.218525E+01  0.581811E+03  0.486005E+03  0.000000E+00  0.000000E+00  0.539536E-02  0.562729E+03
  0.220721E+01  0.571937E+03  0.477757E+03  0.000000E+00  0.000000E+00  0.519320E-02  0.553178E+03
  0.222939E+01  0.562225E+03  0.469645E+03  0.000000E+00  0.000000E+00  0.514802E-02  0.543785E+03
  0.225180E+01  0.552674E+03  0.461667E+03  0.000000E+00  0.000000E+00  0.494270E-02  0.534548E+03
  0.227443E+01  0.543282E+03  0.453822E+03  0.000000E+00  0.000000E+00  0.466812E-02  0.525464E+03
  0.229728E+01  0.534047E+03  0.446108E+03  0.000000E+00  0.000000E+00  0.436712E-02  0.516531E+03
  0.232037E+01  0.524964E+03  0.438521E+03  0.000000E+00  0.000000E+00  0.428093E-02  0.507747E+03
  0.234369E+01  0.516032E+03  0.431060E+03  0.000000E+00  0.000000E+00  0.429367E-02  0.499108E+03
  0.236725E+01  0.507249E+03  0.423723E+03  0.000000E+00  0.000000E+00  0.403293E-02  0.490612E+03
  0.239104E+01  0.498612E+03  0.416509E+03  0.000000E+00  0.000000E+00  0.390550E-02  0.482259E+03
  0.241507E+01  0.490118E+03  0.409414E+03  0.000000E+00  0.000000E+00  0.374097E-02  0.474044E+03
  0.243934E+01  0.481765E+03  0.402438E+03  0.000000E+00  0.000000E+00  0.362698E-02  0.465965E+03
  0.246386E+01  0.473552E+03  0.395577E+03  0.000000E+00  0.000000E+00  0.359420E-02  0.458021E+03
  0.248862E+01  0.465476E+03  0.388831E+03  0.000000E+00  0.000000E+00  0.324710E-02  0.450210E+03
  0.251363E+01  0.457534E+03  0.382197E+03  0.000000E+00  0.000000E+00  0.325901E-02  0.442529E+03
  0.253889E+01  0.449725E+03  0.375674E+03  0.000000E+00  0.000000E+00  0.304161E-02  0.434976E+03
  0.256441E+01  0.442046E+03  0.369260E+03  0.000000E+00  0.000000E+00  0.306921E-02  0.427548E+03
  0.259018E+01  0.434495E+03  0.362953E+03  0.000000E+00  0.000000E+00  0.290276E-02  0.420246E+03
  0.261621E+01  0.427070E+03  0.356751E+03  0.000000E+00  0.000000E+00  0.282176E-02  0.413064E+03
  0.264251E+01  0.419769E+03  0.350652E+03  0.000000E+00  0.000000E+00  0.267531E-02  0.406003E+03
  0.266906E+01  0.412590E+03  0.344655E+03  0.000000E+00  0.000000E+00  0.266950E-02  0.399059E+03
  0.269589E+01  0.405531E+03  0.338759E+03  0.000000E+00  0.000000E+00  0.242593E-02  0.392231E+03
  0.272298E+01  0.398590E+03  0.332961E+03  0.000000E+00  0.000000E+00  0.228910E-02  0.385518E+03
  0.275035E+01  0.391765E+03  0.327260E+03  0.000000E+00  0.000000E+00  0.230107E-02  0.378917E+03
  0.277799E+01  0.385055E+03  0.321655E+03  0.000000E+00  0.000000E+00  0.221305E-02  0.372427E+03
  0.280591E+01  0.378457E+03  0.316144E+03  0.000000E+00  0.000000E+00  0.213012E-02  0.366046E+03
  0.283411E+01  0.371971E+03  0.310725E+03  0.000000E+00  0.000000E+00  0.205307E-02  0.359772E+03
  0.286259E+01  0.365592E+03  0.305397E+03  0.000000E+00  0.000000E+00  0.200215E-02  0.353602E+03
  0.289136E+01  0.359320E+03  0.300158E+03  0.000000E+00  0.000000E+00  0.191351E-02  0.347536E+03
  0.292042E+01  0.353155E+03  0.295008E+03  0.000000E+00  0.000000E+00  0.181781E-02  0.341573E+03
  0.294977E+01  0.347093E+03  0.289944E+03  0.000000E+00  0.000000E+00  0.180722E-02  0.335710E+03
  0.297942E+01  0.341132E+03  0.284965E+03  0.000000E+00  0.000000E+00  0.165994E-02  0.329945E+03
  0.300936E+01  0.335272E+03  0.280070E+03  0.000000E+00  0.000000E+00  0.159153E-02  0.324277E+03
  0.303961E+01  0.329510E+03  0.275257E+03  0.000000E+00  0.000000E+00  0.158815E-02  0.318704E+03
  0.307015E+01  0.323846E+03  0.270526E+03  0.000000E+00  0.000000E+00  0.148224E-02  0.313226E+03
  0.310101E+01  0.318277E+03  0.265873E+03  0.000000E+00  0.000000E+00  0.146801E-02  0.307839E+03
  0.313218E+01  0.312801E+03  0.261299E+03  0.000000E+00  0.000000E+00  0.138698E-02  0.302543E+03
  0.316366E+01  0.307418E+03  0.256803E+03  0.000000E+00  0.000000E+00  0.133776E-02  0.297336E+03
  0.319545E+01  0.302125E+03  0.252382E+03  0.000000E+00  0.000000E+00  0.132064E-02  0.292217E+03
  0.322756E+01  0.296922E+03  0.248035E+03  0.000000E+00  0.000000E+00  0.128691E-02  0.287185E+03
  0.326000E+01  0.291807E+03  0.243762E+03  0.000000E+00  0.000000E+00  0.126301E-02  0.282237E+03
  0.329277E+01  0.286777E+03  0.239561E+03  0.000000E+00  0.000000E+00  0.120474E-02  0.277372E+03
  0.332586E+01  0.281833E+03  0.235431E+03  0.000000E+00  0.000000E+00  0.111027E-02  0.272591E+03
  0.335928E+01  0.276973E+03  0.231371E+03  0.000000E+00  0.000000E+00  0.106617E-02  0.267890E+03
  0.339305E+01  0.272194E+03  0.227379E+03  0.000000E+00  0.000000E+00  0.103872E-02  0.263268E+03
  0.342715E+01  0.267497E+03  0.223455E+03  0.000000E+00  0.000000E+00  0.973847E-03  0.258724E+03
  0.346159E+01  0.262879E+03  0.219597E+03  0.000000E+00  0.000000E+00  0.954615E-03  0.254258E+03
  0.349638E+01  0.258339E+03  0.215805E+03  0.000000E+00  0.000000E+00  0.949504E-03  0.249867E+03
  0.353152E+01  0.253876E+03  0.212077E+03  0.000000E+00  0.000000E+00  0.925013E-03  0.245550E+03
  0.356701E+01  0.249488E+03  0.208412E+03  0.000000E+00  0.000000E+00  0.900824E-03  0.241307E+03
  0.360286E+01  0.245176E+03  0.204809E+03  0.000000E+00  0.000000E+00  0.862418E-03  0.237135E+03
  0.363907E+01  0.240936E+03  0.201268E+03  0.000000E+00  0.000000E+00  0.783672E-03  0.233035E+03
  0.367564E+01  0.236768E+03  0.197786E+03  0.000000E+00  0.000000E+00  0.782489E-03  0.229003E+03
  0.371258E+01  0.232671E+03  0.194363E+03  0.000000E+00  0.000000E+00  0.720694E-03  0.225041E+03
  0.374990E+01  0.228643E+03  0.190999E+03  0.000000E+00  0.000000E+00  0.746591E-03  0.221145E+03
  0.378758E+01  0.224684E+03  0.187692E+03  0.000000E+00  0.000000E+00  0.711412E-03  0.217316E+03
  0.382565E+01  0.220792E+03  0.184440E+03  0.000000E+00  0.000000E+00  0.640385E-03  0.213551E+03
  0.386410E+01  0.216966E+03  0.181244E+03  0.000000E+00  0.000000E+00  0.634544E-03  0.209851E+03
  0.390293E+01  0.213205E+03  0.178103E+03  0.000000E+00  0.000000E+00  0.634941E-03  0.206213E+03
  0.394216E+01  0.209508E+03  0.175015E+03  0.000000E+00  0.000000E+00  0.580557E-03  0.202638E+03
  0.398178E+01  0.205875E+03  0.171979E+03  0.000000E+00  0.000000E+00  0.569856E-03  0.199123E+03
  0.402179E+01  0.202303E+03  0.168995E+03  0.000000E+00  0.000000E+00  0.563699E-03  0.195668E+03
  0.406221E+01  0.198791E+03  0.166062E+03  0.000000E+00  0.000000E+00  0.546448E-03  0.192272E+03
  0.410304E+01  0.195340E+03  0.163179E+03  0.000000E+00  0.000000E+00  0.485931E-03  0.188935E+03
  0.414427E+01  0.191948E+03  0.160346E+03  0.000000E+00  0.000000E+00  0.507675E-03  0.185654E+03
  0.418593E+01  0.188614E+03  0.157560E+03  0.000000E+00  0.000000E+00  0.475778E-03  0.182428E+03
  0.422800E+01  0.185336E+03  0.154822E+03  0.000000E+00  0.000000E+00  0.466941E-03  0.179258E+03
  0.427049E+01  0.182114E+03  0.152131E+03  0.000000E+00  0.000000E+00  0.461103E-03  0.176142E+03
  0.431341E+01  0.178948E+03  0.149486E+03  0.000000E+00  0.000000E+00  0.418044E-03  0.173080E+03
  0.435676E+01  0.175835E+03  0.146885E+03  0.000000E+00  0.000000E+00  0.407584E-03  0.170069E+03
  0.440054E+01  0.172776E+03  0.144330E+03  0.000000E+00  0.000000E+00  0.379189E-03  0.167110E+03
  0.444477E+01  0.169769E+03  0.141818E+03  0.000000E+00  0.000000E+00  0.379995E-03  0.164202E+03
  0.448944E+01  0.166813E+03  0.139349E+03  0.000000E+00  0.000000E+00  0.346695E-03  0.161343E+03
  0.453456E+01  0.163908E+03  0.136922E+03  0.000000E+00  0.000000E+00  0.366351E-03  0.158533E+03
  0.458013E+01  0.161053E+03  0.134536E+03  0.000000E+00  0.000000E+00  0.335671E-03  0.155771E+03
  0.462616E+01  0.158246E+03  0.132192E+03  0.000000E+00  0.000000E+00  0.349396E-03  0.153057E+03
  0.467266E+01  0.155488E+03  0.129888E+03  0.000000E+00  0.000000E+00  0.299613E-03  0.150389E+03
  0.471962E+01  0.152777E+03  0.127623E+03  0.000000E+00  0.000000E+00  0.311619E-03  0.147767E+03
  0.476705E+01  0.150112E+03  0.125397E+03  0.000000E+00  0.000000E+00  0.284325E-03  0.145189E+03
  0.481496E+01  0.147493E+03  0.123209E+03  0.000000E+00  0.000000E+00  0.281876E-03  0.142656E+03
  0.486335E+01  0.144919E+03  0.121059E+03  0.000000E+00  0.000000E+00  0.250748E-03  0.140167E+03
  0.491223E+01  0.142389E+03  0.118946E+03  0.000000E+00  0.000000E+00  0.281321E-03  0.137720E+03
  0.496160E+01  0.139903E+03  0.116869E+03  0.000000E+00  0.000000E+00  0.266561E-03  0.135315E+03
  0.501147E+01  0.137459E+03  0.114827E+03  0.000000E+00  0.000000E+00  0.243469E-03  0.132951E+03
  0.506183E+01  0.135058E+03  0.112821E+03  0.000000E+00  0.000000E+00  0.243219E-03  0.130629E+03
  0.511270E+01  0.132697E+03  0.110849E+03  0.000000E+00  0.000000E+00  0.227403E-03  0.128345E+03
  0.516409E+01  0.130377E+03  0.108911E+03  0.000000E+00  0.000000E+00  0.203600E-03  0.126102E+03
  0.521599E+01  0.128097E+03  0.107006E+03  0.000000E+00  0.000000E+00  0.202384E-03  0.123896E+03
  0.526840E+01  0.125857E+03  0.105135E+03  0.000000E+00  0.000000E+00  0.213745E-03  0.121729E+03
  0.532135E+01  0.123654E+03  0.103295E+03  0.000000E+00  0.000000E+00  0.185352E-03  0.119599E+03
  0.537484E+01  0.121490E+03  0.101487E+03  0.000000E+00  0.000000E+00  0.187246E-03  0.117506E+03
  0.542885E+01  0.119363E+03  0.997100E+02  0.000000E+00  0.000000E+00  0.175899E-03  0.115449E+03
  0.548341E+01  0.117273E+03  0.979639E+02  0.000000E+00  0.000000E+00  0.178366E-03  0.113427E+03
  0.553852E+01  0.115219E+03  0.962476E+02  0.000000E+00  0.000000E+00  0.167434E-03  0.111440E+03
  0.559419E+01  0.113200E+03  0.945611E+02  0.000000E+00  0.000000E+00  0.158215E-03  0.109487E+03
  0.565041E+01  0.111216E+03  0.929037E+02  0.000000E+00  0.000000E+00  0.145566E-03  0.107568E+03
  0.570719E+01  0.109266E+03  0.912749E+02  0.000000E+00  0.000000E+00  0.152826E-03  0.105683E+03
  0.576455E+01  0.107350E+03  0.896742E+02  0.000000E+00  0.000000E+00  0.137296E-03  0.103829E+03
  0.582249E+01  0.105467E+03  0.881011E+02  0.000000E+00  0.000000E+00  0.140647E-03  0.102008E+03
  0.588101E+01  0.103616E+03  0.865551E+02  0.000000E+00  0.000000E+00  0.138360E-03  0.100218E+03
  0.594011E+01  0.101798E+03  0.850360E+02  0.000000E+00  0.000000E+00  0.136719E-03  0.984591E+02
  0.599981E+01  0.100010E+03  0.835430E+02  0.000000E+00  0.000000E+00  0.124091E-03  0.967305E+02
  0.606011E+01  0.982542E+02  0.820758E+02  0.000000E+00  0.000000E+00  0.114013E-03  0.950318E+02
  0.612102E+01  0.965283E+02  0.806339E+02  0.000000E+00  0.000000E+00  0.112370E-03  0.933625E+02
  0.618253E+01  0.948321E+02  0.792170E+02  0.000000E+00  0.000000E+00  0.106311E-03  0.917220E+02
  0.624467E+01  0.931657E+02  0.778248E+02  0.000000E+00  0.000000E+00  0.106414E-03  0.901101E+02
  0.630743E+01  0.915278E+02  0.764566E+02  0.000000E+00  0.000000E+00  0.109593E-03  0.885259E+02
  0.637082E+01  0.899183E+02  0.751120E+02  0.000000E+00  0.000000E+00  0.102587E-03  0.869693E+02
  0.643485E+01  0.883368E+02  0.737908E+02  0.000000E+00  0.000000E+00  0.918346E-04  0.854396E+02
  0.649952E+01  0.867828E+02  0.724926E+02  0.000000E+00  0.000000E+00  0.910212E-04  0.839365E+02
  0.656484E+01  0.852555E+02  0.712167E+02  0.000000E+00  0.000000E+00  0.934550E-04  0.824594E+02
  0.663082E+01  0.837548E+02  0.699630E+02  0.000000E+00  0.000000E+00  0.815023E-04  0.810078E+02
  0.669746E+01  0.822801E+02  0.687311E+02  0.000000E+00  0.000000E+00  0.775260E-04  0.795815E+02
  0.676476E+01  0.808311E+02  0.675206E+02  0.000000E+00  0.000000E+00  0.770249E-04  0.781800E+02
  0.683275E+01  0.794071E+02  0.663309E+02  0.000000E+00  0.000000E+00  0.762800E-04  0.768027E+02
  0.690143E+01  0.780079E+02  0.651620E+02  0.000000E+00  0.000000E+00  0.754876E-04  0.754493E+02
  0.697079E+01  0.766329E+02  0.640133E+02  0.000000E+00  0.000000E+00  0.663806E-04  0.741194E+02
  0.704084E+01  0.752820E+02  0.628847E+02  0.000000E+00  0.000000E+00  0.707127E-04  0.728128E+02
  0.711160E+01  0.739544E+02  0.617756E+02  0.000000E+00  0.000000E+00  0.636749E-04  0.715287E+02
  0.718308E+01  0.726499E+02  0.606859E+02  0.000000E+00  0.000000E+00  0.560943E-04  0.702670E+02
  0.725527E+01  0.713681E+02  0.596150E+02  0.000000E+00  0.000000E+00  0.606907E-04  0.690272E+02
  0.732818E+01  0.701088E+02  0.585630E+02  0.000000E+00  0.000000E+00  0.576348E-04  0.678091E+02
  0.740183E+01  0.688712E+02  0.575291E+02  0.000000E+00  0.000000E+00  0.550542E-04  0.666122E+02
  0.747622E+01  0.676552E+02  0.565132E+02  0.000000E+00  0.000000E+00  0.543529E-04  0.654360E+02
  0.755136E+01  0.664603E+02  0.555150E+02  0.000000E+00  0.000000E+00  0.468753E-04  0.642803E+02
  0.762725E+01  0.652864E+02  0.545343E+02  0.000000E+00  0.000000E+00  0.514066E-04  0.631449E+02
  0.770391E+01  0.641327E+02  0.535705E+02  0.000000E+00  0.000000E+00  0.454539E-04  0.620290E+02
  0.778133E+01  0.629992E+02  0.526235E+02  0.000000E+00  0.000000E+00  0.431582E-04  0.609327E+02
  0.785954E+01  0.618855E+02  0.516931E+02  0.000000E+00  0.000000E+00  0.421351E-04  0.598555E+02
  0.793853E+01  0.607912E+02  0.507789E+02  0.000000E+00  0.000000E+00  0.414261E-04  0.587970E+02
  0.801831E+01  0.597160E+02  0.498807E+02  0.000000E+00  0.000000E+00  0.435520E-04  0.577571E+02
  0.809890E+01  0.586596E+02  0.489981E+02  0.000000E+00  0.000000E+00  0.363683E-04  0.567353E+02
  0.818029E+01  0.576216E+02  0.481309E+02  0.000000E+00  0.000000E+00  0.402401E-04  0.557313E+02
  0.826251E+01  0.566017E+02  0.472789E+02  0.000000E+00  0.000000E+00  0.342219E-04  0.547449E+02
  0.834554E+01  0.555997E+02  0.464418E+02  0.000000E+00  0.000000E+00  0.319133E-04  0.537758E+02
  0.842942E+01  0.546152E+02  0.456193E+02  0.000000E+00  0.000000E+00  0.337079E-04  0.528235E+02
  0.851414E+01  0.536478E+02  0.448111E+02  0.000000E+00  0.000000E+00  0.343099E-04  0.518878E+02
  0.859971E+01  0.526973E+02  0.440171E+02  0.000000E+00  0.000000E+00  0.346755E-04  0.509685E+02
  0.868613E+01  0.517635E+02  0.432370E+02  0.000000E+00  0.000000E+00  0.302301E-04  0.500654E+02
  0.877343E+01  0.508460E+02  0.424705E+02  0.000000E+00  0.000000E+00  0.275319E-04  0.491779E+02
  0.886161E+01  0.499446E+02  0.417174E+02  0.000000E+00  0.000000E+00  0.267171E-04  0.483060E+02
  0.895067E+01  0.490589E+02  0.409774E+02  0.000000E+00  0.000000E+00  0.269618E-04  0.474493E+02
  0.904062E+01  0.481888E+02  0.402505E+02  0.000000E+00  0.000000E+00  0.264991E-04  0.466078E+02
  0.913148E+01  0.473339E+02  0.395363E+02  0.000000E+00  0.000000E+00  0.261874E-04  0.457809E+02
  0.922325E+01  0.464939E+02  0.388346E+02  0.000000E+00  0.000000E+00  0.219450E-04  0.449685E+02
  0.931595E+01  0.456687E+02  0.381451E+02  0.000000E+00  0.000000E+00  0.246978E-04  0.441703E+02
  0.940957E+01  0.448580E+02  0.374679E+02  0.000000E+00  0.000000E+00  0.227607E-04  0.433862E+02
  0.950414E+01  0.440614E+02  0.368024E+02  0.000000E+00  0.000000E+00  0.194774E-04  0.426157E+02
  0.959966E+01  0.432788E+02  0.361485E+02  0.000000E+00  0.000000E+00  0.199107E-04  0.418587E+02
  0.969614E+01  0.425099E+02  0.355062E+02  0.000000E+00  0.000000E+00  0.217760E-04  0.411151E+02
  0.979358E+01  0.417546E+02  0.348752E+02  0.000000E+00  0.000000E+00  0.195843E-04  0.403845E+02
  0.989201E+01  0.410125E+02  0.342552E+02  0.000000E+00  0.000000E+00  0.175497E-04  0.396667E+02
  0.999143E+01  0.402834E+02  0.336460E+02  0.000000E+00  0.000000E+00  0.183923E-04  0.389615E+02
  0.100918E+02  0.395671E+02  0.330476E+02  0.000000E+00  0.000000E+00  0.187295E-04  0.382687E+02
  0.101933E+02  0.388633E+02  0.324597E+02  0.000000E+00  0.000000E+00  0.186421E-04  0.375880E+02
  0.102957E+02  0.381721E+02  0.318822E+02  0.000000E+00  0.000000E+00  0.155960E-04  0.369194E+02
  0.103992E+02  0.374929E+02  0.313147E+02  0.000000E+00  0.000000E+00  0.176828E-04  0.362625E+02
  0.105037E+02  0.368256E+02  0.307573E+02  0.000000E+00  0.000000E+00  0.132892E-04  0.356171E+02
  0.106093E+02  0.361701E+02  0.302096E+02  0.000000E+00  0.000000E+00  0.136162E-04  0.349830E+02
  0.107159E+02  0.355261E+02  0.296716E+02  0.000000E+00  0.000000E+00  0.137164E-04  0.343602E+02
  0.108236E+02  0.348934E+02  0.291430E+02  0.000000E+00  0.000000E+00  0.132336E-04  0.337482E+02
  0.109324E+02  0.342719E+02  0.286238E+02  0.000000E+00  0.000000E+00  0.111059E-04  0.331471E+02
  0.110422E+02  0.336613E+02  0.281136E+02  0.000000E+00  0.000000E+00  0.135510E-04  0.325565E+02
  0.111532E+02  0.330615E+02  0.276125E+02  0.000000E+00  0.000000E+00  0.127791E-04  0.319763E+02
  0.112653E+02  0.324722E+02  0.271202E+02  0.000000E+00  0.000000E+00  0.120597E-04  0.314064E+02
  0.113785E+02  0.318933E+02  0.266366E+02  0.000000E+00  0.000000E+00  0.117529E-04  0.308464E+02
  0.114929E+02  0.313246E+02  0.261614E+02  0.000000E+00  0.000000E+00  0.976336E-05  0.302964E+02
  0.116084E+02  0.307660E+02  0.256947E+02  0.000000E+00  0.000000E+00  0.980264E-05  0.297561E+02
  0.117251E+02  0.302171E+02  0.252362E+02  0.000000E+00  0.000000E+00  0.100644E-04  0.292252E+02
  0.118429E+02  0.296780E+02  0.247857E+02  0.000000E+00  0.000000E+00  0.962158E-05  0.287037E+02
  0.119619E+02  0.291483E+02  0.243432E+02  0.000000E+00  0.000000E+00  0.870872E-05  0.281914E+02
  0.120821E+02  0.286280E+02  0.239086E+02  0.000000E+00  0.000000E+00  0.959567E-05  0.276882E+02
  0.122036E+02  0.281169E+02  0.234816E+02  0.000000E+00  0.000000E+00  0.909853E-05  0.271938E+02
  0.123262E+02  0.276148E+02  0.230621E+02  0.000000E+00  0.000000E+00  0.870614E-05  0.267082E+02
  0.124501E+02  0.271216E+02  0.226500E+02  0.000000E+00  0.000000E+00  0.867408E-05  0.262311E+02
  0.125752E+02  0.266371E+02  0.222452E+02  0.000000E+00  0.000000E+00  0.702180E-05  0.257625E+02
  0.127016E+02  0.261612E+02  0.218476E+02  0.000000E+00  0.000000E+00  0.806268E-05  0.253022E+02
  0.128293E+02  0.256936E+02  0.214569E+02  0.000000E+00  0.000000E+00  0.606316E-05  0.248499E+02
  0.129582E+02  0.252343E+02  0.210732E+02  0.000000E+00  0.000000E+00  0.710061E-05  0.244057E+02
  0.130884E+02  0.247831E+02  0.206963E+02  0.000000E+00  0.000000E+00  0.731126E-05  0.239693E+02
  0.132200E+02  0.243399E+02  0.203260E+02  0.000000E+00  0.000000E+00  0.555013E-05  0.235407E+02
  0.133528E+02  0.239046E+02  0.199623E+02  0.000000E+00  0.000000E+00  0.548322E-05  0.231196E+02
  0.134870E+02  0.234769E+02  0.196050E+02  0.000000E+00  0.000000E+00  0.612068E-05  0.227059E+02
  0.136226E+02  0.230568E+02  0.192540E+02  0.000000E+00  0.000000E+00  0.482182E-05  0.222996E+02
  0.137595E+02  0.226442E+02  0.189093E+02  0.000000E+00  0.000000E+00  0.549911E-05  0.219005E+02
  0.138978E+02  0.222389E+02  0.185706E+02  0.000000E+00  0.000000E+00  0.475834E-05  0.215085E+02
  0.140374E+02  0.218407E+02  0.182379E+02  0.000000E+00  0.000000E+00  0.571599E-05  0.211233E+02
  0.141785E+02  0.214496E+02  0.179112E+02  0.000000E+00  0.000000E+00  0.466757E-05  0.207450E+02
  0.143210E+02  0.210654E+02  0.175902E+02  0.000000E+00  0.000000E+00  0.420954E-05  0.203734E+02
  0.144649E+02  0.206880E+02  0.172749E+02  0.000000E+00  0.000000E+00  0.480146E-05  0.200084E+02
  0.146103E+02  0.203173E+02  0.169652E+02  0.000000E+00  0.000000E+00  0.430320E-05  0.196499E+02
  0.147572E+02  0.199532E+02  0.166610E+02  0.000000E+00  0.000000E+00  0.337704E-05  0.192977E+02
  0.149055E+02  0.195956E+02  0.163622E+02  0.000000E+00  0.000000E+00  0.379981E-05  0.189518E+02
  0.150553E+02  0.192443E+02  0.160687E+02  0.000000E+00  0.000000E+00  0.397770E-05  0.186120E+02
  0.152066E+02  0.188992E+02  0.157803E+02  0.000000E+00  0.000000E+00  0.336105E-05  0.182782E+02
  0.153594E+02  0.185602E+02  0.154971E+02  0.000000E+00  0.000000E+00  0.279618E-05  0.179503E+02
  0.155138E+02  0.182273E+02  0.152190E+02  0.000000E+00  0.000000E+00  0.328749E-05  0.176283E+02
  0.156697E+02  0.179002E+02  0.149457E+02  0.000000E+00  0.000000E+00  0.346753E-05  0.173120E+02
  0.158272E+02  0.175790E+02  0.146773E+02  0.000000E+00  0.000000E+00  0.309873E-05  0.170013E+02
  0.159862E+02  0.172635E+02  0.144137E+02  0.000000E+00  0.000000E+00  0.320303E-05  0.166961E+02
  0.161469E+02  0.169536E+02  0.141548E+02  0.000000E+00  0.000000E+00  0.283681E-05  0.163964E+02
  0.163092E+02  0.166492E+02  0.139005E+02  0.000000E+00  0.000000E+00  0.231506E-05  0.161019E+02
  0.164731E+02  0.163502E+02  0.136506E+02  0.000000E+00  0.000000E+00  0.270604E-05  0.158127E+02
  0.166386E+02  0.160565E+02  0.134053E+02  0.000000E+00  0.000000E+00  0.274219E-05  0.155286E+02
  0.168059E+02  0.157680E+02  0.131642E+02  0.000000E+00  0.000000E+00  0.232308E-05  0.152496E+02
  0.169748E+02  0.154847E+02  0.129275E+02  0.000000E+00  0.000000E+00  0.244209E-05  0.149756E+02
  0.171454E+02  0.152064E+02  0.126950E+02  0.000000E+00  0.000000E+00  0.239149E-05  0.147064E+02
  0.173177E+02  0.149330E+02  0.124666E+02  0.000000E+00  0.000000E+00  0.194440E-05  0.144420E+02
  0.174917E+02  0.146646E+02  0.122423E+02  0.000000E+00  0.000000E+00  0.236144E-05  0.141823E+02
  0.176675E+02  0.144009E+02  0.120220E+02  0.000000E+00  0.000000E+00  0.225600E-05  0.139273E+02
  0.178451E+02  0.141419E+02  0.118056E+02  0.000000E+00  0.000000E+00  0.216089E-05  0.136768E+02
  0.180244E+02  0.138875E+02  0.115930E+02  0.000000E+00  0.000000E+00  0.164817E-05  0.134307E+02
  0.182056E+02  0.136376E+02  0.113843E+02  0.000000E+00  0.000000E+00  0.156637E-05  0.131890E+02
  0.183885E+02  0.133922E+02  0.111792E+02  0.000000E+00  0.000000E+00  0.134654E-05  0.129517E+02
  0.185734E+02  0.131512E+02  0.109779E+02  0.000000E+00  0.000000E+00  0.133739E-05  0.127186E+02
  0.187600E+02  0.129144E+02  0.107800E+02  0.000000E+00  0.000000E+00  0.177209E-05  0.124896E+02
  0.189486E+02  0.126819E+02  0.105858E+02  0.000000E+00  0.000000E+00  0.153001E-05  0.122647E+02
  0.191390E+02  0.124536E+02  0.103950E+02  0.000000E+00  0.000000E+00  0.161799E-05  0.120438E+02
  0.193313E+02  0.122292E+02  0.102076E+02  0.000000E+00  0.000000E+00  0.154741E-05  0.118268E+02
  0.195256E+02  0.120089E+02  0.100235E+02  0.000000E+00  0.000000E+00  0.169920E-05  0.116137E+02
  0.197219E+02  0.117926E+02  0.984270E+01  0.000000E+00  0.000000E+00  0.134891E-05  0.114045E+02
  0.199201E+02  0.115801E+02  0.966515E+01  0.000000E+00  0.000000E+00  0.113045E-05  0.111989E+02
  0.201203E+02  0.113714E+02  0.949076E+01  0.000000E+00  0.000000E+00  0.985073E-06  0.109971E+02
  0.203225E+02  0.111664E+02  0.931949E+01  0.000000E+00  0.000000E+00  0.109462E-05  0.107988E+02
  0.205267E+02  0.109650E+02  0.915127E+01  0.000000E+00  0.000000E+00  0.116470E-05  0.106040E+02
  0.207330E+02  0.107673E+02  0.898606E+01  0.000000E+00  0.000000E+00  0.998417E-06  0.104128E+02
  0.209414E+02  0.105731E+02  0.882380E+01  0.000000E+00  0.000000E+00  0.120847E-05  0.102250E+02
  0.211519E+02  0.103824E+02  0.866443E+01  0.000000E+00  0.000000E+00  0.107456E-05  0.100405E+02
  0.213644E+02  0.101951E+02  0.850791E+01  0.000000E+00  0.000000E+00  0.114759E-05  0.985928E+01
  0.215791E+02  0.100111E+02  0.835420E+01  0.000000E+00  0.000000E+00  0.963181E-06  0.968135E+01
  0.217960E+02  0.983041E+01  0.820323E+01  0.000000E+00  0.000000E+00  0.109109E-05  0.950659E+01
  0.220151E+02  0.965295E+01  0.805496E+01  0.000000E+00  0.000000E+00  0.863009E-06  0.933494E+01
  0.222363E+02  0.947867E+01  0.790933E+01  0.000000E+00  0.000000E+00  0.964339E-06  0.916637E+01
  0.224598E+02  0.930750E+01  0.776632E+01  0.000000E+00  0.000000E+00  0.910670E-06  0.900081E+01
  0.226855E+02  0.913941E+01  0.762587E+01  0.000000E+00  0.000000E+00  0.791572E-06  0.883823E+01
  0.229135E+02  0.897432E+01  0.748792E+01  0.000000E+00  0.000000E+00  0.766328E-06  0.867854E+01
  0.231438E+02  0.881218E+01  0.735244E+01  0.000000E+00  0.000000E+00  0.782843E-06  0.852172E+01
  0.233764E+02  0.865295E+01  0.721939E+01  0.000000E+00  0.000000E+00  0.795610E-06  0.836770E+01
  0.236113E+02  0.849658E+01  0.708874E+01  0.000000E+00  0.000000E+00  0.701540E-06  0.821645E+01
  0.238487E+02  0.834300E+01  0.696041E+01  0.000000E+00  0.000000E+00  0.588942E-06  0.806790E+01
  0.240883E+02  0.819216E+01  0.683437E+01  0.000000E+00  0.000000E+00  0.546115E-06  0.792201E+01
  0.243304E+02  0.804403E+01  0.671060E+01  0.000000E+00  0.000000E+00  0.577881E-06  0.777873E+01
  0.245749E+02  0.789857E+01  0.658905E+01  0.000000E+00  0.000000E+00  0.586840E-06  0.763803E+01
  0.248219E+02  0.775571E+01  0.646968E+01  0.000000E+00  0.000000E+00  0.473631E-06  0.749985E+01
  0.250714E+02  0.761540E+01  0.635244E+01  0.000000E+00  0.000000E+00  0.612690E-06  0.736414E+01
  0.253234E+02  0.747761E+01  0.623731E+01  0.000000E+00  0.000000E+00  0.576976E-06  0.723086E+01
  0.255779E+02  0.734230E+01  0.612424E+01  0.000000E+00  0.000000E+00  0.486218E-06  0.709999E+01
  0.258349E+02  0.720941E+01  0.601320E+01  0.000000E+00  0.000000E+00  0.483150E-06  0.697145E+01
  0.260946E+02  0.707890E+01  0.590415E+01  0.000000E+00  0.000000E+00  0.431208E-06  0.684521E+01
  0.263568E+02  0.695074E+01  0.579705E+01  0.000000E+00  0.000000E+00  0.457045E-06  0.672124E+01
  0.266217E+02  0.682489E+01  0.569189E+01  0.000000E+00  0.000000E+00  0.459544E-06  0.659951E+01
  0.268893E+02  0.670128E+01  0.558861E+01  0.000000E+00  0.000000E+00  0.357740E-06  0.647996E+01
  0.271595E+02  0.657989E+01  0.548717E+01  0.000000E+00  0.000000E+00  0.404743E-06  0.636255E+01
  0.274325E+02  0.646069E+01  0.538756E+01  0.000000E+00  0.000000E+00  0.316313E-06  0.624724E+01
  0.277082E+02  0.634363E+01  0.528975E+01  0.000000E+00  0.000000E+00  0.394280E-06  0.613402E+01
  0.279866E+02  0.622867E+01  0.519369E+01  0.000000E+00  0.000000E+00  0.402605E-06  0.602283E+01
  0.282679E+02  0.611577E+01  0.509935E+01  0.000000E+00  0.000000E+00  0.323972E-06  0.591363E+01
  0.285520E+02  0.600491E+01  0.500670E+01  0.000000E+00  0.000000E+00  0.308774E-06  0.580639E+01
  0.288390E+02  0.589603E+01  0.491573E+01  0.000000E+00  0.000000E+00  0.351223E-06  0.570108E+01
  0.291288E+02  0.578912E+01  0.482639E+01  0.000000E+00  0.000000E+00  0.363678E-06  0.559767E+01
  0.294216E+02  0.568413E+01  0.473865E+01  0.000000E+00  0.000000E+00  0.286192E-06  0.549612E+01
  0.297173E+02  0.558102E+01  0.465249E+01  0.000000E+00  0.000000E+00  0.246966E-06  0.539639E+01
  0.300159E+02  0.547977E+01  0.456788E+01  0.000000E+00  0.000000E+00  0.294828E-06  0.529845E+01
  0.303176E+02  0.538035E+01  0.448480E+01  0.000000E+00  0.000000E+00  0.249326E-06  0.520228E+01
  0.306223E+02  0.528271E+01  0.440321E+01  0.000000E+00  0.000000E+00  0.195272E-06  0.510784E+01
  0.309300E+02  0.518682E+01  0.432308E+01  0.000000E+00  0.000000E+00  0.198282E-06  0.501509E+01
  0.312409E+02  0.509266E+01  0.424440E+01  0.000000E+00  0.000000E+00  0.302154E-06  0.492402E+01
  0.315549E+02  0.500021E+01  0.416714E+01  0.000000E+00  0.000000E+00  0.224416E-06  0.483459E+01
  0.318720E+02  0.490941E+01  0.409126E+01  0.000000E+00  0.000000E+00  0.262654E-06  0.474677E+01
  0.321923E+02  0.482025E+01  0.401675E+01  0.000000E+00  0.000000E+00  0.186338E-06  0.466053E+01
  0.325159E+02  0.473269E+01  0.394359E+01  0.000000E+00  0.000000E+00  0.243344E-06  0.457584E+01
  0.328426E+02  0.464672E+01  0.387174E+01  0.000000E+00  0.000000E+00  0.225356E-06  0.449268E+01
  0.331727E+02  0.456229E+01  0.380118E+01  0.000000E+00  0.000000E+00  0.133109E-06  0.441101E+01
  0.335061E+02  0.447938E+01  0.373190E+01  0.000000E+00  0.000000E+00  0.166116E-06  0.433082E+01
  0.338429E+02  0.439797E+01  0.366386E+01  0.000000E+00  0.000000E+00  0.165163E-06  0.425207E+01
  0.341830E+02  0.431803E+01  0.359706E+01  0.000000E+00  0.000000E+00  0.138724E-06  0.417475E+01
  0.345265E+02  0.423952E+01  0.353146E+01  0.000000E+00  0.000000E+00  0.186032E-06  0.409881E+01
  0.348735E+02  0.416244E+01  0.346703E+01  0.000000E+00  0.000000E+00  0.145231E-06  0.402425E+01
  0.352240E+02  0.408674E+01  0.340377E+01  0.000000E+00  0.000000E+00  0.136401E-06  0.395103E+01
  0.355780E+02  0.401241E+01  0.334166E+01  0.000000E+00  0.000000E+00  0.137103E-06  0.387914E+01
  0.359356E+02  0.393942E+01  0.328066E+01  0.000000E+00  0.000000E+00  0.150614E-06  0.380854E+01
  0.362967E+02  0.386775E+01  0.322076E+01  0.000000E+00  0.000000E+00  0.132280E-06  0.373921E+01
  0.366615E+02  0.379737E+01  0.316194E+01  0.000000E+00  0.000000E+00  0.153225E-06  0.367113E+01
  0.370300E+02  0.372826E+01  0.310418E+01  0.000000E+00  0.000000E+00  0.142766E-06  0.360428E+01
  0.374021E+02  0.366040E+01  0.304748E+01  0.000000E+00  0.000000E+00  0.101517E-06  0.353865E+01
  0.377780E+02  0.359377E+01  0.299179E+01  0.000000E+00  0.000000E+00  0.914380E-07  0.347419E+01
  0.381577E+02  0.352833E+01  0.293710E+01  0.000000E+00  0.000000E+00  0.896644E-07  0.341090E+01
  0.385412E+02  0.346408E+01  0.288340E+01  0.000000E+00  0.000000E+00  0.104528E-06  0.334875E+01
  0.389285E+02  0.340100E+01  0.283068E+01  0.000000E+00  0.000000E+00  0.100757E-06  0.328774E+01
  0.393198E+02  0.333905E+01  0.277891E+01  0.000000E+00  0.000000E+00  0.727387E-07  0.322781E+01
  0.397150E+02  0.327822E+01  0.272807E+01  0.000000E+00  0.000000E+00  0.105356E-06  0.316897E+01
  0.401141E+02  0.321849E+01  0.267815E+01  0.000000E+00  0.000000E+00  0.830539E-07  0.311120E+01
  0.405172E+02  0.315984E+01  0.262913E+01  0.000000E+00  0.000000E+00  0.823484E-07  0.305447E+01
  0.409244E+02  0.310225E+01  0.258100E+01  0.000000E+00  0.000000E+00  0.612140E-07  0.299877E+01
  0.413358E+02  0.304571E+01  0.253374E+01  0.000000E+00  0.000000E+00  0.103193E-06  0.294407E+01
  0.417512E+02  0.299018E+01  0.248733E+01  0.000000E+00  0.000000E+00  0.673908E-07  0.289036E+01
  0.421708E+02  0.293566E+01  0.244177E+01  0.000000E+00  0.000000E+00  0.696396E-07  0.283763E+01
  0.425946E+02  0.288213E+01  0.239703E+01  0.000000E+00  0.000000E+00  0.355579E-07  0.278585E+01
  0.430227E+02  0.282956E+01  0.235309E+01  0.000000E+00  0.000000E+00  0.571549E-07  0.273500E+01
  0.434551E+02  0.277795E+01  0.230995E+01  0.000000E+00  0.000000E+00  0.612655E-07  0.268508E+01
  0.438918E+02  0.272727E+01  0.226760E+01  0.000000E+00  0.000000E+00  0.626037E-07  0.263606E+01
  0.443329E+02  0.267751E+01  0.222600E+01  0.000000E+00  0.000000E+00  0.393410E-07  0.258792E+01
  0.447785E+02  0.262865E+01  0.218516E+01  0.000000E+00  0.000000E+00  0.621566E-07  0.254066E+01
  0.452285E+02  0.258068E+01  0.214506E+01  0.000000E+00  0.000000E+00  0.708742E-07  0.249425E+01
  0.456831E+02  0.253357E+01  0.210569E+01  0.000000E+00  0.000000E+00  0.572241E-07  0.244869E+01
  0.461422E+02  0.248732E+01  0.206703E+01  0.000000E+00  0.000000E+00  0.394236E-07  0.240395E+01
  0.466059E+02  0.244190E+01  0.202907E+01  0.000000E+00  0.000000E+00  0.640051E-07  0.236002E+01
  0.470743E+02  0.239731E+01  0.199180E+01  0.000000E+00  0.000000E+00  0.622825E-07  0.231689E+01
  0.475475E+02  0.235353E+01  0.195520E+01  0.000000E+00  0.000000E+00  0.320453E-07  0.227454E+01
  0.480253E+02  0.231054E+01  0.191927E+01  0.000000E+00  0.000000E+00  0.531985E-07  0.223296E+01
  0.485080E+02  0.226833E+01  0.188399E+01  0.000000E+00  0.000000E+00  0.269451E-07  0.219213E+01
  0.489955E+02  0.222688E+01  0.184934E+01  0.000000E+00  0.000000E+00  0.472030E-07  0.215204E+01
  0.494879E+02  0.218619E+01  0.181533E+01  0.000000E+00  0.000000E+00  0.382840E-07  0.211267E+01
  0.499852E+02  0.214624E+01  0.178193E+01  0.000000E+00  0.000000E+00  0.377085E-07  0.207403E+01
  0.504876E+02  0.210701E+01  0.174914E+01  0.000000E+00  0.000000E+00  0.352003E-07  0.203608E+01
  0.509950E+02  0.206849E+01  0.171694E+01  0.000000E+00  0.000000E+00  0.159931E-07  0.199882E+01
  0.515075E+02  0.203067E+01  0.168532E+01  0.000000E+00  0.000000E+00  0.260136E-07  0.196224E+01
  0.520252E+02  0.199354E+01  0.165429E+01  0.000000E+00  0.000000E+00  0.278093E-07  0.192632E+01
  0.525480E+02  0.195708E+01  0.162381E+01  0.000000E+00  0.000000E+00  0.206980E-07  0.189105E+01
  0.530762E+02  0.192128E+01  0.159388E+01  0.000000E+00  0.000000E+00  0.281111E-07  0.185643E+01
  0.536096E+02  0.188613E+01  0.156450E+01  0.000000E+00  0.000000E+00  0.306082E-07  0.182243E+01
  0.541483E+02  0.185163E+01  0.153566E+01  0.000000E+00  0.000000E+00  0.228538E-07  0.178905E+01
  0.546926E+02  0.181774E+01  0.150733E+01  0.000000E+00  0.000000E+00  0.334985E-07  0.175627E+01
  0.552422E+02  0.178448E+01  0.147952E+01  0.000000E+00  0.000000E+00  0.268723E-07  0.172409E+01
  0.557974E+02  0.175181E+01  0.145222E+01  0.000000E+00  0.000000E+00  0.238876E-07  0.169250E+01
  0.563582E+02  0.171975E+01  0.142541E+01  0.000000E+00  0.000000E+00  0.255616E-07  0.166148E+01
  0.569246E+02  0.168826E+01  0.139908E+01  0.000000E+00  0.000000E+00  0.282487E-07  0.163102E+01
  0.574967E+02  0.165735E+01  0.137324E+01  0.000000E+00  0.000000E+00  0.268031E-07  0.160112E+01
  0.580746E+02  0.162700E+01  0.134787E+01  0.000000E+00  0.000000E+00  0.165922E-07  0.157176E+01
  0.586582E+02  0.159720E+01  0.132295E+01  0.000000E+00  0.000000E+00  0.180386E-07  0.154294E+01
  0.592477E+02  0.156794E+01  0.129849E+01  0.000000E+00  0.000000E+00  0.257555E-07  0.151464E+01
  0.598432E+02  0.153922E+01  0.127448E+01  0.000000E+00  0.000000E+00  0.162624E-07  0.148685E+01
  0.604446E+02  0.151101E+01  0.125090E+01  0.000000E+00  0.000000E+00  0.228863E-07  0.145957E+01
  0.610521E+02  0.148332E+01  0.122775E+01  0.000000E+00  0.000000E+00  0.245482E-07  0.143278E+01
  0.616657E+02  0.145614E+01  0.120502E+01  0.000000E+00  0.000000E+00  0.225527E-07  0.140648E+01
  0.622854E+02  0.142945E+01  0.118270E+01  0.000000E+00  0.000000E+00  0.888815E-08  0.138067E+01
  0.629114E+02  0.140324E+01  0.116079E+01  0.000000E+00  0.000000E+00  0.194518E-07  0.135532E+01
  0.635437E+02  0.137751E+01  0.113928E+01  0.000000E+00  0.000000E+00  0.177664E-07  0.133043E+01
  0.641823E+02  0.135225E+01  0.111816E+01  0.000000E+00  0.000000E+00  0.142053E-07  0.130599E+01
  0.648274E+02  0.132745E+01  0.109742E+01  0.000000E+00  0.000000E+00  0.119732E-07  0.128200E+01
  0.654789E+02  0.130310E+01  0.107706E+01  0.000000E+00  0.000000E+00  0.172509E-07  0.125845E+01
  0.661370E+02  0.127920E+01  0.105707E+01  0.000000E+00  0.000000E+00  0.643190E-08  0.123532E+01
  0.668016E+02  0.125573E+01  0.103745E+01  0.000000E+00  0.000000E+00  0.798769E-08  0.121262E+01
  0.674730E+02  0.123269E+01  0.101818E+01  0.000000E+00  0.000000E+00  0.112456E-07  0.119033E+01
  0.681511E+02  0.121006E+01  0.999264E+00  0.000000E+00  0.000000E+00  0.123069E-07  0.116845E+01
  0.688361E+02  0.118785E+01  0.980692E+00  0.000000E+00  0.000000E+00  0.139205E-07  0.114696E+01
  0.695279E+02  0.116605E+01  0.962459E+00  0.000000E+00  0.000000E+00  0.505784E-08  0.112587E+01
  0.702266E+02  0.114464E+01  0.944557E+00  0.000000E+00  0.000000E+00  0.388922E-08  0.110516E+01
  0.709324E+02  0.112362E+01  0.926981E+00  0.000000E+00  0.000000E+00  0.589425E-08  0.108483E+01
  0.716453E+02  0.110299E+01  0.909725E+00  0.000000E+00  0.000000E+00  0.948963E-08  0.106487E+01
  0.723653E+02  0.108273E+01  0.892785E+00  0.000000E+00  0.000000E+00  0.115885E-07  0.104527E+01
  0.730926E+02  0.106284E+01  0.876152E+00  0.000000E+00  0.000000E+00  0.652602E-08  0.102603E+01
  0.738272E+02  0.104331E+01  0.859823E+00  0.000000E+00  0.000000E+00  0.559558E-08  0.100714E+01
  0.745692E+02  0.102414E+01  0.843791E+00  0.000000E+00  0.000000E+00  0.356650E-08  0.988599E+00
  0.753186E+02  0.100533E+01  0.828052E+00  0.000000E+00  0.000000E+00  0.590665E-08  0.970394E+00
  0.760756E+02  0.986849E+00  0.812600E+00  0.000000E+00  0.000000E+00  0.111543E-07  0.952520E+00
  0.768402E+02  0.968709E+00  0.797429E+00  0.000000E+00  0.000000E+00  0.919238E-08  0.934973E+00
  0.776125E+02  0.950900E+00  0.782534E+00  0.000000E+00  0.000000E+00  0.765146E-08  0.917745E+00
  0.783925E+02  0.933417E+00  0.767911E+00  0.000000E+00  0.000000E+00  0.488588E-08  0.900832E+00
  0.791803E+02  0.916254E+00  0.753557E+00  0.000000E+00  0.000000E+00  0.179270E-08  0.884229E+00
  0.799761E+02  0.899403E+00  0.739463E+00  0.000000E+00  0.000000E+00  0.843969E-08  0.867927E+00
  0.807799E+02  0.882859E+00  0.725626E+00  0.000000E+00  0.000000E+00  0.432405E-08  0.851923E+00
  0.815918E+02  0.866618E+00  0.712041E+00  0.000000E+00  0.000000E+00  0.837717E-08  0.836212E+00
  0.824117E+02  0.850675E+00  0.698706E+00  0.000000E+00  0.000000E+00  0.319289E-08  0.820789E+00
  0.832400E+02  0.835022E+00  0.685613E+00  0.000000E+00  0.000000E+00  0.412614E-08  0.805646E+00
  0.840766E+02  0.819654E+00  0.672759E+00  0.000000E+00  0.000000E+00  0.462950E-08  0.790780E+00
  0.849216E+02  0.804568E+00  0.660140E+00  0.000000E+00  0.000000E+00  0.522185E-08  0.776185E+00
  0.857750E+02  0.789759E+00  0.647752E+00  0.000000E+00  0.000000E+00  0.277787E-08  0.761859E+00
  0.866371E+02  0.775218E+00  0.635589E+00  0.000000E+00  0.000000E+00  0.459620E-08  0.747793E+00
  0.875078E+02  0.760944E+00  0.623648E+00  0.000000E+00  0.000000E+00  0.168271E-08  0.733984E+00
  0.883873E+02  0.746931E+00  0.611926E+00  0.000000E+00  0.000000E+00  0.396198E-08  0.720427E+00
  0.892756E+02  0.733174E+00  0.600417E+00  0.000000E+00  0.000000E+00  0.229752E-08  0.707118E+00
  0.901729E+02  0.719668E+00  0.589119E+00  0.000000E+00  0.000000E+00  0.291444E-08  0.694053E+00
  0.910790E+02  0.706412E+00  0.578029E+00  0.000000E+00  0.000000E+00  0.166861E-08  0.681229E+00
  0.919943E+02  0.693396E+00  0.567140E+00  0.000000E+00  0.000000E+00  0.374809E-08  0.668637E+00
  0.929189E+02  0.680618E+00  0.556450E+00  0.000000E+00  0.000000E+00  0.267261E-08  0.656276E+00
  0.938528E+02  0.668074E+00  0.545956E+00  0.000000E+00  0.000000E+00  0.160836E-08  0.644140E+00
  0.947961E+02  0.655759E+00  0.535653E+00  0.000000E+00  0.000000E+00  0.182640E-08  0.632227E+00
  0.957488E+02  0.643670E+00  0.525538E+00  0.000000E+00  0.000000E+00  0.240852E-08  0.620531E+00
  0.967111E+02  0.631802E+00  0.515609E+00  0.000000E+00  0.000000E+00  0.287414E-08  0.609050E+00
  0.976831E+02  0.620151E+00  0.505861E+00  0.000000E+00  0.000000E+00  0.399659E-08  0.597779E+00
  0.986647E+02  0.608716E+00  0.496293E+00  0.000000E+00  0.000000E+00  0.299162E-08  0.586716E+00
  0.996563E+02  0.597488E+00  0.486899E+00  0.000000E+00  0.000000E+00  0.939148E-09  0.575853E+00
  0.100658E+03  0.586465E+00  0.477676E+00  0.000000E+00  0.000000E+00  0.170858E-08  0.565190E+00
