  0.994668E-05  0.125128E+07  0.125128E+07  0.166833E+07  0.166833E+07  0.126903E+07  0.125137E+07
  0.109829E-04  0.125128E+07  0.125128E+07  0.166832E+07  0.166832E+07  0.126903E+07  0.125137E+07
  0.121270E-04  0.125128E+07  0.125128E+07  0.166831E+07  0.166831E+07  0.126902E+07  0.125137E+07
  0.133904E-04  0.125128E+07  0.125128E+07  0.166830E+07  0.166829E+07  0.126902E+07  0.125137E+07
  0.147854E-04  0.125128E+07  0.125128E+07  0.166828E+07  0.166828E+07  0.126902E+07  0.125137E+07
  0.163257E-04  0.125128E+07  0.125128E+07  0.166826E+07  0.166825E+07  0.126901E+07  0.125137E+07
  0.180264E-04  0.125128E+07  0.125128E+07  0.166823E+07  0.166822E+07  0.126901E+07  0.125137E+07
  0.199043E-04  0.125128E+07  0.125128E+07  0.166819E+07  0.166819E+07  0.126900E+07  0.125137E+07
  0.219779E-04  0.125128E+07  0.125128E+07  0.166815E+07  0.166815E+07  0.126899E+07  0.125137E+07
  0.242675E-04  0.125128E+07  0.125128E+07  0.166810E+07  0.166810E+07  0.126898E+07  0.125137E+07
  0.267956E-04  0.125128E+07  0.125128E+07  0.166804E+07  0.166804E+07  0.126897E+07  0.125136E+07
  0.295871E-04  0.125128E+07  0.125128E+07  0.166797E+07  0.166796E+07  0.126896E+07  0.125136E+07
  0.326693E-04  0.125128E+07  0.125128E+07  0.166788E+07  0.166787E+07  0.126894E+07  0.125136E+07
  0.360727E-04  0.125127E+07  0.125127E+07  0.166777E+07  0.166776E+07  0.126892E+07  0.125136E+07
  0.398307E-04  0.125127E+07  0.125127E+07  0.166764E+07  0.166762E+07  0.126889E+07  0.125136E+07
  0.439801E-04  0.125127E+07  0.125127E+07  0.166748E+07  0.166746E+07  0.126886E+07  0.125135E+07
  0.485618E-04  0.125127E+07  0.125127E+07  0.166728E+07  0.166725E+07  0.126882E+07  0.125135E+07
  0.536208E-04  0.125126E+07  0.125126E+07  0.166704E+07  0.166701E+07  0.126877E+07  0.125135E+07
  0.592068E-04  0.125126E+07  0.125126E+07  0.166674E+07  0.166671E+07  0.126872E+07  0.125134E+07
  0.653748E-04  0.125125E+07  0.125125E+07  0.166638E+07  0.166634E+07  0.126865E+07  0.125134E+07
  0.721853E-04  0.125124E+07  0.125124E+07  0.166595E+07  0.166589E+07  0.126856E+07  0.125133E+07
  0.797053E-04  0.125124E+07  0.125123E+07  0.166542E+07  0.166535E+07  0.126846E+07  0.125132E+07
  0.880087E-04  0.125122E+07  0.125122E+07  0.166477E+07  0.166468E+07  0.126833E+07  0.125131E+07
  0.971772E-04  0.125121E+07  0.125121E+07  0.166398E+07  0.166387E+07  0.126818E+07  0.125129E+07
  0.107301E-03  0.125119E+07  0.125119E+07  0.166301E+07  0.166289E+07  0.126799E+07  0.125128E+07
  0.118479E-03  0.125118E+07  0.125117E+07  0.166184E+07  0.166168E+07  0.126776E+07  0.125126E+07
  0.130822E-03  0.125115E+07  0.125115E+07  0.166040E+07  0.166022E+07  0.126748E+07  0.125123E+07
  0.144450E-03  0.125112E+07  0.125112E+07  0.165866E+07  0.165844E+07  0.126713E+07  0.125120E+07
  0.159499E-03  0.125109E+07  0.125108E+07  0.165654E+07  0.165626E+07  0.126672E+07  0.125116E+07
  0.176115E-03  0.125104E+07  0.125104E+07  0.165395E+07  0.165362E+07  0.126621E+07  0.125112E+07
  0.194462E-03  0.125099E+07  0.125099E+07  0.165081E+07  0.165040E+07  0.126559E+07  0.125106E+07
  0.214720E-03  0.125092E+07  0.125092E+07  0.164698E+07  0.164648E+07  0.126484E+07  0.125099E+07
  0.237089E-03  0.125085E+07  0.125084E+07  0.164232E+07  0.164172E+07  0.126392E+07  0.125091E+07
  0.261788E-03  0.125075E+07  0.125074E+07  0.163665E+07  0.163592E+07  0.126280E+07  0.125081E+07
  0.289060E-03  0.125063E+07  0.125062E+07  0.162977E+07  0.162889E+07  0.126144E+07  0.125068E+07
  0.319173E-03  0.125049E+07  0.125048E+07  0.162142E+07  0.162035E+07  0.125978E+07  0.125053E+07
  0.352424E-03  0.125032E+07  0.125030E+07  0.161129E+07  0.160999E+07  0.125777E+07  0.125035E+07
  0.389138E-03  0.125011E+07  0.125009E+07  0.159902E+07  0.159745E+07  0.125532E+07  0.125013E+07
  0.429677E-03  0.124985E+07  0.124983E+07  0.158417E+07  0.158228E+07  0.125235E+07  0.124986E+07
  0.474439E-03  0.124954E+07  0.124951E+07  0.156624E+07  0.156396E+07  0.124873E+07  0.124953E+07
  0.523865E-03  0.124916E+07  0.124913E+07  0.154463E+07  0.154190E+07  0.124435E+07  0.124913E+07
  0.578439E-03  0.124869E+07  0.124866E+07  0.151865E+07  0.151539E+07  0.123904E+07  0.124864E+07
  0.638699E-03  0.124813E+07  0.124809E+07  0.148752E+07  0.148364E+07  0.123262E+07  0.124805E+07
  0.705236E-03  0.124745E+07  0.124739E+07  0.145036E+07  0.144578E+07  0.122486E+07  0.124733E+07
  0.778705E-03  0.124662E+07  0.124656E+07  0.140620E+07  0.140083E+07  0.121550E+07  0.124646E+07
  0.859828E-03  0.124562E+07  0.124554E+07  0.135404E+07  0.134780E+07  0.120425E+07  0.124541E+07
  0.949402E-03  0.124441E+07  0.124431E+07  0.129287E+07  0.128570E+07  0.119075E+07  0.124414E+07
  0.104831E-02  0.124295E+07  0.124282E+07  0.122175E+07  0.121361E+07  0.117463E+07  0.124260E+07
  0.115752E-02  0.124119E+07  0.124103E+07  0.113995E+07  0.113090E+07  0.115546E+07  0.124075E+07
  0.127810E-02  0.123907E+07  0.123888E+07  0.104715E+07  0.103729E+07  0.113279E+07  0.123852E+07
  0.141125E-02  0.123653E+07  0.123630E+07  0.943601E+06  0.933175E+06  0.110613E+07  0.123586E+07
  0.155827E-02  0.123349E+07  0.123321E+07  0.830480E+06  0.819882E+06  0.107506E+07  0.123268E+07
  0.172061E-02  0.122987E+07  0.122954E+07  0.710146E+06  0.699935E+06  0.103919E+07  0.122889E+07
  0.189985E-02  0.122559E+07  0.122518E+07  0.586406E+06  0.577305E+06  0.998264E+06  0.122442E+07
  0.209777E-02  0.122054E+07  0.122004E+07  0.464621E+06  0.457446E+06  0.952224E+06  0.121916E+07
  0.231631E-02  0.121463E+07  0.121402E+07  0.351466E+06  0.346991E+06  0.901316E+06  0.121302E+07
  0.255762E-02  0.120776E+07  0.120702E+07  0.254179E+06  0.252901E+06  0.846169E+06  0.120588E+07
  0.282406E-02  0.119982E+07  0.119892E+07  0.179123E+06  0.180963E+06  0.787867E+06  0.119767E+07
  0.311826E-02  0.119072E+07  0.118963E+07  0.129738E+06  0.133786E+06  0.727954E+06  0.118830E+07
  0.344311E-02  0.118038E+07  0.117906E+07  0.104436E+06  0.108945E+06  0.668338E+06  0.117768E+07
  0.380180E-02  0.116872E+07  0.116712E+07  0.956209E+05  0.984883E+05  0.611046E+06  0.116576E+07
  0.419786E-02  0.115568E+07  0.115373E+07  0.914268E+05  0.912626E+05  0.557839E+06  0.115246E+07
  0.463518E-02  0.114118E+07  0.113882E+07  0.810290E+05  0.783391E+05  0.509772E+06  0.113773E+07
  0.511806E-02  0.112514E+07  0.112229E+07  0.615780E+05  0.589119E+05  0.466863E+06  0.112148E+07
  0.565124E-02  0.110753E+07  0.110409E+07  0.409103E+05  0.408792E+05  0.430627E+06  0.110368E+07
  0.623997E-02  0.108820E+07  0.108406E+07  0.300300E+05  0.322270E+05  0.392863E+06  0.108415E+07
  0.689002E-02  0.106712E+07  0.106213E+07  0.293610E+05  0.000000E+00  0.355687E+06  0.106284E+07
  0.760780E-02  0.104419E+07  0.103819E+07  0.269450E+05  0.000000E+00  0.317661E+06  0.103967E+07
  0.840036E-02  0.101935E+07  0.101217E+07  0.177559E+05  0.000000E+00  0.281019E+06  0.101458E+07
  0.927548E-02  0.992531E+06  0.983945E+06  0.128355E+05  0.000000E+00  0.246138E+06  0.987486E+06
  0.102418E-01  0.963647E+06  0.953413E+06  0.134314E+05  0.000000E+00  0.214373E+06  0.958313E+06
  0.113087E-01  0.932632E+06  0.920478E+06  0.888459E+04  0.000000E+00  0.186906E+06  0.926994E+06
  0.124868E-01  0.899429E+06  0.885057E+06  0.706157E+04  0.000000E+00  0.161684E+06  0.893459E+06
  0.137877E-01  0.863984E+06  0.847079E+06  0.628136E+04  0.000000E+00  0.136831E+06  0.857642E+06
  0.152240E-01  0.826270E+06  0.806510E+06  0.415740E+04  0.000000E+00  0.115216E+06  0.819529E+06
  0.168100E-01  0.786297E+06  0.763375E+06  0.369420E+04  0.000000E+00  0.971176E+05  0.779133E+06
  0.185612E-01  0.744137E+06  0.717794E+06  0.287097E+04  0.000000E+00  0.802659E+05  0.736524E+06
  0.204948E-01  0.699948E+06  0.670015E+06  0.184233E+04  0.000000E+00  0.659766E+05  0.691880E+06
  0.226299E-01  0.654016E+06  0.620472E+06  0.165158E+04  0.000000E+00  0.536275E+05  0.645507E+06
  0.249874E-01  0.606794E+06  0.569835E+06  0.136244E+04  0.000000E+00  0.429859E+05  0.597891E+06
  0.275905E-01  0.558939E+06  0.519063E+06  0.103902E+04  0.000000E+00  0.341574E+05  0.549738E+06
  0.304648E-01  0.511343E+06  0.469415E+06  0.907884E+03  0.000000E+00  0.269414E+05  0.501994E+06
  0.336385E-01  0.465111E+06  0.422412E+06  0.661144E+03  0.000000E+00  0.209617E+05  0.455828E+06
  0.371429E-01  0.421487E+06  0.379689E+06  0.390175E+03  0.000000E+00  0.162321E+05  0.412543E+06
  0.410123E-01  0.381687E+06  0.342724E+06  0.257833E+03  0.000000E+00  0.125429E+05  0.373391E+06
  0.451135E-01  0.347749E+06  0.313319E+06  0.000000E+00  0.000000E+00  0.980026E+04  0.340361E+06
  0.492148E-01  0.321060E+06  0.291986E+06  0.000000E+00  0.000000E+00  0.785635E+04  0.314687E+06
  0.533160E-01  0.299438E+06  0.275764E+06  0.000000E+00  0.000000E+00  0.642026E+04  0.294065E+06
  0.574172E-01  0.281237E+06  0.262342E+06  0.000000E+00  0.000000E+00  0.533061E+04  0.276745E+06
  0.615185E-01  0.265233E+06  0.250033E+06  0.000000E+00  0.000000E+00  0.447208E+04  0.261432E+06
  0.656197E-01  0.250276E+06  0.237459E+06  0.000000E+00  0.000000E+00  0.377101E+04  0.246942E+06
  0.697209E-01  0.235625E+06  0.223895E+06  0.000000E+00  0.000000E+00  0.319145E+04  0.232541E+06
  0.738221E-01  0.221025E+06  0.209300E+06  0.000000E+00  0.000000E+00  0.269916E+04  0.218010E+06
  0.779234E-01  0.206625E+06  0.194174E+06  0.000000E+00  0.000000E+00  0.229061E+04  0.203556E+06
  0.820246E-01  0.192776E+06  0.179274E+06  0.000000E+00  0.000000E+00  0.194963E+04  0.189597E+06
  0.861258E-01  0.179829E+06  0.165338E+06  0.000000E+00  0.000000E+00  0.166237E+04  0.176546E+06
  0.912474E-01  0.165374E+06  0.150188E+06  0.000000E+00  0.000000E+00  0.137723E+04  0.162044E+06
  0.963690E-01  0.153226E+06  0.138232E+06  0.000000E+00  0.000000E+00  0.115407E+04  0.149985E+06
  0.101491E+00  0.143534E+06  0.129628E+06  0.000000E+00  0.000000E+00  0.981694E+03  0.140521E+06
  0.106612E+00  0.135984E+06  0.123810E+06  0.000000E+00  0.000000E+00  0.852515E+03  0.133296E+06
  0.111734E+00  0.129902E+06  0.119707E+06  0.000000E+00  0.000000E+00  0.748442E+03  0.127574E+06
  0.116855E+00  0.124555E+06  0.116174E+06  0.000000E+00  0.000000E+00  0.661336E+03  0.122555E+06
  0.121977E+00  0.119367E+06  0.112322E+06  0.000000E+00  0.000000E+00  0.585661E+03  0.117615E+06
  0.127098E+00  0.113996E+06  0.107662E+06  0.000000E+00  0.000000E+00  0.517614E+03  0.112389E+06
  0.132220E+00  0.108335E+06  0.102118E+06  0.000000E+00  0.000000E+00  0.455937E+03  0.106775E+06
  0.137342E+00  0.102480E+06  0.959552E+05  0.000000E+00  0.000000E+00  0.401785E+03  0.100896E+06
  0.142463E+00  0.966565E+05  0.896470E+05  0.000000E+00  0.000000E+00  0.353208E+03  0.950195E+05
  0.147585E+00  0.911609E+05  0.837326E+05  0.000000E+00  0.000000E+00  0.311580E+03  0.894803E+05
  0.152706E+00  0.862757E+05  0.786760E+05  0.000000E+00  0.000000E+00  0.276055E+03  0.845899E+05
  0.157828E+00  0.821610E+05  0.747194E+05  0.000000E+00  0.000000E+00  0.245882E+03  0.805214E+05
  0.162949E+00  0.787924E+05  0.718172E+05  0.000000E+00  0.000000E+00  0.221748E+03  0.772469E+05
  0.168071E+00  0.760132E+05  0.697106E+05  0.000000E+00  0.000000E+00  0.201730E+03  0.745934E+05
  0.173193E+00  0.736221E+05  0.680559E+05  0.000000E+00  0.000000E+00  0.184556E+03  0.723368E+05
  0.178314E+00  0.714144E+05  0.665084E+05  0.000000E+00  0.000000E+00  0.169512E+03  0.702500E+05
  0.183436E+00  0.691993E+05  0.647758E+05  0.000000E+00  0.000000E+00  0.155668E+03  0.681262E+05
  0.188557E+00  0.668506E+05  0.626880E+05  0.000000E+00  0.000000E+00  0.142794E+03  0.658324E+05
  0.193679E+00  0.643514E+05  0.602445E+05  0.000000E+00  0.000000E+00  0.130527E+03  0.633545E+05
  0.198800E+00  0.617748E+05  0.575812E+05  0.000000E+00  0.000000E+00  0.119055E+03  0.607758E+05
  0.203922E+00  0.592248E+05  0.548882E+05  0.000000E+00  0.000000E+00  0.108492E+03  0.582142E+05
  0.209044E+00  0.568037E+05  0.523517E+05  0.000000E+00  0.000000E+00  0.990362E+02  0.557855E+05
  0.214165E+00  0.545989E+05  0.501204E+05  0.000000E+00  0.000000E+00  0.906610E+02  0.535869E+05
  0.219287E+00  0.526642E+05  0.482755E+05  0.000000E+00  0.000000E+00  0.835700E+02  0.516766E+05
  0.224408E+00  0.510003E+05  0.468098E+05  0.000000E+00  0.000000E+00  0.774277E+02  0.500538E+05
  0.229530E+00  0.495589E+05  0.456395E+05  0.000000E+00  0.000000E+00  0.720873E+02  0.486646E+05
  0.234651E+00  0.482661E+05  0.446415E+05  0.000000E+00  0.000000E+00  0.672192E+02  0.474273E+05
  0.239773E+00  0.470437E+05  0.436886E+05  0.000000E+00  0.000000E+00  0.627893E+02  0.462558E+05
  0.244895E+00  0.458244E+05  0.426775E+05  0.000000E+00  0.000000E+00  0.586982E+02  0.450772E+05
  0.250016E+00  0.445672E+05  0.415509E+05  0.000000E+00  0.000000E+00  0.548815E+02  0.438478E+05
  0.255138E+00  0.432656E+05  0.403066E+05  0.000000E+00  0.000000E+00  0.512131E+02  0.425622E+05
  0.260259E+00  0.419413E+05  0.389869E+05  0.000000E+00  0.000000E+00  0.477009E+02  0.412450E+05
  0.265381E+00  0.406297E+05  0.376563E+05  0.000000E+00  0.000000E+00  0.444093E+02  0.399366E+05
  0.270502E+00  0.393691E+05  0.363824E+05  0.000000E+00  0.000000E+00  0.414372E+02  0.386798E+05
  0.275624E+00  0.381925E+05  0.352204E+05  0.000000E+00  0.000000E+00  0.387955E+02  0.375114E+05
  0.280746E+00  0.371200E+05  0.342013E+05  0.000000E+00  0.000000E+00  0.363868E+02  0.364529E+05
  0.285867E+00  0.361528E+05  0.333253E+05  0.000000E+00  0.000000E+00  0.341871E+02  0.355056E+05
  0.290989E+00  0.352759E+05  0.325664E+05  0.000000E+00  0.000000E+00  0.321603E+02  0.346527E+05
  0.296110E+00  0.344646E+05  0.318834E+05  0.000000E+00  0.000000E+00  0.303573E+02  0.338668E+05
  0.301232E+00  0.336918E+05  0.312323E+05  0.000000E+00  0.000000E+00  0.287315E+02  0.331180E+05
  0.306353E+00  0.329333E+05  0.305756E+05  0.000000E+00  0.000000E+00  0.272294E+02  0.323802E+05
  0.311475E+00  0.321727E+05  0.298903E+05  0.000000E+00  0.000000E+00  0.257461E+02  0.316358E+05
  0.316597E+00  0.314048E+05  0.291711E+05  0.000000E+00  0.000000E+00  0.243169E+02  0.308798E+05
  0.321718E+00  0.306349E+05  0.284294E+05  0.000000E+00  0.000000E+00  0.229445E+02  0.301183E+05
  0.326840E+00  0.298746E+05  0.276864E+05  0.000000E+00  0.000000E+00  0.216920E+02  0.293645E+05
  0.331961E+00  0.291373E+05  0.269656E+05  0.000000E+00  0.000000E+00  0.205193E+02  0.286336E+05
  0.337083E+00  0.284350E+05  0.262869E+05  0.000000E+00  0.000000E+00  0.194268E+02  0.279386E+05
  0.342204E+00  0.277747E+05  0.256624E+05  0.000000E+00  0.000000E+00  0.184085E+02  0.272875E+05
  0.347326E+00  0.271580E+05  0.250941E+05  0.000000E+00  0.000000E+00  0.174824E+02  0.266819E+05
  0.352448E+00  0.265809E+05  0.245751E+05  0.000000E+00  0.000000E+00  0.166299E+02  0.261173E+05
  0.357569E+00  0.260358E+05  0.240926E+05  0.000000E+00  0.000000E+00  0.158389E+02  0.255853E+05
  0.362691E+00  0.255136E+05  0.236318E+05  0.000000E+00  0.000000E+00  0.150717E+02  0.250758E+05
  0.367812E+00  0.250055E+05  0.231792E+05  0.000000E+00  0.000000E+00  0.143561E+02  0.245795E+05
  0.372934E+00  0.245049E+05  0.227250E+05  0.000000E+00  0.000000E+00  0.136928E+02  0.240891E+05
  0.378055E+00  0.240082E+05  0.222652E+05  0.000000E+00  0.000000E+00  0.130798E+02  0.236009E+05
  0.383177E+00  0.235159E+05  0.218016E+05  0.000000E+00  0.000000E+00  0.124825E+02  0.231157E+05
  0.388299E+00  0.230316E+05  0.213408E+05  0.000000E+00  0.000000E+00  0.118977E+02  0.226377E+05
  0.393420E+00  0.225598E+05  0.208908E+05  0.000000E+00  0.000000E+00  0.113368E+02  0.221719E+05
  0.398542E+00  0.221040E+05  0.204579E+05  0.000000E+00  0.000000E+00  0.108364E+02  0.217221E+05
  0.403663E+00  0.216665E+05  0.200464E+05  0.000000E+00  0.000000E+00  0.103699E+02  0.212911E+05
  0.408785E+00  0.212487E+05  0.196584E+05  0.000000E+00  0.000000E+00  0.992724E+01  0.208802E+05
  0.413906E+00  0.208503E+05  0.192932E+05  0.000000E+00  0.000000E+00  0.948495E+01  0.204893E+05
  0.419028E+00  0.204688E+05  0.189467E+05  0.000000E+00  0.000000E+00  0.907488E+01  0.201155E+05
  0.424150E+00  0.201008E+05  0.186136E+05  0.000000E+00  0.000000E+00  0.870456E+01  0.197551E+05
  0.429271E+00  0.197429E+05  0.182889E+05  0.000000E+00  0.000000E+00  0.837453E+01  0.194045E+05
  0.434393E+00  0.193932E+05  0.179694E+05  0.000000E+00  0.000000E+00  0.803934E+01  0.190615E+05
  0.439514E+00  0.190499E+05  0.176528E+05  0.000000E+00  0.000000E+00  0.770454E+01  0.187244E+05
  0.444636E+00  0.187123E+05  0.173387E+05  0.000000E+00  0.000000E+00  0.737227E+01  0.183923E+05
  0.449757E+00  0.183807E+05  0.170282E+05  0.000000E+00  0.000000E+00  0.707775E+01  0.180658E+05
  0.454879E+00  0.180565E+05  0.167236E+05  0.000000E+00  0.000000E+00  0.681166E+01  0.177465E+05
  0.460001E+00  0.177411E+05  0.164276E+05  0.000000E+00  0.000000E+00  0.655449E+01  0.174359E+05
  0.465122E+00  0.174356E+05  0.161419E+05  0.000000E+00  0.000000E+00  0.629769E+01  0.171351E+05
  0.470244E+00  0.171400E+05  0.158671E+05  0.000000E+00  0.000000E+00  0.604874E+01  0.168444E+05
  0.475365E+00  0.168541E+05  0.156029E+05  0.000000E+00  0.000000E+00  0.581980E+01  0.165636E+05
  0.480487E+00  0.165776E+05  0.153485E+05  0.000000E+00  0.000000E+00  0.560914E+01  0.162920E+05
  0.485608E+00  0.163095E+05  0.151027E+05  0.000000E+00  0.000000E+00  0.540393E+01  0.160290E+05
  0.490730E+00  0.160489E+05  0.148637E+05  0.000000E+00  0.000000E+00  0.520115E+01  0.157732E+05
  0.495852E+00  0.157943E+05  0.146298E+05  0.000000E+00  0.000000E+00  0.501505E+01  0.155233E+05
  0.500973E+00  0.155449E+05  0.143997E+05  0.000000E+00  0.000000E+00  0.484012E+01  0.152784E+05
  0.506095E+00  0.153004E+05  0.141733E+05  0.000000E+00  0.000000E+00  0.467923E+01  0.150381E+05
  0.511216E+00  0.150611E+05  0.139508E+05  0.000000E+00  0.000000E+00  0.451037E+01  0.148027E+05
  0.516338E+00  0.148269E+05  0.137327E+05  0.000000E+00  0.000000E+00  0.434631E+01  0.145723E+05
  0.521459E+00  0.145980E+05  0.135194E+05  0.000000E+00  0.000000E+00  0.419146E+01  0.143471E+05
  0.526581E+00  0.143746E+05  0.133114E+05  0.000000E+00  0.000000E+00  0.405535E+01  0.141274E+05
  0.531703E+00  0.141571E+05  0.131093E+05  0.000000E+00  0.000000E+00  0.392266E+01  0.139135E+05
  0.536824E+00  0.139455E+05  0.129133E+05  0.000000E+00  0.000000E+00  0.379081E+01  0.137056E+05
  0.541946E+00  0.137395E+05  0.127229E+05  0.000000E+00  0.000000E+00  0.365551E+01  0.135032E+05
  0.547067E+00  0.135386E+05  0.125375E+05  0.000000E+00  0.000000E+00  0.353531E+01  0.133059E+05
  0.549761E+00  0.134351E+05  0.124423E+05  0.000000E+00  0.000000E+00  0.347944E+01  0.132043E+05
  0.555286E+00  0.132265E+05  0.122498E+05  0.000000E+00  0.000000E+00  0.336067E+01  0.129993E+05
  0.560867E+00  0.130208E+05  0.120598E+05  0.000000E+00  0.000000E+00  0.324296E+01  0.127972E+05
  0.566504E+00  0.128176E+05  0.118720E+05  0.000000E+00  0.000000E+00  0.311998E+01  0.125976E+05
  0.572197E+00  0.126170E+05  0.116860E+05  0.000000E+00  0.000000E+00  0.300754E+01  0.124004E+05
  0.577947E+00  0.124189E+05  0.115022E+05  0.000000E+00  0.000000E+00  0.290764E+01  0.122057E+05
  0.583756E+00  0.122237E+05  0.113210E+05  0.000000E+00  0.000000E+00  0.281059E+01  0.120138E+05
  0.589623E+00  0.120315E+05  0.111425E+05  0.000000E+00  0.000000E+00  0.271211E+01  0.118247E+05
  0.595549E+00  0.118421E+05  0.109669E+05  0.000000E+00  0.000000E+00  0.261953E+01  0.116386E+05
  0.601534E+00  0.116558E+05  0.107944E+05  0.000000E+00  0.000000E+00  0.252691E+01  0.114555E+05
  0.607579E+00  0.114727E+05  0.106250E+05  0.000000E+00  0.000000E+00  0.243283E+01  0.112756E+05
  0.613686E+00  0.112925E+05  0.104584E+05  0.000000E+00  0.000000E+00  0.234967E+01  0.110985E+05
  0.619854E+00  0.111149E+05  0.102942E+05  0.000000E+00  0.000000E+00  0.227245E+01  0.109240E+05
  0.626083E+00  0.109399E+05  0.101322E+05  0.000000E+00  0.000000E+00  0.218788E+01  0.107520E+05
  0.632375E+00  0.107674E+05  0.997260E+04  0.000000E+00  0.000000E+00  0.210750E+01  0.105825E+05
  0.638731E+00  0.105974E+05  0.981508E+04  0.000000E+00  0.000000E+00  0.203466E+01  0.104154E+05
  0.645150E+00  0.104297E+05  0.965965E+04  0.000000E+00  0.000000E+00  0.196356E+01  0.102506E+05
  0.651634E+00  0.102645E+05  0.950655E+04  0.000000E+00  0.000000E+00  0.189711E+01  0.100882E+05
  0.658183E+00  0.101020E+05  0.935592E+04  0.000000E+00  0.000000E+00  0.182665E+01  0.992847E+04
  0.664798E+00  0.994189E+04  0.920763E+04  0.000000E+00  0.000000E+00  0.176383E+01  0.977112E+04
  0.671479E+00  0.978426E+04  0.906168E+04  0.000000E+00  0.000000E+00  0.170058E+01  0.961620E+04
  0.678228E+00  0.962916E+04  0.891814E+04  0.000000E+00  0.000000E+00  0.164646E+01  0.946379E+04
  0.685044E+00  0.947647E+04  0.877681E+04  0.000000E+00  0.000000E+00  0.158499E+01  0.931373E+04
  0.691929E+00  0.932592E+04  0.863744E+04  0.000000E+00  0.000000E+00  0.152954E+01  0.916578E+04
  0.698883E+00  0.917762E+04  0.850011E+04  0.000000E+00  0.000000E+00  0.147312E+01  0.902003E+04
  0.705907E+00  0.903163E+04  0.836488E+04  0.000000E+00  0.000000E+00  0.142153E+01  0.887654E+04
  0.713001E+00  0.888779E+04  0.823162E+04  0.000000E+00  0.000000E+00  0.137014E+01  0.873516E+04
  0.720167E+00  0.874607E+04  0.810035E+04  0.000000E+00  0.000000E+00  0.131929E+01  0.859587E+04
  0.727405E+00  0.860660E+04  0.797119E+04  0.000000E+00  0.000000E+00  0.127294E+01  0.845881E+04
  0.734716E+00  0.846930E+04  0.784405E+04  0.000000E+00  0.000000E+00  0.122790E+01  0.832387E+04
  0.742099E+00  0.833403E+04  0.771879E+04  0.000000E+00  0.000000E+00  0.119093E+01  0.819092E+04
  0.749557E+00  0.820085E+04  0.759547E+04  0.000000E+00  0.000000E+00  0.114598E+01  0.806003E+04
  0.757091E+00  0.806972E+04  0.747404E+04  0.000000E+00  0.000000E+00  0.110360E+01  0.793116E+04
  0.764700E+00  0.794052E+04  0.735438E+04  0.000000E+00  0.000000E+00  0.106328E+01  0.780417E+04
  0.772385E+00  0.781333E+04  0.723658E+04  0.000000E+00  0.000000E+00  0.102643E+01  0.767917E+04
  0.780147E+00  0.768810E+04  0.712060E+04  0.000000E+00  0.000000E+00  0.990469E+00  0.755609E+04
  0.787988E+00  0.756473E+04  0.700633E+04  0.000000E+00  0.000000E+00  0.956268E+00  0.743483E+04
  0.795908E+00  0.744329E+04  0.689387E+04  0.000000E+00  0.000000E+00  0.923025E+00  0.731549E+04
  0.803907E+00  0.732378E+04  0.678319E+04  0.000000E+00  0.000000E+00  0.886976E+00  0.719803E+04
  0.811986E+00  0.720603E+04  0.667414E+04  0.000000E+00  0.000000E+00  0.856529E+00  0.708230E+04
  0.820147E+00  0.709010E+04  0.656678E+04  0.000000E+00  0.000000E+00  0.828297E+00  0.696836E+04
  0.828389E+00  0.697601E+04  0.646113E+04  0.000000E+00  0.000000E+00  0.797232E+00  0.685624E+04
  0.836715E+00  0.686359E+04  0.635701E+04  0.000000E+00  0.000000E+00  0.768933E+00  0.674575E+04
  0.845124E+00  0.675295E+04  0.625453E+04  0.000000E+00  0.000000E+00  0.742916E+00  0.663701E+04
  0.853617E+00  0.664404E+04  0.615367E+04  0.000000E+00  0.000000E+00  0.714718E+00  0.652997E+04
  0.862197E+00  0.653676E+04  0.605432E+04  0.000000E+00  0.000000E+00  0.688245E+00  0.642454E+04
  0.870862E+00  0.643120E+04  0.595655E+04  0.000000E+00  0.000000E+00  0.666115E+00  0.632078E+04
  0.879614E+00  0.632727E+04  0.586030E+04  0.000000E+00  0.000000E+00  0.640187E+00  0.621864E+04
  0.888454E+00  0.622491E+04  0.576551E+04  0.000000E+00  0.000000E+00  0.618811E+00  0.611804E+04
  0.897383E+00  0.612421E+04  0.567225E+04  0.000000E+00  0.000000E+00  0.598323E+00  0.601907E+04
  0.906403E+00  0.602501E+04  0.558037E+04  0.000000E+00  0.000000E+00  0.573421E+00  0.592157E+04
  0.915511E+00  0.592737E+04  0.548995E+04  0.000000E+00  0.000000E+00  0.555448E+00  0.582562E+04
  0.924713E+00  0.583129E+04  0.540097E+04  0.000000E+00  0.000000E+00  0.534614E+00  0.573119E+04
  0.934006E+00  0.573664E+04  0.531330E+04  0.000000E+00  0.000000E+00  0.515716E+00  0.563816E+04
  0.943393E+00  0.564352E+04  0.522706E+04  0.000000E+00  0.000000E+00  0.496860E+00  0.554663E+04
  0.952874E+00  0.555185E+04  0.514216E+04  0.000000E+00  0.000000E+00  0.479662E+00  0.545654E+04
  0.962451E+00  0.546157E+04  0.505855E+04  0.000000E+00  0.000000E+00  0.463432E+00  0.536782E+04
  0.972124E+00  0.537275E+04  0.497629E+04  0.000000E+00  0.000000E+00  0.445601E+00  0.528052E+04
  0.981894E+00  0.528527E+04  0.489527E+04  0.000000E+00  0.000000E+00  0.431467E+00  0.519454E+04
  0.991762E+00  0.519921E+04  0.481557E+04  0.000000E+00  0.000000E+00  0.415711E+00  0.510996E+04
  0.100173E+01  0.511446E+04  0.473707E+04  0.000000E+00  0.000000E+00  0.399400E+00  0.502666E+04
  0.101180E+01  0.503104E+04  0.465981E+04  0.000000E+00  0.000000E+00  0.386538E+00  0.494468E+04
  0.102197E+01  0.494895E+04  0.458378E+04  0.000000E+00  0.000000E+00  0.371395E+00  0.486400E+04
  0.103224E+01  0.486811E+04  0.450890E+04  0.000000E+00  0.000000E+00  0.359352E+00  0.478454E+04
  0.104261E+01  0.478860E+04  0.443527E+04  0.000000E+00  0.000000E+00  0.345140E+00  0.470640E+04
  0.105309E+01  0.471028E+04  0.436273E+04  0.000000E+00  0.000000E+00  0.333246E+00  0.462943E+04
  0.106367E+01  0.463323E+04  0.429137E+04  0.000000E+00  0.000000E+00  0.322148E+00  0.455370E+04
  0.107436E+01  0.455738E+04  0.422112E+04  0.000000E+00  0.000000E+00  0.309704E+00  0.447915E+04
  0.108516E+01  0.448274E+04  0.415200E+04  0.000000E+00  0.000000E+00  0.298823E+00  0.440580E+04
  0.109607E+01  0.440927E+04  0.408395E+04  0.000000E+00  0.000000E+00  0.288392E+00  0.433359E+04
  0.110708E+01  0.433697E+04  0.401698E+04  0.000000E+00  0.000000E+00  0.277574E+00  0.426252E+04
  0.111821E+01  0.426581E+04  0.395108E+04  0.000000E+00  0.000000E+00  0.267514E+00  0.419259E+04
  0.112945E+01  0.419577E+04  0.388621E+04  0.000000E+00  0.000000E+00  0.258131E+00  0.412376E+04
  0.114080E+01  0.412687E+04  0.382240E+04  0.000000E+00  0.000000E+00  0.249866E+00  0.405604E+04
  0.115226E+01  0.405903E+04  0.375956E+04  0.000000E+00  0.000000E+00  0.239825E+00  0.398936E+04
  0.116384E+01  0.399230E+04  0.369776E+04  0.000000E+00  0.000000E+00  0.231045E+00  0.392377E+04
  0.117554E+01  0.392660E+04  0.363691E+04  0.000000E+00  0.000000E+00  0.222755E+00  0.385920E+04
  0.118735E+01  0.386197E+04  0.357705E+04  0.000000E+00  0.000000E+00  0.215013E+00  0.379568E+04
  0.119929E+01  0.379834E+04  0.351812E+04  0.000000E+00  0.000000E+00  0.208216E+00  0.373314E+04
  0.121134E+01  0.373574E+04  0.346015E+04  0.000000E+00  0.000000E+00  0.200291E+00  0.367163E+04
  0.122351E+01  0.367413E+04  0.340308E+04  0.000000E+00  0.000000E+00  0.192894E+00  0.361107E+04
  0.123581E+01  0.361352E+04  0.334694E+04  0.000000E+00  0.000000E+00  0.186400E+00  0.355149E+04
  0.124823E+01  0.355384E+04  0.329167E+04  0.000000E+00  0.000000E+00  0.178653E+00  0.349284E+04
  0.126078E+01  0.349514E+04  0.323730E+04  0.000000E+00  0.000000E+00  0.172521E+00  0.343515E+04
  0.127345E+01  0.343736E+04  0.318379E+04  0.000000E+00  0.000000E+00  0.165951E+00  0.337836E+04
  0.128625E+01  0.338052E+04  0.313114E+04  0.000000E+00  0.000000E+00  0.160097E+00  0.332250E+04
  0.129917E+01  0.332457E+04  0.307932E+04  0.000000E+00  0.000000E+00  0.154695E+00  0.326751E+04
  0.131223E+01  0.326952E+04  0.302834E+04  0.000000E+00  0.000000E+00  0.148777E+00  0.321341E+04
  0.132542E+01  0.321537E+04  0.297818E+04  0.000000E+00  0.000000E+00  0.143839E+00  0.316018E+04
  0.133874E+01  0.316207E+04  0.292881E+04  0.000000E+00  0.000000E+00  0.138672E+00  0.310780E+04
  0.135219E+01  0.310964E+04  0.288026E+04  0.000000E+00  0.000000E+00  0.133961E+00  0.305627E+04
  0.136578E+01  0.305803E+04  0.283246E+04  0.000000E+00  0.000000E+00  0.128934E+00  0.300555E+04
  0.137951E+01  0.300728E+04  0.278545E+04  0.000000E+00  0.000000E+00  0.124259E+00  0.295567E+04
  0.139337E+01  0.295733E+04  0.273919E+04  0.000000E+00  0.000000E+00  0.119545E+00  0.290658E+04
  0.140738E+01  0.290819E+04  0.269367E+04  0.000000E+00  0.000000E+00  0.115085E+00  0.285828E+04
  0.142152E+01  0.285984E+04  0.264889E+04  0.000000E+00  0.000000E+00  0.111303E+00  0.281076E+04
  0.143581E+01  0.281226E+04  0.260482E+04  0.000000E+00  0.000000E+00  0.148286E+00  0.276399E+04
  0.145024E+01  0.276547E+04  0.256148E+04  0.000000E+00  0.000000E+00  0.142308E+00  0.271801E+04
  0.146481E+01  0.271941E+04  0.251882E+04  0.000000E+00  0.000000E+00  0.136721E+00  0.267274E+04
  0.147954E+01  0.267410E+04  0.247686E+04  0.000000E+00  0.000000E+00  0.132338E+00  0.262821E+04
  0.149441E+01  0.262953E+04  0.243557E+04  0.000000E+00  0.000000E+00  0.127917E+00  0.258440E+04
  0.150942E+01  0.258567E+04  0.239495E+04  0.000000E+00  0.000000E+00  0.122680E+00  0.254129E+04
  0.152459E+01  0.254253E+04  0.235499E+04  0.000000E+00  0.000000E+00  0.118295E+00  0.249889E+04
  0.153992E+01  0.250008E+04  0.231568E+04  0.000000E+00  0.000000E+00  0.114378E+00  0.245718E+04
  0.155539E+01  0.245832E+04  0.227700E+04  0.000000E+00  0.000000E+00  0.109961E+00  0.241613E+04
  0.157102E+01  0.241725E+04  0.223896E+04  0.000000E+00  0.000000E+00  0.106337E+00  0.237576E+04
  0.158681E+01  0.237683E+04  0.220152E+04  0.000000E+00  0.000000E+00  0.102192E+00  0.233604E+04
  0.160276E+01  0.233707E+04  0.216470E+04  0.000000E+00  0.000000E+00  0.985045E-01  0.229696E+04
  0.161887E+01  0.229796E+04  0.212848E+04  0.000000E+00  0.000000E+00  0.948000E-01  0.225853E+04
  0.163514E+01  0.225949E+04  0.209284E+04  0.000000E+00  0.000000E+00  0.916782E-01  0.222072E+04
  0.165157E+01  0.222164E+04  0.205778E+04  0.000000E+00  0.000000E+00  0.882938E-01  0.218351E+04
  0.166817E+01  0.218440E+04  0.202330E+04  0.000000E+00  0.000000E+00  0.850938E-01  0.214692E+04
  0.168494E+01  0.214778E+04  0.198937E+04  0.000000E+00  0.000000E+00  0.821852E-01  0.211092E+04
  0.170187E+01  0.211174E+04  0.195599E+04  0.000000E+00  0.000000E+00  0.791987E-01  0.207550E+04
  0.171897E+01  0.207630E+04  0.192317E+04  0.000000E+00  0.000000E+00  0.761785E-01  0.204067E+04
  0.173625E+01  0.204144E+04  0.189088E+04  0.000000E+00  0.000000E+00  0.732452E-01  0.200640E+04
  0.175370E+01  0.200714E+04  0.185911E+04  0.000000E+00  0.000000E+00  0.706212E-01  0.197269E+04
  0.177133E+01  0.197340E+04  0.182786E+04  0.000000E+00  0.000000E+00  0.681892E-01  0.193953E+04
  0.178913E+01  0.194022E+04  0.179712E+04  0.000000E+00  0.000000E+00  0.658352E-01  0.190692E+04
  0.180711E+01  0.190758E+04  0.176689E+04  0.000000E+00  0.000000E+00  0.633613E-01  0.187484E+04
  0.182527E+01  0.187547E+04  0.173715E+04  0.000000E+00  0.000000E+00  0.610284E-01  0.184329E+04
  0.184361E+01  0.184389E+04  0.170790E+04  0.000000E+00  0.000000E+00  0.587817E-01  0.181225E+04
  0.186214E+01  0.181283E+04  0.167913E+04  0.000000E+00  0.000000E+00  0.567898E-01  0.178172E+04
  0.188086E+01  0.178228E+04  0.165084E+04  0.000000E+00  0.000000E+00  0.547106E-01  0.175169E+04
  0.189976E+01  0.175223E+04  0.162300E+04  0.000000E+00  0.000000E+00  0.526925E-01  0.172216E+04
  0.191885E+01  0.172266E+04  0.159562E+04  0.000000E+00  0.000000E+00  0.508305E-01  0.169310E+04
  0.193814E+01  0.169359E+04  0.156870E+04  0.000000E+00  0.000000E+00  0.489639E-01  0.166453E+04
  0.195762E+01  0.166500E+04  0.154221E+04  0.000000E+00  0.000000E+00  0.471467E-01  0.163643E+04
  0.197729E+01  0.163688E+04  0.151616E+04  0.000000E+00  0.000000E+00  0.455202E-01  0.160879E+04
  0.199716E+01  0.160921E+04  0.149054E+04  0.000000E+00  0.000000E+00  0.438423E-01  0.158160E+04
  0.201723E+01  0.158201E+04  0.146534E+04  0.000000E+00  0.000000E+00  0.421702E-01  0.155486E+04
  0.203751E+01  0.155525E+04  0.144056E+04  0.000000E+00  0.000000E+00  0.407596E-01  0.152856E+04
  0.205799E+01  0.152893E+04  0.141618E+04  0.000000E+00  0.000000E+00  0.390105E-01  0.150270E+04
  0.207867E+01  0.150305E+04  0.139221E+04  0.000000E+00  0.000000E+00  0.378440E-01  0.147726E+04
  0.209956E+01  0.147760E+04  0.136863E+04  0.000000E+00  0.000000E+00  0.362618E-01  0.145224E+04
  0.212066E+01  0.145256E+04  0.134545E+04  0.000000E+00  0.000000E+00  0.350060E-01  0.142764E+04
  0.214197E+01  0.142794E+04  0.132264E+04  0.000000E+00  0.000000E+00  0.337292E-01  0.140344E+04
  0.216350E+01  0.140372E+04  0.130021E+04  0.000000E+00  0.000000E+00  0.325169E-01  0.137964E+04
  0.218525E+01  0.137991E+04  0.127815E+04  0.000000E+00  0.000000E+00  0.311670E-01  0.135623E+04
  0.220721E+01  0.135649E+04  0.125646E+04  0.000000E+00  0.000000E+00  0.302308E-01  0.133321E+04
  0.222939E+01  0.133346E+04  0.123512E+04  0.000000E+00  0.000000E+00  0.290669E-01  0.131058E+04
  0.225180E+01  0.131080E+04  0.121414E+04  0.000000E+00  0.000000E+00  0.280855E-01  0.128831E+04
  0.227443E+01  0.128853E+04  0.119351E+04  0.000000E+00  0.000000E+00  0.270050E-01  0.126642E+04
  0.229728E+01  0.126663E+04  0.117322E+04  0.000000E+00  0.000000E+00  0.259530E-01  0.124489E+04
  0.232037E+01  0.124508E+04  0.115327E+04  0.000000E+00  0.000000E+00  0.250062E-01  0.122372E+04
  0.234369E+01  0.122390E+04  0.113365E+04  0.000000E+00  0.000000E+00  0.241530E-01  0.120290E+04
  0.236725E+01  0.120307E+04  0.111435E+04  0.000000E+00  0.000000E+00  0.232519E-01  0.118242E+04
  0.239104E+01  0.118258E+04  0.109538E+04  0.000000E+00  0.000000E+00  0.224285E-01  0.116229E+04
  0.241507E+01  0.116244E+04  0.107672E+04  0.000000E+00  0.000000E+00  0.215723E-01  0.114249E+04
  0.243934E+01  0.114263E+04  0.105837E+04  0.000000E+00  0.000000E+00  0.208080E-01  0.112302E+04
  0.246386E+01  0.112315E+04  0.104033E+04  0.000000E+00  0.000000E+00  0.201176E-01  0.110388E+04
  0.248862E+01  0.110399E+04  0.102259E+04  0.000000E+00  0.000000E+00  0.192918E-01  0.108505E+04
  0.251363E+01  0.108516E+04  0.100514E+04  0.000000E+00  0.000000E+00  0.186405E-01  0.106654E+04
  0.253889E+01  0.106664E+04  0.987983E+03  0.000000E+00  0.000000E+00  0.179261E-01  0.104833E+04
  0.256441E+01  0.104842E+04  0.971114E+03  0.000000E+00  0.000000E+00  0.172709E-01  0.103043E+04
  0.259018E+01  0.103052E+04  0.954527E+03  0.000000E+00  0.000000E+00  0.166408E-01  0.101283E+04
  0.261621E+01  0.101290E+04  0.938215E+03  0.000000E+00  0.000000E+00  0.160224E-01  0.995525E+03
  0.264251E+01  0.995588E+03  0.922175E+03  0.000000E+00  0.000000E+00  0.154338E-01  0.978506E+03
  0.266906E+01  0.978560E+03  0.906404E+03  0.000000E+00  0.000000E+00  0.148760E-01  0.961770E+03
  0.269589E+01  0.961819E+03  0.890897E+03  0.000000E+00  0.000000E+00  0.143817E-01  0.945316E+03
  0.272298E+01  0.945356E+03  0.875648E+03  0.000000E+00  0.000000E+00  0.138156E-01  0.929136E+03
  0.275035E+01  0.929170E+03  0.860655E+03  0.000000E+00  0.000000E+00  0.132963E-01  0.913227E+03
  0.277799E+01  0.913255E+03  0.845914E+03  0.000000E+00  0.000000E+00  0.127971E-01  0.897585E+03
  0.280591E+01  0.897607E+03  0.831420E+03  0.000000E+00  0.000000E+00  0.123224E-01  0.882206E+03
  0.283411E+01  0.882222E+03  0.817169E+03  0.000000E+00  0.000000E+00  0.119717E-01  0.867085E+03
  0.286259E+01  0.867093E+03  0.803156E+03  0.000000E+00  0.000000E+00  0.114548E-01  0.852216E+03
  0.289136E+01  0.852219E+03  0.789379E+03  0.000000E+00  0.000000E+00  0.110601E-01  0.837597E+03
  0.292042E+01  0.837595E+03  0.775833E+03  0.000000E+00  0.000000E+00  0.106528E-01  0.823224E+03
  0.294977E+01  0.823219E+03  0.762517E+03  0.000000E+00  0.000000E+00  0.102523E-01  0.809094E+03
  0.297942E+01  0.809081E+03  0.749422E+03  0.000000E+00  0.000000E+00  0.990456E-02  0.795199E+03
  0.300936E+01  0.795182E+03  0.736547E+03  0.000000E+00  0.000000E+00  0.949395E-02  0.781538E+03
  0.303961E+01  0.781517E+03  0.723890E+03  0.000000E+00  0.000000E+00  0.918102E-02  0.768108E+03
  0.307015E+01  0.768083E+03  0.711447E+03  0.000000E+00  0.000000E+00  0.884773E-02  0.754905E+03
  0.310101E+01  0.754873E+03  0.699211E+03  0.000000E+00  0.000000E+00  0.848448E-02  0.741921E+03
  0.313218E+01  0.741886E+03  0.687182E+03  0.000000E+00  0.000000E+00  0.817434E-02  0.729157E+03
  0.316366E+01  0.729119E+03  0.675356E+03  0.000000E+00  0.000000E+00  0.787775E-02  0.716609E+03
  0.319545E+01  0.716567E+03  0.663729E+03  0.000000E+00  0.000000E+00  0.757830E-02  0.704272E+03
  0.322756E+01  0.704225E+03  0.652298E+03  0.000000E+00  0.000000E+00  0.734035E-02  0.692142E+03
  0.326000E+01  0.692093E+03  0.641060E+03  0.000000E+00  0.000000E+00  0.707794E-02  0.680218E+03
  0.329277E+01  0.680164E+03  0.630011E+03  0.000000E+00  0.000000E+00  0.681096E-02  0.668494E+03
  0.332586E+01  0.668439E+03  0.619150E+03  0.000000E+00  0.000000E+00  0.653002E-02  0.656970E+03
  0.335928E+01  0.656911E+03  0.608472E+03  0.000000E+00  0.000000E+00  0.630583E-02  0.645640E+03
  0.339305E+01  0.645577E+03  0.597974E+03  0.000000E+00  0.000000E+00  0.609259E-02  0.634500E+03
  0.342715E+01  0.634436E+03  0.587654E+03  0.000000E+00  0.000000E+00  0.582987E-02  0.623550E+03
  0.346159E+01  0.623483E+03  0.577509E+03  0.000000E+00  0.000000E+00  0.562686E-02  0.612785E+03
  0.349638E+01  0.612716E+03  0.567536E+03  0.000000E+00  0.000000E+00  0.545327E-02  0.602203E+03
  0.353152E+01  0.602130E+03  0.557731E+03  0.000000E+00  0.000000E+00  0.521416E-02  0.591799E+03
  0.356701E+01  0.591725E+03  0.548092E+03  0.000000E+00  0.000000E+00  0.503510E-02  0.581572E+03
  0.360286E+01  0.581496E+03  0.538618E+03  0.000000E+00  0.000000E+00  0.483795E-02  0.571519E+03
  0.363907E+01  0.571441E+03  0.529303E+03  0.000000E+00  0.000000E+00  0.466224E-02  0.561636E+03
  0.367564E+01  0.561555E+03  0.520147E+03  0.000000E+00  0.000000E+00  0.448258E-02  0.551920E+03
  0.371258E+01  0.551838E+03  0.511146E+03  0.000000E+00  0.000000E+00  0.434113E-02  0.542369E+03
  0.374990E+01  0.542284E+03  0.502297E+03  0.000000E+00  0.000000E+00  0.420447E-02  0.532980E+03
  0.378758E+01  0.532895E+03  0.493600E+03  0.000000E+00  0.000000E+00  0.402930E-02  0.523752E+03
  0.382565E+01  0.523664E+03  0.485049E+03  0.000000E+00  0.000000E+00  0.388294E-02  0.514679E+03
  0.386410E+01  0.514590E+03  0.476644E+03  0.000000E+00  0.000000E+00  0.374233E-02  0.505760E+03
  0.390293E+01  0.505670E+03  0.468382E+03  0.000000E+00  0.000000E+00  0.361470E-02  0.496994E+03
  0.394216E+01  0.496902E+03  0.460261E+03  0.000000E+00  0.000000E+00  0.345725E-02  0.488376E+03
  0.398178E+01  0.488284E+03  0.452278E+03  0.000000E+00  0.000000E+00  0.335084E-02  0.479906E+03
  0.402179E+01  0.479812E+03  0.444430E+03  0.000000E+00  0.000000E+00  0.322763E-02  0.471579E+03
  0.406221E+01  0.471484E+03  0.436716E+03  0.000000E+00  0.000000E+00  0.310355E-02  0.463394E+03
  0.410304E+01  0.463299E+03  0.429135E+03  0.000000E+00  0.000000E+00  0.298240E-02  0.455350E+03
  0.414427E+01  0.455254E+03  0.421682E+03  0.000000E+00  0.000000E+00  0.288347E-02  0.447442E+03
  0.418593E+01  0.447345E+03  0.414356E+03  0.000000E+00  0.000000E+00  0.276774E-02  0.439669E+03
  0.422800E+01  0.439571E+03  0.407156E+03  0.000000E+00  0.000000E+00  0.266392E-02  0.432028E+03
  0.427049E+01  0.431931E+03  0.400079E+03  0.000000E+00  0.000000E+00  0.257622E-02  0.424519E+03
  0.431341E+01  0.424420E+03  0.393122E+03  0.000000E+00  0.000000E+00  0.248205E-02  0.417138E+03
  0.435676E+01  0.417038E+03  0.386284E+03  0.000000E+00  0.000000E+00  0.239156E-02  0.409882E+03
  0.440054E+01  0.409782E+03  0.379562E+03  0.000000E+00  0.000000E+00  0.228042E-02  0.402750E+03
  0.444477E+01  0.402650E+03  0.372956E+03  0.000000E+00  0.000000E+00  0.220851E-02  0.395741E+03
  0.448944E+01  0.395640E+03  0.366463E+03  0.000000E+00  0.000000E+00  0.212848E-02  0.388851E+03
  0.453456E+01  0.388749E+03  0.360080E+03  0.000000E+00  0.000000E+00  0.204953E-02  0.382079E+03
  0.458013E+01  0.381977E+03  0.353807E+03  0.000000E+00  0.000000E+00  0.198562E-02  0.375422E+03
  0.462616E+01  0.375321E+03  0.347642E+03  0.000000E+00  0.000000E+00  0.189788E-02  0.368881E+03
  0.467266E+01  0.368779E+03  0.341582E+03  0.000000E+00  0.000000E+00  0.182372E-02  0.362451E+03
  0.471962E+01  0.362348E+03  0.335626E+03  0.000000E+00  0.000000E+00  0.177052E-02  0.356131E+03
  0.476705E+01  0.356028E+03  0.329771E+03  0.000000E+00  0.000000E+00  0.169172E-02  0.349919E+03
  0.481496E+01  0.349817E+03  0.324018E+03  0.000000E+00  0.000000E+00  0.164435E-02  0.343814E+03
  0.486335E+01  0.343712E+03  0.318363E+03  0.000000E+00  0.000000E+00  0.156833E-02  0.337814E+03
  0.491223E+01  0.337712E+03  0.312805E+03  0.000000E+00  0.000000E+00  0.152068E-02  0.331917E+03
  0.496160E+01  0.331815E+03  0.307343E+03  0.000000E+00  0.000000E+00  0.145036E-02  0.326121E+03
  0.501147E+01  0.326019E+03  0.301974E+03  0.000000E+00  0.000000E+00  0.140802E-02  0.320424E+03
  0.506183E+01  0.320323E+03  0.296698E+03  0.000000E+00  0.000000E+00  0.134670E-02  0.314826E+03
  0.511270E+01  0.314725E+03  0.291512E+03  0.000000E+00  0.000000E+00  0.130226E-02  0.309324E+03
  0.516409E+01  0.309223E+03  0.286416E+03  0.000000E+00  0.000000E+00  0.126601E-02  0.303916E+03
  0.521599E+01  0.303815E+03  0.281407E+03  0.000000E+00  0.000000E+00  0.120376E-02  0.298601E+03
  0.526840E+01  0.298501E+03  0.276484E+03  0.000000E+00  0.000000E+00  0.116277E-02  0.293378E+03
  0.532135E+01  0.293277E+03  0.271646E+03  0.000000E+00  0.000000E+00  0.112459E-02  0.288244E+03
  0.537484E+01  0.288144E+03  0.266891E+03  0.000000E+00  0.000000E+00  0.107812E-02  0.283199E+03
  0.542885E+01  0.283100E+03  0.262218E+03  0.000000E+00  0.000000E+00  0.103762E-02  0.278241E+03
  0.548341E+01  0.278142E+03  0.257626E+03  0.000000E+00  0.000000E+00  0.996293E-03  0.273369E+03
  0.553852E+01  0.273270E+03  0.253113E+03  0.000000E+00  0.000000E+00  0.968351E-03  0.268580E+03
  0.559419E+01  0.268481E+03  0.248677E+03  0.000000E+00  0.000000E+00  0.938055E-03  0.263874E+03
  0.565041E+01  0.263776E+03  0.244318E+03  0.000000E+00  0.000000E+00  0.898814E-03  0.259249E+03
  0.570719E+01  0.259152E+03  0.240035E+03  0.000000E+00  0.000000E+00  0.863284E-03  0.254704E+03
  0.576455E+01  0.254607E+03  0.235826E+03  0.000000E+00  0.000000E+00  0.825639E-03  0.250237E+03
  0.582249E+01  0.250141E+03  0.231688E+03  0.000000E+00  0.000000E+00  0.800197E-03  0.245847E+03
  0.588101E+01  0.245752E+03  0.227623E+03  0.000000E+00  0.000000E+00  0.773231E-03  0.241534E+03
  0.594011E+01  0.241439E+03  0.223628E+03  0.000000E+00  0.000000E+00  0.745044E-03  0.237295E+03
  0.599981E+01  0.237200E+03  0.219701E+03  0.000000E+00  0.000000E+00  0.717455E-03  0.233129E+03
  0.606011E+01  0.233034E+03  0.215843E+03  0.000000E+00  0.000000E+00  0.690316E-03  0.229034E+03
  0.612102E+01  0.228941E+03  0.212051E+03  0.000000E+00  0.000000E+00  0.667138E-03  0.225011E+03
  0.618253E+01  0.224918E+03  0.208325E+03  0.000000E+00  0.000000E+00  0.639398E-03  0.221057E+03
  0.624467E+01  0.220966E+03  0.204663E+03  0.000000E+00  0.000000E+00  0.610051E-03  0.217173E+03
  0.630743E+01  0.217081E+03  0.201065E+03  0.000000E+00  0.000000E+00  0.591613E-03  0.213355E+03
  0.637082E+01  0.213264E+03  0.197529E+03  0.000000E+00  0.000000E+00  0.571336E-03  0.209603E+03
  0.643485E+01  0.209513E+03  0.194055E+03  0.000000E+00  0.000000E+00  0.545943E-03  0.205916E+03
  0.649952E+01  0.205827E+03  0.190640E+03  0.000000E+00  0.000000E+00  0.528091E-03  0.202294E+03
  0.656484E+01  0.202205E+03  0.187285E+03  0.000000E+00  0.000000E+00  0.511233E-03  0.198734E+03
  0.663082E+01  0.198645E+03  0.183988E+03  0.000000E+00  0.000000E+00  0.488684E-03  0.195235E+03
  0.669746E+01  0.195148E+03  0.180748E+03  0.000000E+00  0.000000E+00  0.469674E-03  0.191798E+03
  0.676476E+01  0.191711E+03  0.177565E+03  0.000000E+00  0.000000E+00  0.456418E-03  0.188420E+03
  0.683275E+01  0.188334E+03  0.174436E+03  0.000000E+00  0.000000E+00  0.436828E-03  0.185100E+03
  0.690143E+01  0.185015E+03  0.171362E+03  0.000000E+00  0.000000E+00  0.421265E-03  0.181839E+03
  0.697079E+01  0.181754E+03  0.168341E+03  0.000000E+00  0.000000E+00  0.407704E-03  0.178633E+03
  0.704084E+01  0.178550E+03  0.165373E+03  0.000000E+00  0.000000E+00  0.389515E-03  0.175484E+03
  0.711160E+01  0.175401E+03  0.162457E+03  0.000000E+00  0.000000E+00  0.376800E-03  0.172390E+03
  0.718308E+01  0.172307E+03  0.159591E+03  0.000000E+00  0.000000E+00  0.362601E-03  0.169349E+03
  0.725527E+01  0.169267E+03  0.156775E+03  0.000000E+00  0.000000E+00  0.345599E-03  0.166361E+03
  0.732818E+01  0.166280E+03  0.154008E+03  0.000000E+00  0.000000E+00  0.335471E-03  0.163425E+03
  0.740183E+01  0.163345E+03  0.151289E+03  0.000000E+00  0.000000E+00  0.325899E-03  0.160540E+03
  0.747622E+01  0.160461E+03  0.148617E+03  0.000000E+00  0.000000E+00  0.311874E-03  0.157706E+03
  0.755136E+01  0.157627E+03  0.145992E+03  0.000000E+00  0.000000E+00  0.301020E-03  0.154920E+03
  0.762725E+01  0.154842E+03  0.143413E+03  0.000000E+00  0.000000E+00  0.288291E-03  0.152184E+03
  0.770391E+01  0.152106E+03  0.140878E+03  0.000000E+00  0.000000E+00  0.276458E-03  0.149494E+03
  0.778133E+01  0.149418E+03  0.138388E+03  0.000000E+00  0.000000E+00  0.267659E-03  0.146852E+03
  0.785954E+01  0.146776E+03  0.135941E+03  0.000000E+00  0.000000E+00  0.258180E-03  0.144256E+03
  0.793853E+01  0.144181E+03  0.133537E+03  0.000000E+00  0.000000E+00  0.246974E-03  0.141705E+03
  0.801831E+01  0.141631E+03  0.131175E+03  0.000000E+00  0.000000E+00  0.239317E-03  0.139199E+03
  0.809890E+01  0.139125E+03  0.128854E+03  0.000000E+00  0.000000E+00  0.231410E-03  0.136736E+03
  0.818029E+01  0.136663E+03  0.126573E+03  0.000000E+00  0.000000E+00  0.221771E-03  0.134316E+03
  0.826251E+01  0.134244E+03  0.124333E+03  0.000000E+00  0.000000E+00  0.213794E-03  0.131939E+03
  0.834554E+01  0.131868E+03  0.122131E+03  0.000000E+00  0.000000E+00  0.203996E-03  0.129603E+03
  0.842942E+01  0.129533E+03  0.119968E+03  0.000000E+00  0.000000E+00  0.197515E-03  0.127308E+03
  0.851414E+01  0.127238E+03  0.117843E+03  0.000000E+00  0.000000E+00  0.189207E-03  0.125053E+03
  0.859971E+01  0.124984E+03  0.115755E+03  0.000000E+00  0.000000E+00  0.182173E-03  0.122837E+03
  0.868613E+01  0.122769E+03  0.113703E+03  0.000000E+00  0.000000E+00  0.175794E-03  0.120661E+03
  0.877343E+01  0.120593E+03  0.111687E+03  0.000000E+00  0.000000E+00  0.168604E-03  0.118522E+03
  0.886161E+01  0.118455E+03  0.109707E+03  0.000000E+00  0.000000E+00  0.165464E-03  0.116421E+03
  0.895067E+01  0.116355E+03  0.107761E+03  0.000000E+00  0.000000E+00  0.156704E-03  0.114356E+03
  0.904062E+01  0.114291E+03  0.105849E+03  0.000000E+00  0.000000E+00  0.150630E-03  0.112328E+03
  0.913148E+01  0.112263E+03  0.103971E+03  0.000000E+00  0.000000E+00  0.145348E-03  0.110335E+03
  0.922325E+01  0.110271E+03  0.102126E+03  0.000000E+00  0.000000E+00  0.141521E-03  0.108377E+03
  0.931595E+01  0.108314E+03  0.100313E+03  0.000000E+00  0.000000E+00  0.134445E-03  0.106453E+03
  0.940957E+01  0.106391E+03  0.985315E+02  0.000000E+00  0.000000E+00  0.131539E-03  0.104563E+03
  0.950414E+01  0.104502E+03  0.967814E+02  0.000000E+00  0.000000E+00  0.126871E-03  0.102706E+03
  0.959966E+01  0.102646E+03  0.950620E+02  0.000000E+00  0.000000E+00  0.122541E-03  0.100882E+03
  0.969614E+01  0.100822E+03  0.933727E+02  0.000000E+00  0.000000E+00  0.115987E-03  0.990896E+02
  0.979358E+01  0.990306E+02  0.917132E+02  0.000000E+00  0.000000E+00  0.112592E-03  0.973289E+02
  0.989201E+01  0.972704E+02  0.900827E+02  0.000000E+00  0.000000E+00  0.107457E-03  0.955989E+02
  0.999143E+01  0.955411E+02  0.884808E+02  0.000000E+00  0.000000E+00  0.103663E-03  0.938993E+02
  0.100918E+02  0.938422E+02  0.869071E+02  0.000000E+00  0.000000E+00  0.992163E-04  0.922295E+02
  0.101933E+02  0.921732E+02  0.853610E+02  0.000000E+00  0.000000E+00  0.963201E-04  0.905891E+02
  0.102957E+02  0.905336E+02  0.838422E+02  0.000000E+00  0.000000E+00  0.923715E-04  0.889776E+02
  0.103992E+02  0.889227E+02  0.823500E+02  0.000000E+00  0.000000E+00  0.886195E-04  0.873943E+02
  0.105037E+02  0.873401E+02  0.808840E+02  0.000000E+00  0.000000E+00  0.852297E-04  0.858389E+02
  0.106093E+02  0.857853E+02  0.794437E+02  0.000000E+00  0.000000E+00  0.834550E-04  0.843107E+02
  0.107159E+02  0.842580E+02  0.780289E+02  0.000000E+00  0.000000E+00  0.786946E-04  0.828096E+02
  0.108236E+02  0.827574E+02  0.766389E+02  0.000000E+00  0.000000E+00  0.776341E-04  0.813348E+02
  0.109324E+02  0.812833E+02  0.752733E+02  0.000000E+00  0.000000E+00  0.737407E-04  0.798859E+02
  0.110422E+02  0.798351E+02  0.739317E+02  0.000000E+00  0.000000E+00  0.699911E-04  0.784625E+02
  0.111532E+02  0.784125E+02  0.726140E+02  0.000000E+00  0.000000E+00  0.685299E-04  0.770643E+02
  0.112653E+02  0.770148E+02  0.713193E+02  0.000000E+00  0.000000E+00  0.654856E-04  0.756906E+02
  0.113785E+02  0.756418E+02  0.700474E+02  0.000000E+00  0.000000E+00  0.631309E-04  0.743411E+02
  0.114929E+02  0.742930E+02  0.687979E+02  0.000000E+00  0.000000E+00  0.611740E-04  0.730154E+02
  0.116084E+02  0.729680E+02  0.675705E+02  0.000000E+00  0.000000E+00  0.581932E-04  0.717132E+02
  0.117251E+02  0.716663E+02  0.663647E+02  0.000000E+00  0.000000E+00  0.565999E-04  0.704338E+02
  0.118429E+02  0.703875E+02  0.651801E+02  0.000000E+00  0.000000E+00  0.548888E-04  0.691769E+02
  0.119619E+02  0.691313E+02  0.640164E+02  0.000000E+00  0.000000E+00  0.518430E-04  0.679423E+02
  0.120821E+02  0.678974E+02  0.628733E+02  0.000000E+00  0.000000E+00  0.506975E-04  0.667295E+02
  0.122036E+02  0.666851E+02  0.617504E+02  0.000000E+00  0.000000E+00  0.490360E-04  0.655380E+02
  0.123262E+02  0.654942E+02  0.606472E+02  0.000000E+00  0.000000E+00  0.466544E-04  0.643675E+02
  0.124501E+02  0.643244E+02  0.595635E+02  0.000000E+00  0.000000E+00  0.452840E-04  0.632178E+02
  0.125752E+02  0.631753E+02  0.584991E+02  0.000000E+00  0.000000E+00  0.433740E-04  0.620884E+02
  0.127016E+02  0.620465E+02  0.574533E+02  0.000000E+00  0.000000E+00  0.411661E-04  0.609789E+02
  0.128293E+02  0.609375E+02  0.564261E+02  0.000000E+00  0.000000E+00  0.403890E-04  0.598889E+02
  0.129582E+02  0.598481E+02  0.554169E+02  0.000000E+00  0.000000E+00  0.386172E-04  0.588182E+02
  0.130884E+02  0.587780E+02  0.544256E+02  0.000000E+00  0.000000E+00  0.369402E-04  0.577665E+02
  0.132200E+02  0.577270E+02  0.534520E+02  0.000000E+00  0.000000E+00  0.360773E-04  0.567334E+02
  0.133528E+02  0.566944E+02  0.524954E+02  0.000000E+00  0.000000E+00  0.343223E-04  0.557185E+02
  0.134870E+02  0.556801E+02  0.515558E+02  0.000000E+00  0.000000E+00  0.336440E-04  0.547216E+02
  0.136226E+02  0.546837E+02  0.506329E+02  0.000000E+00  0.000000E+00  0.323217E-04  0.537424E+02
  0.137595E+02  0.537051E+02  0.497263E+02  0.000000E+00  0.000000E+00  0.310608E-04  0.527805E+02
  0.138978E+02  0.527437E+02  0.488357E+02  0.000000E+00  0.000000E+00  0.295932E-04  0.518356E+02
  0.140374E+02  0.517993E+02  0.479608E+02  0.000000E+00  0.000000E+00  0.283923E-04  0.509074E+02
  0.141785E+02  0.508717E+02  0.471015E+02  0.000000E+00  0.000000E+00  0.272287E-04  0.499956E+02
  0.143210E+02  0.499605E+02  0.462574E+02  0.000000E+00  0.000000E+00  0.267644E-04  0.491001E+02
  0.144649E+02  0.490654E+02  0.454283E+02  0.000000E+00  0.000000E+00  0.255749E-04  0.482204E+02
  0.146103E+02  0.481862E+02  0.446138E+02  0.000000E+00  0.000000E+00  0.248017E-04  0.473562E+02
  0.147572E+02  0.473226E+02  0.438138E+02  0.000000E+00  0.000000E+00  0.233889E-04  0.465074E+02
  0.149055E+02  0.464744E+02  0.430280E+02  0.000000E+00  0.000000E+00  0.230016E-04  0.456737E+02
  0.150553E+02  0.456411E+02  0.422561E+02  0.000000E+00  0.000000E+00  0.219165E-04  0.448548E+02
  0.152066E+02  0.448227E+02  0.414979E+02  0.000000E+00  0.000000E+00  0.206267E-04  0.440503E+02
  0.153594E+02  0.440187E+02  0.407531E+02  0.000000E+00  0.000000E+00  0.200376E-04  0.432601E+02
  0.155138E+02  0.432291E+02  0.400216E+02  0.000000E+00  0.000000E+00  0.191616E-04  0.424840E+02
  0.156697E+02  0.424534E+02  0.393031E+02  0.000000E+00  0.000000E+00  0.186430E-04  0.417216E+02
  0.158272E+02  0.416915E+02  0.385973E+02  0.000000E+00  0.000000E+00  0.176709E-04  0.409728E+02
  0.159862E+02  0.409431E+02  0.379040E+02  0.000000E+00  0.000000E+00  0.172707E-04  0.402373E+02
  0.161469E+02  0.402081E+02  0.372231E+02  0.000000E+00  0.000000E+00  0.167691E-04  0.395149E+02
  0.163092E+02  0.394861E+02  0.365543E+02  0.000000E+00  0.000000E+00  0.161732E-04  0.388053E+02
  0.164731E+02  0.387770E+02  0.358973E+02  0.000000E+00  0.000000E+00  0.155719E-04  0.381082E+02
  0.166386E+02  0.380804E+02  0.352520E+02  0.000000E+00  0.000000E+00  0.149880E-04  0.374236E+02
  0.168059E+02  0.373962E+02  0.346182E+02  0.000000E+00  0.000000E+00  0.141505E-04  0.367511E+02
  0.169748E+02  0.367242E+02  0.339957E+02  0.000000E+00  0.000000E+00  0.137318E-04  0.360907E+02
  0.171454E+02  0.360642E+02  0.333842E+02  0.000000E+00  0.000000E+00  0.132693E-04  0.354419E+02
  0.173177E+02  0.354159E+02  0.327836E+02  0.000000E+00  0.000000E+00  0.128146E-04  0.348047E+02
  0.174917E+02  0.347791E+02  0.321937E+02  0.000000E+00  0.000000E+00  0.123301E-04  0.341789E+02
  0.176675E+02  0.341537E+02  0.316144E+02  0.000000E+00  0.000000E+00  0.118896E-04  0.335642E+02
  0.178451E+02  0.335394E+02  0.310453E+02  0.000000E+00  0.000000E+00  0.115599E-04  0.329604E+02
  0.180244E+02  0.329360E+02  0.304863E+02  0.000000E+00  0.000000E+00  0.107843E-04  0.323674E+02
  0.182056E+02  0.323434E+02  0.299373E+02  0.000000E+00  0.000000E+00  0.105480E-04  0.317849E+02
  0.183885E+02  0.317614E+02  0.293981E+02  0.000000E+00  0.000000E+00  0.102508E-04  0.312128E+02
  0.185734E+02  0.311897E+02  0.288685E+02  0.000000E+00  0.000000E+00  0.973032E-05  0.306509E+02
  0.187600E+02  0.306282E+02  0.283483E+02  0.000000E+00  0.000000E+00  0.946727E-05  0.300991E+02
  0.189486E+02  0.300767E+02  0.278374E+02  0.000000E+00  0.000000E+00  0.907157E-05  0.295570E+02
  0.191390E+02  0.295351E+02  0.273357E+02  0.000000E+00  0.000000E+00  0.876995E-05  0.290247E+02
  0.193313E+02  0.290030E+02  0.268428E+02  0.000000E+00  0.000000E+00  0.839250E-05  0.285018E+02
  0.195256E+02  0.284805E+02  0.263588E+02  0.000000E+00  0.000000E+00  0.819363E-05  0.279882E+02
  0.197219E+02  0.279673E+02  0.258833E+02  0.000000E+00  0.000000E+00  0.792731E-05  0.274838E+02
  0.199201E+02  0.274633E+02  0.254164E+02  0.000000E+00  0.000000E+00  0.763356E-05  0.269885E+02
  0.201203E+02  0.269683E+02  0.249578E+02  0.000000E+00  0.000000E+00  0.715967E-05  0.265019E+02
  0.203225E+02  0.264821E+02  0.245074E+02  0.000000E+00  0.000000E+00  0.691089E-05  0.260241E+02
  0.205267E+02  0.260046E+02  0.240650E+02  0.000000E+00  0.000000E+00  0.671764E-05  0.255547E+02
  0.207330E+02  0.255357E+02  0.236306E+02  0.000000E+00  0.000000E+00  0.647811E-05  0.250938E+02
  0.209414E+02  0.250750E+02  0.232039E+02  0.000000E+00  0.000000E+00  0.617159E-05  0.246411E+02
  0.211519E+02  0.246227E+02  0.227848E+02  0.000000E+00  0.000000E+00  0.593940E-05  0.241965E+02
  0.213644E+02  0.241784E+02  0.223732E+02  0.000000E+00  0.000000E+00  0.568048E-05  0.237598E+02
  0.215791E+02  0.237421E+02  0.219690E+02  0.000000E+00  0.000000E+00  0.562732E-05  0.233309E+02
  0.217960E+02  0.233135E+02  0.215719E+02  0.000000E+00  0.000000E+00  0.536764E-05  0.229097E+02
  0.220151E+02  0.228926E+02  0.211820E+02  0.000000E+00  0.000000E+00  0.513377E-05  0.224961E+02
  0.222363E+02  0.224793E+02  0.207991E+02  0.000000E+00  0.000000E+00  0.494450E-05  0.220898E+02
  0.224598E+02  0.220733E+02  0.204230E+02  0.000000E+00  0.000000E+00  0.466010E-05  0.216908E+02
  0.226855E+02  0.216746E+02  0.200536E+02  0.000000E+00  0.000000E+00  0.463148E-05  0.212989E+02
  0.229135E+02  0.212830E+02  0.196909E+02  0.000000E+00  0.000000E+00  0.430445E-05  0.209141E+02
  0.231438E+02  0.208985E+02  0.193346E+02  0.000000E+00  0.000000E+00  0.421979E-05  0.205361E+02
  0.233764E+02  0.205208E+02  0.189847E+02  0.000000E+00  0.000000E+00  0.401412E-05  0.201649E+02
  0.236113E+02  0.201499E+02  0.186411E+02  0.000000E+00  0.000000E+00  0.393895E-05  0.198004E+02
  0.238487E+02  0.197857E+02  0.183036E+02  0.000000E+00  0.000000E+00  0.387347E-05  0.194423E+02
  0.240883E+02  0.194279E+02  0.179722E+02  0.000000E+00  0.000000E+00  0.360820E-05  0.190907E+02
  0.243304E+02  0.190766E+02  0.176467E+02  0.000000E+00  0.000000E+00  0.350151E-05  0.187454E+02
  0.245749E+02  0.187316E+02  0.173271E+02  0.000000E+00  0.000000E+00  0.330756E-05  0.184063E+02
  0.248219E+02  0.183927E+02  0.170131E+02  0.000000E+00  0.000000E+00  0.324420E-05  0.180732E+02
  0.250714E+02  0.180600E+02  0.167048E+02  0.000000E+00  0.000000E+00  0.315372E-05  0.177462E+02
  0.253234E+02  0.177332E+02  0.164021E+02  0.000000E+00  0.000000E+00  0.305639E-05  0.174250E+02
  0.255779E+02  0.174122E+02  0.161047E+02  0.000000E+00  0.000000E+00  0.283992E-05  0.171095E+02
  0.258349E+02  0.170970E+02  0.158127E+02  0.000000E+00  0.000000E+00  0.272623E-05  0.167997E+02
  0.260946E+02  0.167875E+02  0.155259E+02  0.000000E+00  0.000000E+00  0.265985E-05  0.164955E+02
  0.263568E+02  0.164835E+02  0.152443E+02  0.000000E+00  0.000000E+00  0.253187E-05  0.161967E+02
  0.266217E+02  0.161850E+02  0.149678E+02  0.000000E+00  0.000000E+00  0.247550E-05  0.159033E+02
  0.268893E+02  0.158918E+02  0.146961E+02  0.000000E+00  0.000000E+00  0.240850E-05  0.156152E+02
  0.271595E+02  0.156039E+02  0.144294E+02  0.000000E+00  0.000000E+00  0.225099E-05  0.153322E+02
  0.274325E+02  0.153212E+02  0.141675E+02  0.000000E+00  0.000000E+00  0.221228E-05  0.150543E+02
  0.277082E+02  0.150436E+02  0.139102E+02  0.000000E+00  0.000000E+00  0.209698E-05  0.147814E+02
  0.279866E+02  0.147709E+02  0.136576E+02  0.000000E+00  0.000000E+00  0.211512E-05  0.145134E+02
  0.282679E+02  0.145031E+02  0.134095E+02  0.000000E+00  0.000000E+00  0.193843E-05  0.142503E+02
  0.285520E+02  0.142402E+02  0.131659E+02  0.000000E+00  0.000000E+00  0.194471E-05  0.139918E+02
  0.288390E+02  0.139820E+02  0.129267E+02  0.000000E+00  0.000000E+00  0.179795E-05  0.137380E+02
  0.291288E+02  0.137284E+02  0.126917E+02  0.000000E+00  0.000000E+00  0.172603E-05  0.134888E+02
  0.294216E+02  0.134794E+02  0.124610E+02  0.000000E+00  0.000000E+00  0.168855E-05  0.132440E+02
  0.297173E+02  0.132348E+02  0.122344E+02  0.000000E+00  0.000000E+00  0.165785E-05  0.130036E+02
  0.300159E+02  0.129947E+02  0.120119E+02  0.000000E+00  0.000000E+00  0.158869E-05  0.127676E+02
  0.303176E+02  0.127589E+02  0.117934E+02  0.000000E+00  0.000000E+00  0.152077E-05  0.125358E+02
  0.306223E+02  0.125273E+02  0.115789E+02  0.000000E+00  0.000000E+00  0.144919E-05  0.123082E+02
  0.309300E+02  0.122998E+02  0.113682E+02  0.000000E+00  0.000000E+00  0.137589E-05  0.120847E+02
  0.312409E+02  0.120765E+02  0.111612E+02  0.000000E+00  0.000000E+00  0.132531E-05  0.118652E+02
  0.315549E+02  0.118572E+02  0.109581E+02  0.000000E+00  0.000000E+00  0.126923E-05  0.116496E+02
  0.318720E+02  0.116419E+02  0.107585E+02  0.000000E+00  0.000000E+00  0.123574E-05  0.114380E+02
  0.321923E+02  0.114304E+02  0.105626E+02  0.000000E+00  0.000000E+00  0.119251E-05  0.112301E+02
  0.325159E+02  0.112227E+02  0.103702E+02  0.000000E+00  0.000000E+00  0.117739E-05  0.110260E+02
  0.328426E+02  0.110188E+02  0.101813E+02  0.000000E+00  0.000000E+00  0.112840E-05  0.108256E+02
  0.331727E+02  0.108186E+02  0.999572E+01  0.000000E+00  0.000000E+00  0.104703E-05  0.106287E+02
  0.335061E+02  0.106219E+02  0.981352E+01  0.000000E+00  0.000000E+00  0.100412E-05  0.104355E+02
  0.338429E+02  0.104288E+02  0.963460E+01  0.000000E+00  0.000000E+00  0.996890E-06  0.102457E+02
  0.341830E+02  0.102392E+02  0.945893E+01  0.000000E+00  0.000000E+00  0.938941E-06  0.100593E+02
  0.345265E+02  0.100530E+02  0.928640E+01  0.000000E+00  0.000000E+00  0.892810E-06  0.987631E+01
  0.348735E+02  0.987019E+01  0.911699E+01  0.000000E+00  0.000000E+00  0.893467E-06  0.969659E+01
  0.352240E+02  0.969065E+01  0.895063E+01  0.000000E+00  0.000000E+00  0.840488E-06  0.952012E+01
  0.355780E+02  0.951436E+01  0.878729E+01  0.000000E+00  0.000000E+00  0.791185E-06  0.934685E+01
  0.359356E+02  0.934124E+01  0.862688E+01  0.000000E+00  0.000000E+00  0.791922E-06  0.917669E+01
  0.362967E+02  0.917124E+01  0.846936E+01  0.000000E+00  0.000000E+00  0.748210E-06  0.900960E+01
  0.366615E+02  0.900431E+01  0.831468E+01  0.000000E+00  0.000000E+00  0.747965E-06  0.884552E+01
  0.370300E+02  0.884039E+01  0.816280E+01  0.000000E+00  0.000000E+00  0.710855E-06  0.868441E+01
  0.374021E+02  0.867945E+01  0.801367E+01  0.000000E+00  0.000000E+00  0.673363E-06  0.852622E+01
  0.377780E+02  0.852140E+01  0.786723E+01  0.000000E+00  0.000000E+00  0.646148E-06  0.837088E+01
  0.381577E+02  0.836621E+01  0.772342E+01  0.000000E+00  0.000000E+00  0.619606E-06  0.821834E+01
  0.385412E+02  0.821381E+01  0.758221E+01  0.000000E+00  0.000000E+00  0.609385E-06  0.806855E+01
  0.389285E+02  0.806419E+01  0.744357E+01  0.000000E+00  0.000000E+00  0.575907E-06  0.792148E+01
  0.393198E+02  0.791726E+01  0.730742E+01  0.000000E+00  0.000000E+00  0.557240E-06  0.777706E+01
  0.397150E+02  0.777298E+01  0.717372E+01  0.000000E+00  0.000000E+00  0.526063E-06  0.763525E+01
  0.401141E+02  0.763131E+01  0.704245E+01  0.000000E+00  0.000000E+00  0.527654E-06  0.749600E+01
  0.405172E+02  0.749221E+01  0.691356E+01  0.000000E+00  0.000000E+00  0.507221E-06  0.735928E+01
  0.409244E+02  0.735562E+01  0.678698E+01  0.000000E+00  0.000000E+00  0.458479E-06  0.722502E+01
  0.413358E+02  0.722149E+01  0.666270E+01  0.000000E+00  0.000000E+00  0.447850E-06  0.709319E+01
  0.417512E+02  0.708980E+01  0.654066E+01  0.000000E+00  0.000000E+00  0.449871E-06  0.696375E+01
  0.421708E+02  0.696049E+01  0.642084E+01  0.000000E+00  0.000000E+00  0.434450E-06  0.683665E+01
  0.425946E+02  0.683352E+01  0.630318E+01  0.000000E+00  0.000000E+00  0.395805E-06  0.671185E+01
  0.430227E+02  0.670884E+01  0.618764E+01  0.000000E+00  0.000000E+00  0.380431E-06  0.658930E+01
  0.434551E+02  0.658642E+01  0.607420E+01  0.000000E+00  0.000000E+00  0.376199E-06  0.646897E+01
  0.438918E+02  0.646623E+01  0.596282E+01  0.000000E+00  0.000000E+00  0.370290E-06  0.635083E+01
  0.443329E+02  0.634820E+01  0.585344E+01  0.000000E+00  0.000000E+00  0.362568E-06  0.623482E+01
  0.447785E+02  0.623231E+01  0.574605E+01  0.000000E+00  0.000000E+00  0.328670E-06  0.612091E+01
  0.452285E+02  0.611852E+01  0.564059E+01  0.000000E+00  0.000000E+00  0.333981E-06  0.600906E+01
  0.456831E+02  0.600680E+01  0.553706E+01  0.000000E+00  0.000000E+00  0.315811E-06  0.589925E+01
  0.461422E+02  0.589709E+01  0.543540E+01  0.000000E+00  0.000000E+00  0.303375E-06  0.579142E+01
  0.466059E+02  0.578937E+01  0.533557E+01  0.000000E+00  0.000000E+00  0.292392E-06  0.568554E+01
  0.470743E+02  0.568360E+01  0.523755E+01  0.000000E+00  0.000000E+00  0.278740E-06  0.558158E+01
  0.475475E+02  0.557975E+01  0.514131E+01  0.000000E+00  0.000000E+00  0.260592E-06  0.547950E+01
  0.480253E+02  0.547780E+01  0.504682E+01  0.000000E+00  0.000000E+00  0.256171E-06  0.537929E+01
  0.485080E+02  0.537768E+01  0.495404E+01  0.000000E+00  0.000000E+00  0.245597E-06  0.528088E+01
  0.489955E+02  0.527937E+01  0.486294E+01  0.000000E+00  0.000000E+00  0.243881E-06  0.518425E+01
  0.494879E+02  0.518285E+01  0.477349E+01  0.000000E+00  0.000000E+00  0.229979E-06  0.508938E+01
  0.499852E+02  0.508809E+01  0.468566E+01  0.000000E+00  0.000000E+00  0.209044E-06  0.499624E+01
  0.504876E+02  0.499504E+01  0.459943E+01  0.000000E+00  0.000000E+00  0.201873E-06  0.490478E+01
  0.509950E+02  0.490368E+01  0.451475E+01  0.000000E+00  0.000000E+00  0.197930E-06  0.481497E+01
  0.515075E+02  0.481398E+01  0.443162E+01  0.000000E+00  0.000000E+00  0.197184E-06  0.472680E+01
  0.520252E+02  0.472591E+01  0.435000E+01  0.000000E+00  0.000000E+00  0.185295E-06  0.464024E+01
  0.525480E+02  0.463943E+01  0.426985E+01  0.000000E+00  0.000000E+00  0.176493E-06  0.455524E+01
  0.530762E+02  0.455452E+01  0.419116E+01  0.000000E+00  0.000000E+00  0.170874E-06  0.447178E+01
  0.536096E+02  0.447116E+01  0.411389E+01  0.000000E+00  0.000000E+00  0.163944E-06  0.438983E+01
  0.541483E+02  0.438931E+01  0.403803E+01  0.000000E+00  0.000000E+00  0.155747E-06  0.430939E+01
  0.546926E+02  0.430895E+01  0.396355E+01  0.000000E+00  0.000000E+00  0.156496E-06  0.423039E+01
  0.552422E+02  0.423004E+01  0.389042E+01  0.000000E+00  0.000000E+00  0.152351E-06  0.415283E+01
  0.557974E+02  0.415257E+01  0.381861E+01  0.000000E+00  0.000000E+00  0.142455E-06  0.407668E+01
  0.563582E+02  0.407652E+01  0.374812E+01  0.000000E+00  0.000000E+00  0.132487E-06  0.400192E+01
  0.569246E+02  0.400183E+01  0.367890E+01  0.000000E+00  0.000000E+00  0.134231E-06  0.392852E+01
  0.574967E+02  0.392851E+01  0.361094E+01  0.000000E+00  0.000000E+00  0.127090E-06  0.385644E+01
  0.580746E+02  0.385652E+01  0.354421E+01  0.000000E+00  0.000000E+00  0.128239E-06  0.378568E+01
  0.586582E+02  0.378584E+01  0.347870E+01  0.000000E+00  0.000000E+00  0.122543E-06  0.371621E+01
  0.592477E+02  0.371644E+01  0.341437E+01  0.000000E+00  0.000000E+00  0.118744E-06  0.364799E+01
  0.598432E+02  0.364831E+01  0.335122E+01  0.000000E+00  0.000000E+00  0.105393E-06  0.358102E+01
  0.604446E+02  0.358141E+01  0.328921E+01  0.000000E+00  0.000000E+00  0.106748E-06  0.351527E+01
  0.610521E+02  0.351574E+01  0.322833E+01  0.000000E+00  0.000000E+00  0.107266E-06  0.345071E+01
  0.616657E+02  0.345126E+01  0.316856E+01  0.000000E+00  0.000000E+00  0.917053E-07  0.338733E+01
  0.622854E+02  0.338795E+01  0.310988E+01  0.000000E+00  0.000000E+00  0.898221E-07  0.332510E+01
  0.629114E+02  0.332579E+01  0.305226E+01  0.000000E+00  0.000000E+00  0.863189E-07  0.326400E+01
  0.635437E+02  0.326476E+01  0.299569E+01  0.000000E+00  0.000000E+00  0.876754E-07  0.320401E+01
  0.641823E+02  0.320485E+01  0.294015E+01  0.000000E+00  0.000000E+00  0.878764E-07  0.314512E+01
  0.648274E+02  0.314603E+01  0.288562E+01  0.000000E+00  0.000000E+00  0.790405E-07  0.308730E+01
  0.654789E+02  0.308827E+01  0.283208E+01  0.000000E+00  0.000000E+00  0.770733E-07  0.303053E+01
  0.661370E+02  0.303157E+01  0.277952E+01  0.000000E+00  0.000000E+00  0.697774E-07  0.297479E+01
  0.668016E+02  0.297591E+01  0.272792E+01  0.000000E+00  0.000000E+00  0.721729E-07  0.292007E+01
  0.674730E+02  0.292125E+01  0.267725E+01  0.000000E+00  0.000000E+00  0.703999E-07  0.286635E+01
  0.681511E+02  0.286759E+01  0.262750E+01  0.000000E+00  0.000000E+00  0.689663E-07  0.281360E+01
  0.688361E+02  0.281491E+01  0.257867E+01  0.000000E+00  0.000000E+00  0.613852E-07  0.276182E+01
  0.695279E+02  0.276319E+01  0.253072E+01  0.000000E+00  0.000000E+00  0.653709E-07  0.271098E+01
  0.702266E+02  0.271241E+01  0.248364E+01  0.000000E+00  0.000000E+00  0.611426E-07  0.266107E+01
  0.709324E+02  0.266256E+01  0.243743E+01  0.000000E+00  0.000000E+00  0.596935E-07  0.261206E+01
  0.716453E+02  0.261361E+01  0.239205E+01  0.000000E+00  0.000000E+00  0.555857E-07  0.256395E+01
  0.723653E+02  0.256557E+01  0.234750E+01  0.000000E+00  0.000000E+00  0.528415E-07  0.251672E+01
  0.730926E+02  0.251839E+01  0.230377E+01  0.000000E+00  0.000000E+00  0.477201E-07  0.247035E+01
  0.738272E+02  0.247208E+01  0.226082E+01  0.000000E+00  0.000000E+00  0.502593E-07  0.242482E+01
  0.745692E+02  0.242660E+01  0.221867E+01  0.000000E+00  0.000000E+00  0.457721E-07  0.238012E+01
  0.753186E+02  0.238197E+01  0.217728E+01  0.000000E+00  0.000000E+00  0.470037E-07  0.233624E+01
  0.760756E+02  0.233814E+01  0.213665E+01  0.000000E+00  0.000000E+00  0.444645E-07  0.229316E+01
  0.768402E+02  0.229511E+01  0.209675E+01  0.000000E+00  0.000000E+00  0.442740E-07  0.225087E+01
  0.776125E+02  0.225287E+01  0.205759E+01  0.000000E+00  0.000000E+00  0.410068E-07  0.220934E+01
  0.783925E+02  0.221140E+01  0.201913E+01  0.000000E+00  0.000000E+00  0.383825E-07  0.216858E+01
  0.791803E+02  0.217069E+01  0.198139E+01  0.000000E+00  0.000000E+00  0.363362E-07  0.212856E+01
  0.799761E+02  0.213072E+01  0.194433E+01  0.000000E+00  0.000000E+00  0.362168E-07  0.208927E+01
  0.807799E+02  0.209148E+01  0.190794E+01  0.000000E+00  0.000000E+00  0.359128E-07  0.205070E+01
  0.815918E+02  0.205296E+01  0.187222E+01  0.000000E+00  0.000000E+00  0.319365E-07  0.201283E+01
  0.824117E+02  0.201514E+01  0.183715E+01  0.000000E+00  0.000000E+00  0.292485E-07  0.197565E+01
  0.832400E+02  0.197801E+01  0.180272E+01  0.000000E+00  0.000000E+00  0.312674E-07  0.193916E+01
  0.840766E+02  0.194156E+01  0.176892E+01  0.000000E+00  0.000000E+00  0.311456E-07  0.190332E+01
  0.849216E+02  0.190578E+01  0.173574E+01  0.000000E+00  0.000000E+00  0.267107E-07  0.186815E+01
  0.857750E+02  0.187065E+01  0.170317E+01  0.000000E+00  0.000000E+00  0.285691E-07  0.183362E+01
  0.866371E+02  0.183616E+01  0.167118E+01  0.000000E+00  0.000000E+00  0.281125E-07  0.179971E+01
  0.875078E+02  0.180230E+01  0.163979E+01  0.000000E+00  0.000000E+00  0.258789E-07  0.176643E+01
  0.883873E+02  0.176906E+01  0.160896E+01  0.000000E+00  0.000000E+00  0.252437E-07  0.173375E+01
  0.892756E+02  0.173643E+01  0.157870E+01  0.000000E+00  0.000000E+00  0.232655E-07  0.170168E+01
  0.901729E+02  0.170440E+01  0.154899E+01  0.000000E+00  0.000000E+00  0.223178E-07  0.167018E+01
  0.910790E+02  0.167295E+01  0.151983E+01  0.000000E+00  0.000000E+00  0.202258E-07  0.163927E+01
  0.919943E+02  0.164208E+01  0.149120E+01  0.000000E+00  0.000000E+00  0.192170E-07  0.160892E+01
  0.929189E+02  0.161177E+01  0.146309E+01  0.000000E+00  0.000000E+00  0.199726E-07  0.157913E+01
  0.938528E+02  0.158201E+01  0.143549E+01  0.000000E+00  0.000000E+00  0.186779E-07  0.154988E+01
  0.947961E+02  0.155280E+01  0.140840E+01  0.000000E+00  0.000000E+00  0.196862E-07  0.152116E+01
  0.957488E+02  0.152413E+01  0.138181E+01  0.000000E+00  0.000000E+00  0.187911E-07  0.149297E+01
  0.967111E+02  0.149598E+01  0.135570E+01  0.000000E+00  0.000000E+00  0.169711E-07  0.146530E+01
  0.976831E+02  0.146834E+01  0.133007E+01  0.000000E+00  0.000000E+00  0.160216E-07  0.143813E+01
  0.986647E+02  0.144122E+01  0.130491E+01  0.000000E+00  0.000000E+00  0.163476E-07  0.141147E+01
  0.996563E+02  0.141458E+01  0.128021E+01  0.000000E+00  0.000000E+00  0.155303E-07  0.138529E+01
  0.100658E+03  0.138844E+01  0.125596E+01  0.000000E+00  0.000000E+00  0.150103E-07  0.135958E+01
