  0.994668E-05  0.440638E+07  0.440638E+07  0.587458E+07  0.587456E+07  0.441314E+07  0.440641E+07
  0.109829E-04  0.440638E+07  0.440638E+07  0.587445E+07  0.587443E+07  0.441313E+07  0.440641E+07
  0.121270E-04  0.440638E+07  0.440638E+07  0.587429E+07  0.587427E+07  0.441313E+07  0.440641E+07
  0.133904E-04  0.440637E+07  0.440637E+07  0.587410E+07  0.587407E+07  0.441312E+07  0.440641E+07
  0.147854E-04  0.440637E+07  0.440637E+07  0.587386E+07  0.587382E+07  0.441311E+07  0.440640E+07
  0.163257E-04  0.440637E+07  0.440637E+07  0.587358E+07  0.587353E+07  0.441310E+07  0.440640E+07
  0.180264E-04  0.440637E+07  0.440637E+07  0.587323E+07  0.587317E+07  0.441308E+07  0.440640E+07
  0.199043E-04  0.440636E+07  0.440636E+07  0.587280E+07  0.587273E+07  0.441306E+07  0.440640E+07
  0.219779E-04  0.440636E+07  0.440636E+07  0.587228E+07  0.587219E+07  0.441304E+07  0.440639E+07
  0.242675E-04  0.440636E+07  0.440636E+07  0.587165E+07  0.587154E+07  0.441302E+07  0.440639E+07
  0.267956E-04  0.440635E+07  0.440635E+07  0.587087E+07  0.587074E+07  0.441298E+07  0.440638E+07
  0.295871E-04  0.440634E+07  0.440634E+07  0.586993E+07  0.586977E+07  0.441294E+07  0.440638E+07
  0.326693E-04  0.440634E+07  0.440634E+07  0.586878E+07  0.586858E+07  0.441289E+07  0.440637E+07
  0.360727E-04  0.440633E+07  0.440632E+07  0.586738E+07  0.586714E+07  0.441283E+07  0.440636E+07
  0.398307E-04  0.440631E+07  0.440631E+07  0.586567E+07  0.586538E+07  0.441276E+07  0.440634E+07
  0.439801E-04  0.440630E+07  0.440630E+07  0.586359E+07  0.586324E+07  0.441267E+07  0.440633E+07
  0.485618E-04  0.440628E+07  0.440628E+07  0.586106E+07  0.586062E+07  0.441256E+07  0.440631E+07
  0.536208E-04  0.440626E+07  0.440626E+07  0.585797E+07  0.585744E+07  0.441243E+07  0.440629E+07
  0.592068E-04  0.440623E+07  0.440623E+07  0.585420E+07  0.585356E+07  0.441227E+07  0.440626E+07
  0.653748E-04  0.440620E+07  0.440620E+07  0.584961E+07  0.584883E+07  0.441208E+07  0.440623E+07
  0.721853E-04  0.440616E+07  0.440616E+07  0.584402E+07  0.584307E+07  0.441184E+07  0.440619E+07
  0.797053E-04  0.440611E+07  0.440611E+07  0.583722E+07  0.583605E+07  0.441155E+07  0.440614E+07
  0.880087E-04  0.440605E+07  0.440605E+07  0.582893E+07  0.582751E+07  0.441119E+07  0.440608E+07
  0.971772E-04  0.440598E+07  0.440597E+07  0.581883E+07  0.581711E+07  0.441076E+07  0.440600E+07
  0.107301E-03  0.440590E+07  0.440588E+07  0.580655E+07  0.580445E+07  0.441024E+07  0.440591E+07
  0.118479E-03  0.440579E+07  0.440577E+07  0.579161E+07  0.578905E+07  0.440960E+07  0.440580E+07
  0.130822E-03  0.440566E+07  0.440564E+07  0.577345E+07  0.577033E+07  0.440881E+07  0.440567E+07
  0.144450E-03  0.440550E+07  0.440548E+07  0.575137E+07  0.574759E+07  0.440786E+07  0.440551E+07
  0.159499E-03  0.440531E+07  0.440528E+07  0.572457E+07  0.571997E+07  0.440670E+07  0.440531E+07
  0.176115E-03  0.440507E+07  0.440504E+07  0.569205E+07  0.568646E+07  0.440529E+07  0.440507E+07
  0.194462E-03  0.440479E+07  0.440475E+07  0.565264E+07  0.564587E+07  0.440357E+07  0.440478E+07
  0.214720E-03  0.440444E+07  0.440439E+07  0.560494E+07  0.559674E+07  0.440147E+07  0.440442E+07
  0.237089E-03  0.440402E+07  0.440396E+07  0.554730E+07  0.553739E+07  0.439892E+07  0.440398E+07
  0.261788E-03  0.440350E+07  0.440343E+07  0.547779E+07  0.546582E+07  0.439582E+07  0.440345E+07
  0.289060E-03  0.440288E+07  0.440278E+07  0.539417E+07  0.537976E+07  0.439204E+07  0.440281E+07
  0.319173E-03  0.440211E+07  0.440200E+07  0.529387E+07  0.527655E+07  0.438744E+07  0.440203E+07
  0.352424E-03  0.440119E+07  0.440105E+07  0.517400E+07  0.515326E+07  0.438186E+07  0.440107E+07
  0.389138E-03  0.440006E+07  0.439990E+07  0.503137E+07  0.500662E+07  0.437508E+07  0.439992E+07
  0.429677E-03  0.439870E+07  0.439850E+07  0.486258E+07  0.483320E+07  0.436686E+07  0.439852E+07
  0.474439E-03  0.439705E+07  0.439681E+07  0.466417E+07  0.462949E+07  0.435689E+07  0.439682E+07
  0.523865E-03  0.439504E+07  0.439476E+07  0.443285E+07  0.439221E+07  0.434483E+07  0.439476E+07
  0.578439E-03  0.439262E+07  0.439229E+07  0.416590E+07  0.411867E+07  0.433025E+07  0.439227E+07
  0.638699E-03  0.438971E+07  0.438931E+07  0.386167E+07  0.380738E+07  0.431266E+07  0.438927E+07
  0.705236E-03  0.438619E+07  0.438573E+07  0.352035E+07  0.345871E+07  0.429149E+07  0.438566E+07
  0.778705E-03  0.438197E+07  0.438143E+07  0.314481E+07  0.307590E+07  0.426608E+07  0.438133E+07
  0.859828E-03  0.437692E+07  0.437629E+07  0.274160E+07  0.266599E+07  0.423570E+07  0.437614E+07
  0.949402E-03  0.437089E+07  0.437016E+07  0.232187E+07  0.224073E+07  0.419946E+07  0.436995E+07
  0.104831E-02  0.436372E+07  0.436290E+07  0.190186E+07  0.181703E+07  0.415655E+07  0.436260E+07
  0.115752E-02  0.435523E+07  0.435432E+07  0.150245E+07  0.141643E+07  0.410597E+07  0.435390E+07
  0.127810E-02  0.434524E+07  0.434424E+07  0.114720E+07  0.106286E+07  0.404672E+07  0.434366E+07
  0.141125E-02  0.433354E+07  0.433245E+07  0.858232E+06  0.778373E+06  0.397812E+07  0.433168E+07
  0.155827E-02  0.431992E+07  0.431875E+07  0.650052E+06  0.576732E+06  0.389956E+07  0.431773E+07
  0.172061E-02  0.430414E+07  0.430292E+07  0.522648E+06  0.456573E+06  0.381056E+07  0.430160E+07
  0.189985E-02  0.428598E+07  0.428470E+07  0.457211E+06  0.397560E+06  0.371103E+07  0.428304E+07
  0.209777E-02  0.426520E+07  0.426386E+07  0.419352E+06  0.364498E+06  0.360138E+07  0.426183E+07
  0.231631E-02  0.424153E+07  0.424010E+07  0.373286E+06  0.322365E+06  0.348253E+07  0.423769E+07
  0.255762E-02  0.421470E+07  0.421315E+07  0.303010E+06  0.257299E+06  0.335597E+07  0.421037E+07
  0.282406E-02  0.418442E+07  0.418270E+07  0.224619E+06  0.186875E+06  0.322357E+07  0.417958E+07
  0.311826E-02  0.415039E+07  0.414845E+07  0.170247E+06  0.141567E+06  0.308728E+07  0.414503E+07
  0.344311E-02  0.411232E+07  0.411012E+07  0.148586E+06  0.000000E+00  0.294879E+07  0.410643E+07
  0.380180E-02  0.406992E+07  0.406742E+07  0.130392E+06  0.000000E+00  0.280911E+07  0.406352E+07
  0.419786E-02  0.402289E+07  0.402004E+07  0.958144E+05  0.000000E+00  0.266850E+07  0.401599E+07
  0.463518E-02  0.397096E+07  0.396768E+07  0.706308E+05  0.000000E+00  0.252676E+07  0.396356E+07
  0.511806E-02  0.391383E+07  0.391003E+07  0.643889E+05  0.000000E+00  0.238371E+07  0.390594E+07
  0.565124E-02  0.385137E+07  0.384694E+07  0.486531E+05  0.000000E+00  0.223029E+07  0.384294E+07
  0.623997E-02  0.378300E+07  0.377783E+07  0.398455E+05  0.000000E+00  0.207813E+07  0.377406E+07
  0.689002E-02  0.370858E+07  0.370251E+07  0.361147E+05  0.000000E+00  0.192239E+07  0.369910E+07
  0.760780E-02  0.362774E+07  0.362060E+07  0.251362E+05  0.000000E+00  0.176346E+07  0.361770E+07
  0.840036E-02  0.354029E+07  0.353189E+07  0.226894E+05  0.000000E+00  0.160757E+07  0.352972E+07
  0.927548E-02  0.344595E+07  0.343606E+07  0.176155E+05  0.000000E+00  0.145884E+07  0.343487E+07
  0.102418E-01  0.334442E+07  0.333279E+07  0.114284E+05  0.000000E+00  0.131526E+07  0.333285E+07
  0.113087E-01  0.323545E+07  0.322178E+07  0.111169E+05  0.000000E+00  0.117394E+07  0.322339E+07
  0.124868E-01  0.311882E+07  0.310280E+07  0.826685E+04  0.000000E+00  0.103869E+07  0.310628E+07
  0.137877E-01  0.299433E+07  0.297563E+07  0.648950E+04  0.000000E+00  0.912561E+06  0.298134E+07
  0.152240E-01  0.286189E+07  0.284016E+07  0.549962E+04  0.000000E+00  0.794401E+06  0.284846E+07
  0.168100E-01  0.272154E+07  0.269646E+07  0.412834E+04  0.000000E+00  0.683843E+06  0.270769E+07
  0.185612E-01  0.257353E+07  0.254483E+07  0.296422E+04  0.000000E+00  0.583489E+06  0.255930E+07
  0.204948E-01  0.241845E+07  0.238596E+07  0.204789E+04  0.000000E+00  0.491981E+06  0.240389E+07
  0.226299E-01  0.225735E+07  0.222105E+07  0.177087E+04  0.000000E+00  0.410369E+06  0.224253E+07
  0.249874E-01  0.209188E+07  0.205200E+07  0.131240E+04  0.000000E+00  0.338100E+06  0.207690E+07
  0.275905E-01  0.192445E+07  0.188152E+07  0.965949E+03  0.000000E+00  0.275465E+06  0.190946E+07
  0.304648E-01  0.175829E+07  0.171326E+07  0.813688E+03  0.000000E+00  0.221928E+06  0.174348E+07
  0.336385E-01  0.159740E+07  0.155164E+07  0.527634E+03  0.000000E+00  0.177052E+06  0.158302E+07
  0.371429E-01  0.144626E+07  0.140157E+07  0.449692E+03  0.000000E+00  0.140243E+06  0.143260E+07
  0.410123E-01  0.130918E+07  0.126763E+07  0.291553E+03  0.000000E+00  0.110658E+06  0.129656E+07
  0.451135E-01  0.119316E+07  0.115655E+07  0.000000E+00  0.000000E+00  0.881137E+05  0.118180E+07
  0.492148E-01  0.110265E+07  0.107183E+07  0.000000E+00  0.000000E+00  0.717914E+05  0.109261E+07
  0.533160E-01  0.102975E+07  0.100475E+07  0.000000E+00  0.000000E+00  0.595865E+05  0.102098E+07
  0.574172E-01  0.968491E+06  0.948608E+06  0.000000E+00  0.000000E+00  0.501511E+05  0.960814E+06
  0.615185E-01  0.914425E+06  0.898476E+06  0.000000E+00  0.000000E+00  0.426298E+05  0.907626E+06
  0.656197E-01  0.863468E+06  0.850033E+06  0.000000E+00  0.000000E+00  0.364309E+05  0.857302E+06
  0.697209E-01  0.813056E+06  0.800739E+06  0.000000E+00  0.000000E+00  0.311876E+05  0.807291E+06
  0.738221E-01  0.762387E+06  0.750026E+06  0.000000E+00  0.000000E+00  0.267017E+05  0.756833E+06
  0.779234E-01  0.712115E+06  0.698934E+06  0.000000E+00  0.000000E+00  0.228566E+05  0.706645E+06
  0.820246E-01  0.663625E+06  0.649285E+06  0.000000E+00  0.000000E+00  0.195943E+05  0.658175E+06
  0.861258E-01  0.618292E+06  0.602873E+06  0.000000E+00  0.000000E+00  0.168467E+05  0.612864E+06
  0.912474E-01  0.567840E+06  0.551668E+06  0.000000E+00  0.000000E+00  0.140584E+05  0.562512E+06
  0.963690E-01  0.525751E+06  0.509792E+06  0.000000E+00  0.000000E+00  0.118820E+05  0.520648E+06
  0.101491E+00  0.492545E+06  0.477768E+06  0.000000E+00  0.000000E+00  0.102045E+05  0.487789E+06
  0.106612E+00  0.467034E+06  0.454130E+06  0.000000E+00  0.000000E+00  0.890573E+04  0.462706E+06
  0.111734E+00  0.446720E+06  0.435948E+06  0.000000E+00  0.000000E+00  0.786848E+04  0.442840E+06
  0.116855E+00  0.428892E+06  0.420066E+06  0.000000E+00  0.000000E+00  0.699831E+04  0.425417E+06
  0.121977E+00  0.411427E+06  0.404025E+06  0.000000E+00  0.000000E+00  0.623596E+04  0.408269E+06
  0.127098E+00  0.393072E+06  0.386418E+06  0.000000E+00  0.000000E+00  0.554759E+04  0.390123E+06
  0.132220E+00  0.373475E+06  0.366927E+06  0.000000E+00  0.000000E+00  0.491836E+04  0.370634E+06
  0.137342E+00  0.353031E+06  0.346136E+06  0.000000E+00  0.000000E+00  0.434682E+04  0.350226E+06
  0.142463E+00  0.332626E+06  0.325197E+06  0.000000E+00  0.000000E+00  0.383751E+04  0.329826E+06
  0.147585E+00  0.313385E+06  0.305498E+06  0.000000E+00  0.000000E+00  0.339400E+04  0.310597E+06
  0.152706E+00  0.296361E+06  0.288287E+06  0.000000E+00  0.000000E+00  0.301894E+04  0.293621E+06
  0.157828E+00  0.282143E+06  0.274241E+06  0.000000E+00  0.000000E+00  0.270839E+04  0.279498E+06
  0.162949E+00  0.270639E+06  0.263240E+06  0.000000E+00  0.000000E+00  0.245306E+04  0.268131E+06
  0.168071E+00  0.261264E+06  0.254590E+06  0.000000E+00  0.000000E+00  0.223981E+04  0.258920E+06
  0.173193E+00  0.253261E+06  0.247379E+06  0.000000E+00  0.000000E+00  0.205710E+04  0.251087E+06
  0.178314E+00  0.245865E+06  0.240691E+06  0.000000E+00  0.000000E+00  0.189457E+04  0.243843E+06
  0.183436E+00  0.238372E+06  0.233712E+06  0.000000E+00  0.000000E+00  0.174454E+04  0.236471E+06
  0.188557E+00  0.230326E+06  0.225940E+06  0.000000E+00  0.000000E+00  0.160297E+04  0.228509E+06
  0.193679E+00  0.221676E+06  0.217342E+06  0.000000E+00  0.000000E+00  0.146857E+04  0.219908E+06
  0.198800E+00  0.212699E+06  0.208266E+06  0.000000E+00  0.000000E+00  0.134255E+04  0.210956E+06
  0.203922E+00  0.203792E+06  0.199200E+06  0.000000E+00  0.000000E+00  0.122697E+04  0.202064E+06
  0.209044E+00  0.195343E+06  0.190624E+06  0.000000E+00  0.000000E+00  0.112299E+04  0.193634E+06
  0.214165E+00  0.187681E+06  0.182932E+06  0.000000E+00  0.000000E+00  0.103126E+04  0.186002E+06
  0.219287E+00  0.181002E+06  0.176349E+06  0.000000E+00  0.000000E+00  0.951711E+03  0.179371E+06
  0.224408E+00  0.175307E+06  0.170867E+06  0.000000E+00  0.000000E+00  0.882972E+03  0.173738E+06
  0.229530E+00  0.170413E+06  0.166265E+06  0.000000E+00  0.000000E+00  0.822926E+03  0.168916E+06
  0.234651E+00  0.166045E+06  0.162214E+06  0.000000E+00  0.000000E+00  0.769504E+03  0.164621E+06
  0.239773E+00  0.161911E+06  0.158368E+06  0.000000E+00  0.000000E+00  0.720725E+03  0.160555E+06
  0.244895E+00  0.157764E+06  0.154442E+06  0.000000E+00  0.000000E+00  0.674993E+03  0.156464E+06
  0.250016E+00  0.153453E+06  0.150269E+06  0.000000E+00  0.000000E+00  0.631484E+03  0.152197E+06
  0.255138E+00  0.148960E+06  0.145834E+06  0.000000E+00  0.000000E+00  0.589979E+03  0.147734E+06
  0.260259E+00  0.144366E+06  0.141242E+06  0.000000E+00  0.000000E+00  0.550617E+03  0.143162E+06
  0.265381E+00  0.139806E+06  0.136660E+06  0.000000E+00  0.000000E+00  0.513808E+03  0.138620E+06
  0.270502E+00  0.135426E+06  0.132264E+06  0.000000E+00  0.000000E+00  0.479937E+03  0.134258E+06
  0.275624E+00  0.131349E+06  0.128201E+06  0.000000E+00  0.000000E+00  0.449132E+03  0.130202E+06
  0.280746E+00  0.127648E+06  0.124557E+06  0.000000E+00  0.000000E+00  0.421416E+03  0.126528E+06
  0.285867E+00  0.124328E+06  0.121335E+06  0.000000E+00  0.000000E+00  0.396583E+03  0.123240E+06
  0.290989E+00  0.121332E+06  0.118465E+06  0.000000E+00  0.000000E+00  0.374148E+03  0.120279E+06
  0.296110E+00  0.118568E+06  0.115839E+06  0.000000E+00  0.000000E+00  0.353657E+03  0.117551E+06
  0.301232E+00  0.115935E+06  0.113335E+06  0.000000E+00  0.000000E+00  0.334691E+03  0.114953E+06
  0.306353E+00  0.113344E+06  0.110852E+06  0.000000E+00  0.000000E+00  0.316860E+03  0.112391E+06
  0.311475E+00  0.110734E+06  0.108323E+06  0.000000E+00  0.000000E+00  0.299895E+03  0.109808E+06
  0.316597E+00  0.108089E+06  0.105728E+06  0.000000E+00  0.000000E+00  0.283727E+03  0.107184E+06
  0.321718E+00  0.105429E+06  0.103097E+06  0.000000E+00  0.000000E+00  0.268331E+03  0.104540E+06
  0.326840E+00  0.102797E+06  0.100482E+06  0.000000E+00  0.000000E+00  0.253770E+03  0.101924E+06
  0.331961E+00  0.100245E+06  0.979472E+05  0.000000E+00  0.000000E+00  0.240162E+03  0.993869E+05
  0.337083E+00  0.978170E+05  0.955439E+05  0.000000E+00  0.000000E+00  0.227532E+03  0.969745E+05
  0.342204E+00  0.955399E+05  0.933046E+05  0.000000E+00  0.000000E+00  0.215849E+03  0.947144E+05
  0.347326E+00  0.934191E+05  0.912353E+05  0.000000E+00  0.000000E+00  0.205089E+03  0.926122E+05
  0.352448E+00  0.914397E+05  0.893179E+05  0.000000E+00  0.000000E+00  0.195149E+03  0.906525E+05
  0.357569E+00  0.895731E+05  0.875181E+05  0.000000E+00  0.000000E+00  0.185906E+03  0.888059E+05
  0.362691E+00  0.877854E+05  0.857958E+05  0.000000E+00  0.000000E+00  0.177262E+03  0.870376E+05
  0.367812E+00  0.860447E+05  0.841139E+05  0.000000E+00  0.000000E+00  0.169113E+03  0.853149E+05
  0.372934E+00  0.843261E+05  0.824445E+05  0.000000E+00  0.000000E+00  0.161359E+03  0.836126E+05
  0.378055E+00  0.826171E+05  0.807743E+05  0.000000E+00  0.000000E+00  0.153962E+03  0.819182E+05
  0.383177E+00  0.809200E+05  0.791074E+05  0.000000E+00  0.000000E+00  0.146919E+03  0.802342E+05
  0.388299E+00  0.792489E+05  0.774608E+05  0.000000E+00  0.000000E+00  0.140213E+03  0.785750E+05
  0.393420E+00  0.776204E+05  0.758550E+05  0.000000E+00  0.000000E+00  0.133873E+03  0.769580E+05
  0.398542E+00  0.760478E+05  0.743064E+05  0.000000E+00  0.000000E+00  0.127906E+03  0.753968E+05
  0.403663E+00  0.745399E+05  0.728260E+05  0.000000E+00  0.000000E+00  0.122291E+03  0.739006E+05
  0.408785E+00  0.731018E+05  0.714197E+05  0.000000E+00  0.000000E+00  0.117019E+03  0.724747E+05
  0.413906E+00  0.717324E+05  0.700855E+05  0.000000E+00  0.000000E+00  0.112075E+03  0.711177E+05
  0.419028E+00  0.704227E+05  0.688130E+05  0.000000E+00  0.000000E+00  0.107420E+03  0.698204E+05
  0.424150E+00  0.691595E+05  0.675868E+05  0.000000E+00  0.000000E+00  0.103022E+03  0.685693E+05
  0.429271E+00  0.679311E+05  0.663936E+05  0.000000E+00  0.000000E+00  0.988596E+02  0.673525E+05
  0.434393E+00  0.667294E+05  0.652239E+05  0.000000E+00  0.000000E+00  0.948963E+02  0.661619E+05
  0.439514E+00  0.655489E+05  0.640716E+05  0.000000E+00  0.000000E+00  0.911052E+02  0.649917E+05
  0.444636E+00  0.643867E+05  0.629342E+05  0.000000E+00  0.000000E+00  0.874884E+02  0.638392E+05
  0.449757E+00  0.632444E+05  0.618141E+05  0.000000E+00  0.000000E+00  0.840331E+02  0.627060E+05
  0.454879E+00  0.621271E+05  0.607175E+05  0.000000E+00  0.000000E+00  0.807396E+02  0.615973E+05
  0.460001E+00  0.610404E+05  0.596512E+05  0.000000E+00  0.000000E+00  0.776113E+02  0.605192E+05
  0.465122E+00  0.599880E+05  0.586198E+05  0.000000E+00  0.000000E+00  0.746389E+02  0.594753E+05
  0.470244E+00  0.589706E+05  0.576243E+05  0.000000E+00  0.000000E+00  0.718118E+02  0.584663E+05
  0.475365E+00  0.579872E+05  0.566639E+05  0.000000E+00  0.000000E+00  0.691279E+02  0.574915E+05
  0.480487E+00  0.570364E+05  0.557365E+05  0.000000E+00  0.000000E+00  0.665818E+02  0.565490E+05
  0.485608E+00  0.561151E+05  0.548389E+05  0.000000E+00  0.000000E+00  0.641565E+02  0.556361E+05
  0.490730E+00  0.552193E+05  0.539660E+05  0.000000E+00  0.000000E+00  0.618481E+02  0.547484E+05
  0.495852E+00  0.543441E+05  0.531127E+05  0.000000E+00  0.000000E+00  0.596446E+02  0.538810E+05
  0.500973E+00  0.534863E+05  0.522754E+05  0.000000E+00  0.000000E+00  0.575318E+02  0.530307E+05
  0.506095E+00  0.526452E+05  0.514533E+05  0.000000E+00  0.000000E+00  0.555073E+02  0.521967E+05
  0.511216E+00  0.518213E+05  0.506472E+05  0.000000E+00  0.000000E+00  0.535703E+02  0.513797E+05
  0.516338E+00  0.510150E+05  0.498579E+05  0.000000E+00  0.000000E+00  0.517139E+02  0.505800E+05
  0.521459E+00  0.502269E+05  0.490862E+05  0.000000E+00  0.000000E+00  0.499382E+02  0.497984E+05
  0.526581E+00  0.494578E+05  0.483335E+05  0.000000E+00  0.000000E+00  0.482397E+02  0.490357E+05
  0.531703E+00  0.487092E+05  0.476012E+05  0.000000E+00  0.000000E+00  0.466128E+02  0.482933E+05
  0.536824E+00  0.479811E+05  0.468896E+05  0.000000E+00  0.000000E+00  0.450535E+02  0.475715E+05
  0.541946E+00  0.472725E+05  0.461974E+05  0.000000E+00  0.000000E+00  0.435647E+02  0.468689E+05
  0.547067E+00  0.465817E+05  0.455230E+05  0.000000E+00  0.000000E+00  0.421405E+02  0.461841E+05
  0.549761E+00  0.462259E+05  0.451759E+05  0.000000E+00  0.000000E+00  0.414228E+02  0.458315E+05
  0.555286E+00  0.455083E+05  0.444754E+05  0.000000E+00  0.000000E+00  0.399860E+02  0.451201E+05
  0.560867E+00  0.448007E+05  0.437846E+05  0.000000E+00  0.000000E+00  0.385958E+02  0.444187E+05
  0.566504E+00  0.441019E+05  0.431019E+05  0.000000E+00  0.000000E+00  0.372525E+02  0.437259E+05
  0.572197E+00  0.434114E+05  0.424269E+05  0.000000E+00  0.000000E+00  0.359516E+02  0.430412E+05
  0.577947E+00  0.427298E+05  0.417604E+05  0.000000E+00  0.000000E+00  0.346976E+02  0.423654E+05
  0.583756E+00  0.420581E+05  0.411035E+05  0.000000E+00  0.000000E+00  0.334856E+02  0.416993E+05
  0.589623E+00  0.413964E+05  0.404563E+05  0.000000E+00  0.000000E+00  0.323150E+02  0.410432E+05
  0.595549E+00  0.407447E+05  0.398192E+05  0.000000E+00  0.000000E+00  0.311835E+02  0.403970E+05
  0.601534E+00  0.401037E+05  0.391928E+05  0.000000E+00  0.000000E+00  0.300925E+02  0.397615E+05
  0.607579E+00  0.394738E+05  0.385773E+05  0.000000E+00  0.000000E+00  0.290388E+02  0.391370E+05
  0.613686E+00  0.388539E+05  0.379718E+05  0.000000E+00  0.000000E+00  0.280248E+02  0.385224E+05
  0.619854E+00  0.382430E+05  0.373751E+05  0.000000E+00  0.000000E+00  0.270472E+02  0.379167E+05
  0.626083E+00  0.376408E+05  0.367868E+05  0.000000E+00  0.000000E+00  0.261022E+02  0.373197E+05
  0.632375E+00  0.370475E+05  0.362070E+05  0.000000E+00  0.000000E+00  0.251877E+02  0.367315E+05
  0.638731E+00  0.364625E+05  0.356352E+05  0.000000E+00  0.000000E+00  0.243048E+02  0.361515E+05
  0.645150E+00  0.358855E+05  0.350711E+05  0.000000E+00  0.000000E+00  0.234524E+02  0.355794E+05
  0.651634E+00  0.353171E+05  0.345156E+05  0.000000E+00  0.000000E+00  0.226284E+02  0.350158E+05
  0.658183E+00  0.347578E+05  0.339688E+05  0.000000E+00  0.000000E+00  0.218325E+02  0.344613E+05
  0.664798E+00  0.342069E+05  0.334305E+05  0.000000E+00  0.000000E+00  0.210656E+02  0.339151E+05
  0.671479E+00  0.336646E+05  0.329005E+05  0.000000E+00  0.000000E+00  0.203288E+02  0.333774E+05
  0.678228E+00  0.331310E+05  0.323791E+05  0.000000E+00  0.000000E+00  0.196147E+02  0.328484E+05
  0.685044E+00  0.326057E+05  0.318658E+05  0.000000E+00  0.000000E+00  0.189232E+02  0.323275E+05
  0.691929E+00  0.320877E+05  0.313596E+05  0.000000E+00  0.000000E+00  0.182566E+02  0.318140E+05
  0.698883E+00  0.315774E+05  0.308610E+05  0.000000E+00  0.000000E+00  0.176166E+02  0.313081E+05
  0.705907E+00  0.310751E+05  0.303701E+05  0.000000E+00  0.000000E+00  0.169971E+02  0.308101E+05
  0.713001E+00  0.305802E+05  0.298863E+05  0.000000E+00  0.000000E+00  0.163964E+02  0.303193E+05
  0.720167E+00  0.300926E+05  0.294097E+05  0.000000E+00  0.000000E+00  0.158188E+02  0.298359E+05
  0.727405E+00  0.296127E+05  0.289408E+05  0.000000E+00  0.000000E+00  0.152620E+02  0.293601E+05
  0.734716E+00  0.291403E+05  0.284791E+05  0.000000E+00  0.000000E+00  0.147230E+02  0.288918E+05
  0.742099E+00  0.286749E+05  0.280243E+05  0.000000E+00  0.000000E+00  0.142041E+02  0.284303E+05
  0.749557E+00  0.282167E+05  0.275765E+05  0.000000E+00  0.000000E+00  0.137042E+02  0.279760E+05
  0.757091E+00  0.277655E+05  0.271356E+05  0.000000E+00  0.000000E+00  0.132184E+02  0.275287E+05
  0.764700E+00  0.273210E+05  0.267011E+05  0.000000E+00  0.000000E+00  0.127513E+02  0.270879E+05
  0.772385E+00  0.268833E+05  0.262734E+05  0.000000E+00  0.000000E+00  0.123029E+02  0.266540E+05
  0.780147E+00  0.264525E+05  0.258524E+05  0.000000E+00  0.000000E+00  0.118653E+02  0.262268E+05
  0.787988E+00  0.260280E+05  0.254375E+05  0.000000E+00  0.000000E+00  0.114470E+02  0.258059E+05
  0.795908E+00  0.256101E+05  0.250292E+05  0.000000E+00  0.000000E+00  0.110417E+02  0.253917E+05
  0.803907E+00  0.251990E+05  0.246273E+05  0.000000E+00  0.000000E+00  0.106516E+02  0.249840E+05
  0.811986E+00  0.247938E+05  0.242314E+05  0.000000E+00  0.000000E+00  0.102743E+02  0.245823E+05
  0.820147E+00  0.243949E+05  0.238415E+05  0.000000E+00  0.000000E+00  0.990937E+01  0.241868E+05
  0.828389E+00  0.240024E+05  0.234579E+05  0.000000E+00  0.000000E+00  0.955938E+01  0.237977E+05
  0.836715E+00  0.236156E+05  0.230799E+05  0.000000E+00  0.000000E+00  0.921960E+01  0.234142E+05
  0.845124E+00  0.232349E+05  0.227079E+05  0.000000E+00  0.000000E+00  0.889309E+01  0.230367E+05
  0.853617E+00  0.228602E+05  0.223416E+05  0.000000E+00  0.000000E+00  0.857652E+01  0.226652E+05
  0.862197E+00  0.224911E+05  0.219809E+05  0.000000E+00  0.000000E+00  0.827388E+01  0.222992E+05
  0.870862E+00  0.221279E+05  0.216260E+05  0.000000E+00  0.000000E+00  0.797966E+01  0.219391E+05
  0.879614E+00  0.217703E+05  0.212765E+05  0.000000E+00  0.000000E+00  0.769493E+01  0.215846E+05
  0.888454E+00  0.214181E+05  0.209323E+05  0.000000E+00  0.000000E+00  0.742308E+01  0.212354E+05
  0.897383E+00  0.210716E+05  0.205937E+05  0.000000E+00  0.000000E+00  0.715873E+01  0.208919E+05
  0.906403E+00  0.207303E+05  0.202601E+05  0.000000E+00  0.000000E+00  0.690427E+01  0.205535E+05
  0.915511E+00  0.203944E+05  0.199318E+05  0.000000E+00  0.000000E+00  0.665843E+01  0.202204E+05
  0.924713E+00  0.200638E+05  0.196087E+05  0.000000E+00  0.000000E+00  0.642178E+01  0.198927E+05
  0.934006E+00  0.197381E+05  0.192905E+05  0.000000E+00  0.000000E+00  0.619356E+01  0.195698E+05
  0.943393E+00  0.194177E+05  0.189773E+05  0.000000E+00  0.000000E+00  0.597265E+01  0.192521E+05
  0.952874E+00  0.191023E+05  0.186691E+05  0.000000E+00  0.000000E+00  0.575947E+01  0.189394E+05
  0.962451E+00  0.187917E+05  0.183655E+05  0.000000E+00  0.000000E+00  0.555485E+01  0.186314E+05
  0.972124E+00  0.184861E+05  0.180668E+05  0.000000E+00  0.000000E+00  0.535687E+01  0.183284E+05
  0.981894E+00  0.181851E+05  0.177727E+05  0.000000E+00  0.000000E+00  0.516575E+01  0.180300E+05
  0.991762E+00  0.178890E+05  0.174833E+05  0.000000E+00  0.000000E+00  0.498127E+01  0.177364E+05
  0.100173E+01  0.175974E+05  0.171983E+05  0.000000E+00  0.000000E+00  0.480376E+01  0.174473E+05
  0.101180E+01  0.173104E+05  0.169178E+05  0.000000E+00  0.000000E+00  0.463271E+01  0.171627E+05
  0.102197E+01  0.170279E+05  0.166418E+05  0.000000E+00  0.000000E+00  0.446765E+01  0.168827E+05
  0.103224E+01  0.167498E+05  0.163699E+05  0.000000E+00  0.000000E+00  0.430729E+01  0.166069E+05
  0.104261E+01  0.164762E+05  0.161025E+05  0.000000E+00  0.000000E+00  0.415323E+01  0.163357E+05
  0.105309E+01  0.162067E+05  0.158392E+05  0.000000E+00  0.000000E+00  0.400513E+01  0.160685E+05
  0.106367E+01  0.159416E+05  0.155801E+05  0.000000E+00  0.000000E+00  0.386156E+01  0.158057E+05
  0.107436E+01  0.156806E+05  0.153251E+05  0.000000E+00  0.000000E+00  0.372368E+01  0.155469E+05
  0.108516E+01  0.154238E+05  0.150741E+05  0.000000E+00  0.000000E+00  0.359064E+01  0.152923E+05
  0.109607E+01  0.151711E+05  0.148270E+05  0.000000E+00  0.000000E+00  0.346217E+01  0.150417E+05
  0.110708E+01  0.149223E+05  0.145839E+05  0.000000E+00  0.000000E+00  0.333870E+01  0.147950E+05
  0.111821E+01  0.146774E+05  0.143446E+05  0.000000E+00  0.000000E+00  0.321883E+01  0.145523E+05
  0.112945E+01  0.144365E+05  0.141091E+05  0.000000E+00  0.000000E+00  0.310329E+01  0.143133E+05
  0.114080E+01  0.141994E+05  0.138774E+05  0.000000E+00  0.000000E+00  0.299218E+01  0.140783E+05
  0.115226E+01  0.139660E+05  0.136493E+05  0.000000E+00  0.000000E+00  0.288474E+01  0.138468E+05
  0.116384E+01  0.137364E+05  0.134249E+05  0.000000E+00  0.000000E+00  0.278128E+01  0.136192E+05
  0.117554E+01  0.135103E+05  0.132040E+05  0.000000E+00  0.000000E+00  0.268153E+01  0.133951E+05
  0.118735E+01  0.132879E+05  0.129866E+05  0.000000E+00  0.000000E+00  0.258528E+01  0.131746E+05
  0.119929E+01  0.130690E+05  0.127727E+05  0.000000E+00  0.000000E+00  0.249312E+01  0.129575E+05
  0.121134E+01  0.128536E+05  0.125622E+05  0.000000E+00  0.000000E+00  0.240367E+01  0.127440E+05
  0.122351E+01  0.126416E+05  0.123550E+05  0.000000E+00  0.000000E+00  0.231749E+01  0.125338E+05
  0.123581E+01  0.124331E+05  0.121512E+05  0.000000E+00  0.000000E+00  0.223407E+01  0.123270E+05
  0.124823E+01  0.122278E+05  0.119505E+05  0.000000E+00  0.000000E+00  0.215332E+01  0.121235E+05
  0.126078E+01  0.120258E+05  0.117531E+05  0.000000E+00  0.000000E+00  0.207640E+01  0.119232E+05
  0.127345E+01  0.118270E+05  0.115588E+05  0.000000E+00  0.000000E+00  0.200193E+01  0.117261E+05
  0.128625E+01  0.116314E+05  0.113677E+05  0.000000E+00  0.000000E+00  0.192963E+01  0.115322E+05
  0.129917E+01  0.114389E+05  0.111796E+05  0.000000E+00  0.000000E+00  0.186025E+01  0.113414E+05
  0.131223E+01  0.112495E+05  0.109945E+05  0.000000E+00  0.000000E+00  0.179355E+01  0.111536E+05
  0.132542E+01  0.110632E+05  0.108124E+05  0.000000E+00  0.000000E+00  0.172887E+01  0.109688E+05
  0.133874E+01  0.108798E+05  0.106331E+05  0.000000E+00  0.000000E+00  0.166659E+01  0.107870E+05
  0.135219E+01  0.106994E+05  0.104568E+05  0.000000E+00  0.000000E+00  0.160685E+01  0.106082E+05
  0.136578E+01  0.105218E+05  0.102833E+05  0.000000E+00  0.000000E+00  0.154867E+01  0.104321E+05
  0.137951E+01  0.103472E+05  0.101126E+05  0.000000E+00  0.000000E+00  0.149319E+01  0.102590E+05
  0.139337E+01  0.101753E+05  0.994466E+04  0.000000E+00  0.000000E+00  0.143909E+01  0.100886E+05
  0.140738E+01  0.100063E+05  0.977941E+04  0.000000E+00  0.000000E+00  0.138740E+01  0.992092E+04
  0.142152E+01  0.983991E+04  0.961683E+04  0.000000E+00  0.000000E+00  0.133746E+01  0.975599E+04
  0.143581E+01  0.967620E+04  0.945683E+04  0.000000E+00  0.000000E+00  0.178810E+01  0.959367E+04
  0.145024E+01  0.951520E+04  0.929948E+04  0.000000E+00  0.000000E+00  0.172377E+01  0.943404E+04
  0.146481E+01  0.935672E+04  0.914460E+04  0.000000E+00  0.000000E+00  0.166193E+01  0.927692E+04
  0.147954E+01  0.920083E+04  0.899224E+04  0.000000E+00  0.000000E+00  0.160192E+01  0.912236E+04
  0.149441E+01  0.904747E+04  0.884236E+04  0.000000E+00  0.000000E+00  0.154414E+01  0.897031E+04
  0.150942E+01  0.889656E+04  0.869488E+04  0.000000E+00  0.000000E+00  0.148836E+01  0.882069E+04
  0.152459E+01  0.874813E+04  0.854981E+04  0.000000E+00  0.000000E+00  0.143468E+01  0.867352E+04
  0.153992E+01  0.860208E+04  0.840708E+04  0.000000E+00  0.000000E+00  0.138301E+01  0.852872E+04
  0.155539E+01  0.845839E+04  0.826664E+04  0.000000E+00  0.000000E+00  0.133305E+01  0.838625E+04
  0.157102E+01  0.831707E+04  0.812853E+04  0.000000E+00  0.000000E+00  0.128491E+01  0.824614E+04
  0.158681E+01  0.817802E+04  0.799262E+04  0.000000E+00  0.000000E+00  0.123854E+01  0.810827E+04
  0.160276E+01  0.804121E+04  0.785892E+04  0.000000E+00  0.000000E+00  0.119379E+01  0.797263E+04
  0.161887E+01  0.790666E+04  0.772742E+04  0.000000E+00  0.000000E+00  0.115080E+01  0.783922E+04
  0.163514E+01  0.777428E+04  0.759805E+04  0.000000E+00  0.000000E+00  0.110935E+01  0.770798E+04
  0.165157E+01  0.764404E+04  0.747075E+04  0.000000E+00  0.000000E+00  0.106917E+01  0.757884E+04
  0.166817E+01  0.751594E+04  0.734556E+04  0.000000E+00  0.000000E+00  0.103034E+01  0.745184E+04
  0.168494E+01  0.738991E+04  0.722239E+04  0.000000E+00  0.000000E+00  0.993102E+00  0.732689E+04
  0.170187E+01  0.726592E+04  0.710121E+04  0.000000E+00  0.000000E+00  0.957280E+00  0.720395E+04
  0.171897E+01  0.714397E+04  0.698203E+04  0.000000E+00  0.000000E+00  0.922632E+00  0.708305E+04
  0.173625E+01  0.702402E+04  0.686479E+04  0.000000E+00  0.000000E+00  0.889353E+00  0.696411E+04
  0.175370E+01  0.690600E+04  0.674945E+04  0.000000E+00  0.000000E+00  0.856961E+00  0.684711E+04
  0.177133E+01  0.678991E+04  0.663599E+04  0.000000E+00  0.000000E+00  0.826110E+00  0.673200E+04
  0.178913E+01  0.667575E+04  0.652442E+04  0.000000E+00  0.000000E+00  0.795974E+00  0.661882E+04
  0.180711E+01  0.656345E+04  0.641467E+04  0.000000E+00  0.000000E+00  0.767276E+00  0.650747E+04
  0.182527E+01  0.645297E+04  0.630670E+04  0.000000E+00  0.000000E+00  0.739575E+00  0.639794E+04
  0.184361E+01  0.634431E+04  0.620049E+04  0.000000E+00  0.000000E+00  0.712610E+00  0.629020E+04
  0.186214E+01  0.623744E+04  0.609605E+04  0.000000E+00  0.000000E+00  0.686817E+00  0.618425E+04
  0.188086E+01  0.613233E+04  0.599332E+04  0.000000E+00  0.000000E+00  0.661924E+00  0.608003E+04
  0.189976E+01  0.602893E+04  0.589226E+04  0.000000E+00  0.000000E+00  0.638009E+00  0.597751E+04
  0.191885E+01  0.592722E+04  0.579286E+04  0.000000E+00  0.000000E+00  0.614816E+00  0.587667E+04
  0.193814E+01  0.582719E+04  0.569510E+04  0.000000E+00  0.000000E+00  0.592486E+00  0.577749E+04
  0.195762E+01  0.572880E+04  0.559894E+04  0.000000E+00  0.000000E+00  0.571020E+00  0.567995E+04
  0.197729E+01  0.563204E+04  0.550437E+04  0.000000E+00  0.000000E+00  0.550238E+00  0.558401E+04
  0.199716E+01  0.553687E+04  0.541135E+04  0.000000E+00  0.000000E+00  0.530313E+00  0.548964E+04
  0.201723E+01  0.544326E+04  0.531987E+04  0.000000E+00  0.000000E+00  0.511023E+00  0.539684E+04
  0.203751E+01  0.535119E+04  0.522989E+04  0.000000E+00  0.000000E+00  0.492348E+00  0.530555E+04
  0.205799E+01  0.526064E+04  0.514139E+04  0.000000E+00  0.000000E+00  0.474523E+00  0.521577E+04
  0.207867E+01  0.517158E+04  0.505435E+04  0.000000E+00  0.000000E+00  0.457353E+00  0.512748E+04
  0.209956E+01  0.508401E+04  0.496876E+04  0.000000E+00  0.000000E+00  0.440622E+00  0.504065E+04
  0.212066E+01  0.499787E+04  0.488458E+04  0.000000E+00  0.000000E+00  0.424668E+00  0.495525E+04
  0.214197E+01  0.491315E+04  0.480178E+04  0.000000E+00  0.000000E+00  0.409150E+00  0.487125E+04
  0.216350E+01  0.482984E+04  0.472035E+04  0.000000E+00  0.000000E+00  0.394378E+00  0.478864E+04
  0.218525E+01  0.474789E+04  0.464027E+04  0.000000E+00  0.000000E+00  0.379948E+00  0.470740E+04
  0.220721E+01  0.466731E+04  0.456151E+04  0.000000E+00  0.000000E+00  0.366170E+00  0.462751E+04
  0.222939E+01  0.458806E+04  0.448406E+04  0.000000E+00  0.000000E+00  0.352807E+00  0.454893E+04
  0.225180E+01  0.451012E+04  0.440789E+04  0.000000E+00  0.000000E+00  0.339989E+00  0.447166E+04
  0.227443E+01  0.443348E+04  0.433298E+04  0.000000E+00  0.000000E+00  0.327561E+00  0.439567E+04
  0.229728E+01  0.435811E+04  0.425932E+04  0.000000E+00  0.000000E+00  0.315672E+00  0.432094E+04
  0.232037E+01  0.428399E+04  0.418688E+04  0.000000E+00  0.000000E+00  0.304151E+00  0.424746E+04
  0.234369E+01  0.421110E+04  0.411564E+04  0.000000E+00  0.000000E+00  0.293086E+00  0.417519E+04
  0.236725E+01  0.413943E+04  0.404559E+04  0.000000E+00  0.000000E+00  0.282364E+00  0.410412E+04
  0.239104E+01  0.406895E+04  0.397671E+04  0.000000E+00  0.000000E+00  0.272033E+00  0.403424E+04
  0.241507E+01  0.399963E+04  0.390896E+04  0.000000E+00  0.000000E+00  0.262157E+00  0.396552E+04
  0.243934E+01  0.393147E+04  0.384235E+04  0.000000E+00  0.000000E+00  0.252616E+00  0.389794E+04
  0.246386E+01  0.386445E+04  0.377684E+04  0.000000E+00  0.000000E+00  0.243399E+00  0.383149E+04
  0.248862E+01  0.379854E+04  0.371243E+04  0.000000E+00  0.000000E+00  0.234492E+00  0.376615E+04
  0.251363E+01  0.373373E+04  0.364909E+04  0.000000E+00  0.000000E+00  0.225979E+00  0.370189E+04
  0.253889E+01  0.367001E+04  0.358681E+04  0.000000E+00  0.000000E+00  0.217677E+00  0.363870E+04
  0.256441E+01  0.360734E+04  0.352556E+04  0.000000E+00  0.000000E+00  0.209799E+00  0.357657E+04
  0.259018E+01  0.354572E+04  0.346534E+04  0.000000E+00  0.000000E+00  0.202123E+00  0.351548E+04
  0.261621E+01  0.348513E+04  0.340612E+04  0.000000E+00  0.000000E+00  0.194689E+00  0.345541E+04
  0.264251E+01  0.342555E+04  0.334789E+04  0.000000E+00  0.000000E+00  0.187640E+00  0.339633E+04
  0.266906E+01  0.336696E+04  0.329063E+04  0.000000E+00  0.000000E+00  0.180769E+00  0.333824E+04
  0.269589E+01  0.330936E+04  0.323433E+04  0.000000E+00  0.000000E+00  0.174185E+00  0.328113E+04
  0.272298E+01  0.325272E+04  0.317897E+04  0.000000E+00  0.000000E+00  0.167796E+00  0.322497E+04
  0.275035E+01  0.319702E+04  0.312454E+04  0.000000E+00  0.000000E+00  0.161647E+00  0.316975E+04
  0.277799E+01  0.314226E+04  0.307103E+04  0.000000E+00  0.000000E+00  0.155754E+00  0.311546E+04
  0.280591E+01  0.308842E+04  0.301841E+04  0.000000E+00  0.000000E+00  0.150044E+00  0.306208E+04
  0.283411E+01  0.303549E+04  0.296667E+04  0.000000E+00  0.000000E+00  0.144525E+00  0.300960E+04
  0.286259E+01  0.298343E+04  0.291580E+04  0.000000E+00  0.000000E+00  0.139267E+00  0.295799E+04
  0.289136E+01  0.293226E+04  0.286578E+04  0.000000E+00  0.000000E+00  0.134190E+00  0.290724E+04
  0.292042E+01  0.288194E+04  0.281660E+04  0.000000E+00  0.000000E+00  0.129261E+00  0.285736E+04
  0.294977E+01  0.283247E+04  0.276825E+04  0.000000E+00  0.000000E+00  0.124550E+00  0.280831E+04
  0.297942E+01  0.278383E+04  0.272071E+04  0.000000E+00  0.000000E+00  0.119982E+00  0.276009E+04
  0.300936E+01  0.273601E+04  0.267397E+04  0.000000E+00  0.000000E+00  0.115565E+00  0.271267E+04
  0.303961E+01  0.268899E+04  0.262802E+04  0.000000E+00  0.000000E+00  0.111349E+00  0.266605E+04
  0.307015E+01  0.264277E+04  0.258285E+04  0.000000E+00  0.000000E+00  0.107283E+00  0.262023E+04
  0.310101E+01  0.259732E+04  0.253842E+04  0.000000E+00  0.000000E+00  0.103356E+00  0.257516E+04
  0.313218E+01  0.255263E+04  0.249475E+04  0.000000E+00  0.000000E+00  0.995658E-01  0.253086E+04
  0.316366E+01  0.250870E+04  0.245182E+04  0.000000E+00  0.000000E+00  0.959044E-01  0.248730E+04
  0.319545E+01  0.246551E+04  0.240961E+04  0.000000E+00  0.000000E+00  0.923853E-01  0.244448E+04
  0.322756E+01  0.242305E+04  0.236811E+04  0.000000E+00  0.000000E+00  0.890048E-01  0.240238E+04
  0.326000E+01  0.238131E+04  0.232731E+04  0.000000E+00  0.000000E+00  0.857477E-01  0.236099E+04
  0.329277E+01  0.234026E+04  0.228720E+04  0.000000E+00  0.000000E+00  0.825783E-01  0.232030E+04
  0.332586E+01  0.229992E+04  0.224777E+04  0.000000E+00  0.000000E+00  0.795709E-01  0.228030E+04
  0.335928E+01  0.226025E+04  0.220900E+04  0.000000E+00  0.000000E+00  0.766383E-01  0.224097E+04
  0.339305E+01  0.222126E+04  0.217089E+04  0.000000E+00  0.000000E+00  0.738409E-01  0.220231E+04
  0.342715E+01  0.218292E+04  0.213342E+04  0.000000E+00  0.000000E+00  0.711187E-01  0.216430E+04
  0.346159E+01  0.214524E+04  0.209659E+04  0.000000E+00  0.000000E+00  0.685275E-01  0.212694E+04
  0.349638E+01  0.210819E+04  0.206038E+04  0.000000E+00  0.000000E+00  0.659961E-01  0.209021E+04
  0.353152E+01  0.207177E+04  0.202478E+04  0.000000E+00  0.000000E+00  0.635656E-01  0.205409E+04
  0.356701E+01  0.203597E+04  0.198979E+04  0.000000E+00  0.000000E+00  0.612569E-01  0.201860E+04
  0.360286E+01  0.200077E+04  0.195540E+04  0.000000E+00  0.000000E+00  0.589906E-01  0.198370E+04
  0.363907E+01  0.196617E+04  0.192158E+04  0.000000E+00  0.000000E+00  0.568207E-01  0.194940E+04
  0.367564E+01  0.193216E+04  0.188834E+04  0.000000E+00  0.000000E+00  0.547275E-01  0.191568E+04
  0.371258E+01  0.189872E+04  0.185566E+04  0.000000E+00  0.000000E+00  0.527167E-01  0.188253E+04
  0.374990E+01  0.186585E+04  0.182353E+04  0.000000E+00  0.000000E+00  0.507838E-01  0.184994E+04
  0.378758E+01  0.183355E+04  0.179196E+04  0.000000E+00  0.000000E+00  0.489213E-01  0.181791E+04
  0.382565E+01  0.180179E+04  0.176092E+04  0.000000E+00  0.000000E+00  0.471092E-01  0.178641E+04
  0.386410E+01  0.177056E+04  0.173040E+04  0.000000E+00  0.000000E+00  0.453757E-01  0.175546E+04
  0.390293E+01  0.173987E+04  0.170041E+04  0.000000E+00  0.000000E+00  0.437190E-01  0.172503E+04
  0.394216E+01  0.170971E+04  0.167092E+04  0.000000E+00  0.000000E+00  0.421006E-01  0.169512E+04
  0.398178E+01  0.168005E+04  0.164194E+04  0.000000E+00  0.000000E+00  0.405626E-01  0.166572E+04
  0.402179E+01  0.165090E+04  0.161345E+04  0.000000E+00  0.000000E+00  0.390719E-01  0.163682E+04
  0.406221E+01  0.162225E+04  0.158545E+04  0.000000E+00  0.000000E+00  0.376287E-01  0.160841E+04
  0.410304E+01  0.159409E+04  0.155792E+04  0.000000E+00  0.000000E+00  0.362416E-01  0.158049E+04
  0.414427E+01  0.156640E+04  0.153087E+04  0.000000E+00  0.000000E+00  0.349106E-01  0.155304E+04
  0.418593E+01  0.153919E+04  0.150427E+04  0.000000E+00  0.000000E+00  0.336282E-01  0.152606E+04
  0.422800E+01  0.151244E+04  0.147813E+04  0.000000E+00  0.000000E+00  0.323966E-01  0.149954E+04
  0.427049E+01  0.148616E+04  0.145244E+04  0.000000E+00  0.000000E+00  0.311931E-01  0.147348E+04
  0.431341E+01  0.146031E+04  0.142718E+04  0.000000E+00  0.000000E+00  0.300456E-01  0.144785E+04
  0.435676E+01  0.143491E+04  0.140236E+04  0.000000E+00  0.000000E+00  0.289412E-01  0.142267E+04
  0.440054E+01  0.140995E+04  0.137795E+04  0.000000E+00  0.000000E+00  0.278694E-01  0.139792E+04
  0.444477E+01  0.138541E+04  0.135397E+04  0.000000E+00  0.000000E+00  0.268467E-01  0.137359E+04
  0.448944E+01  0.136129E+04  0.133040E+04  0.000000E+00  0.000000E+00  0.258549E-01  0.134967E+04
  0.453456E+01  0.133758E+04  0.130723E+04  0.000000E+00  0.000000E+00  0.249066E-01  0.132617E+04
  0.458013E+01  0.131428E+04  0.128445E+04  0.000000E+00  0.000000E+00  0.239855E-01  0.130306E+04
  0.462616E+01  0.129138E+04  0.126207E+04  0.000000E+00  0.000000E+00  0.231045E-01  0.128036E+04
  0.467266E+01  0.126887E+04  0.124007E+04  0.000000E+00  0.000000E+00  0.222511E-01  0.125804E+04
  0.471962E+01  0.124674E+04  0.121844E+04  0.000000E+00  0.000000E+00  0.214233E-01  0.123610E+04
  0.476705E+01  0.122500E+04  0.119719E+04  0.000000E+00  0.000000E+00  0.206364E-01  0.121454E+04
  0.481496E+01  0.120362E+04  0.117630E+04  0.000000E+00  0.000000E+00  0.198816E-01  0.119335E+04
  0.486335E+01  0.118262E+04  0.115578E+04  0.000000E+00  0.000000E+00  0.191434E-01  0.117253E+04
  0.491223E+01  0.116197E+04  0.113560E+04  0.000000E+00  0.000000E+00  0.184407E-01  0.115206E+04
  0.496160E+01  0.114168E+04  0.111577E+04  0.000000E+00  0.000000E+00  0.177535E-01  0.113194E+04
  0.501147E+01  0.112174E+04  0.109628E+04  0.000000E+00  0.000000E+00  0.171005E-01  0.111217E+04
  0.506183E+01  0.110214E+04  0.107712E+04  0.000000E+00  0.000000E+00  0.164684E-01  0.109274E+04
  0.511270E+01  0.108288E+04  0.105829E+04  0.000000E+00  0.000000E+00  0.158626E-01  0.107364E+04
  0.516409E+01  0.106395E+04  0.103979E+04  0.000000E+00  0.000000E+00  0.152769E-01  0.105487E+04
  0.521599E+01  0.104534E+04  0.102161E+04  0.000000E+00  0.000000E+00  0.147109E-01  0.103642E+04
  0.526840E+01  0.102706E+04  0.100374E+04  0.000000E+00  0.000000E+00  0.141644E-01  0.101829E+04
  0.532135E+01  0.100909E+04  0.986171E+03  0.000000E+00  0.000000E+00  0.136437E-01  0.100047E+04
  0.537484E+01  0.991424E+03  0.968909E+03  0.000000E+00  0.000000E+00  0.131398E-01  0.982961E+03
  0.542885E+01  0.974066E+03  0.951945E+03  0.000000E+00  0.000000E+00  0.126575E-01  0.965752E+03
  0.548341E+01  0.957009E+03  0.935274E+03  0.000000E+00  0.000000E+00  0.121897E-01  0.948840E+03
  0.553852E+01  0.940244E+03  0.918888E+03  0.000000E+00  0.000000E+00  0.117370E-01  0.932218E+03
  0.559419E+01  0.923769E+03  0.902786E+03  0.000000E+00  0.000000E+00  0.112994E-01  0.915883E+03
  0.565041E+01  0.907578E+03  0.886962E+03  0.000000E+00  0.000000E+00  0.108856E-01  0.899830E+03
  0.570719E+01  0.891668E+03  0.871411E+03  0.000000E+00  0.000000E+00  0.104834E-01  0.884055E+03
  0.576455E+01  0.876031E+03  0.856129E+03  0.000000E+00  0.000000E+00  0.100932E-01  0.868552E+03
  0.582249E+01  0.860663E+03  0.841109E+03  0.000000E+00  0.000000E+00  0.972136E-02  0.853315E+03
  0.588101E+01  0.845562E+03  0.826350E+03  0.000000E+00  0.000000E+00  0.936242E-02  0.838342E+03
  0.594011E+01  0.830722E+03  0.811846E+03  0.000000E+00  0.000000E+00  0.901690E-02  0.823629E+03
  0.599981E+01  0.816137E+03  0.797591E+03  0.000000E+00  0.000000E+00  0.868449E-02  0.809169E+03
  0.606011E+01  0.801804E+03  0.783583E+03  0.000000E+00  0.000000E+00  0.836150E-02  0.794958E+03
  0.612102E+01  0.787720E+03  0.769818E+03  0.000000E+00  0.000000E+00  0.805395E-02  0.780994E+03
  0.618253E+01  0.773879E+03  0.756289E+03  0.000000E+00  0.000000E+00  0.775221E-02  0.767270E+03
  0.624467E+01  0.760279E+03  0.742998E+03  0.000000E+00  0.000000E+00  0.746448E-02  0.753787E+03
  0.630743E+01  0.746913E+03  0.729934E+03  0.000000E+00  0.000000E+00  0.719113E-02  0.740535E+03
  0.637082E+01  0.733779E+03  0.717097E+03  0.000000E+00  0.000000E+00  0.692246E-02  0.727512E+03
  0.643485E+01  0.720873E+03  0.704483E+03  0.000000E+00  0.000000E+00  0.666636E-02  0.714716E+03
  0.649952E+01  0.708191E+03  0.692089E+03  0.000000E+00  0.000000E+00  0.641848E-02  0.702143E+03
  0.656484E+01  0.695728E+03  0.679908E+03  0.000000E+00  0.000000E+00  0.618367E-02  0.689785E+03
  0.663082E+01  0.683481E+03  0.667938E+03  0.000000E+00  0.000000E+00  0.595341E-02  0.677643E+03
  0.669746E+01  0.671446E+03  0.656176E+03  0.000000E+00  0.000000E+00  0.573139E-02  0.665711E+03
  0.676476E+01  0.659622E+03  0.644619E+03  0.000000E+00  0.000000E+00  0.551969E-02  0.653987E+03
  0.683275E+01  0.648001E+03  0.633261E+03  0.000000E+00  0.000000E+00  0.531526E-02  0.642466E+03
  0.690143E+01  0.636582E+03  0.622101E+03  0.000000E+00  0.000000E+00  0.511958E-02  0.631144E+03
  0.697079E+01  0.625361E+03  0.611134E+03  0.000000E+00  0.000000E+00  0.492877E-02  0.620019E+03
  0.704084E+01  0.614337E+03  0.600359E+03  0.000000E+00  0.000000E+00  0.474421E-02  0.609088E+03
  0.711160E+01  0.603503E+03  0.589770E+03  0.000000E+00  0.000000E+00  0.457056E-02  0.598347E+03
  0.718308E+01  0.592857E+03  0.579366E+03  0.000000E+00  0.000000E+00  0.439988E-02  0.587792E+03
  0.725527E+01  0.582397E+03  0.569143E+03  0.000000E+00  0.000000E+00  0.423821E-02  0.577421E+03
  0.732818E+01  0.572120E+03  0.559098E+03  0.000000E+00  0.000000E+00  0.407959E-02  0.567232E+03
  0.740183E+01  0.562021E+03  0.549227E+03  0.000000E+00  0.000000E+00  0.392811E-02  0.557218E+03
  0.747622E+01  0.552097E+03  0.539528E+03  0.000000E+00  0.000000E+00  0.378275E-02  0.547379E+03
  0.755136E+01  0.542346E+03  0.529998E+03  0.000000E+00  0.000000E+00  0.364333E-02  0.537712E+03
  0.762725E+01  0.532766E+03  0.520635E+03  0.000000E+00  0.000000E+00  0.350615E-02  0.528213E+03
  0.770391E+01  0.523352E+03  0.511434E+03  0.000000E+00  0.000000E+00  0.337582E-02  0.518879E+03
  0.778133E+01  0.514102E+03  0.502393E+03  0.000000E+00  0.000000E+00  0.325230E-02  0.509708E+03
  0.785954E+01  0.505013E+03  0.493509E+03  0.000000E+00  0.000000E+00  0.313032E-02  0.500696E+03
  0.793853E+01  0.496082E+03  0.484781E+03  0.000000E+00  0.000000E+00  0.301454E-02  0.491842E+03
  0.801831E+01  0.487309E+03  0.476206E+03  0.000000E+00  0.000000E+00  0.290301E-02  0.483143E+03
  0.809890E+01  0.478687E+03  0.467780E+03  0.000000E+00  0.000000E+00  0.279527E-02  0.474595E+03
  0.818029E+01  0.470217E+03  0.459501E+03  0.000000E+00  0.000000E+00  0.269168E-02  0.466197E+03
  0.826251E+01  0.461894E+03  0.451366E+03  0.000000E+00  0.000000E+00  0.259172E-02  0.457944E+03
  0.834554E+01  0.453717E+03  0.443374E+03  0.000000E+00  0.000000E+00  0.249556E-02  0.449838E+03
  0.842942E+01  0.445682E+03  0.435521E+03  0.000000E+00  0.000000E+00  0.240233E-02  0.441871E+03
  0.851414E+01  0.437788E+03  0.427806E+03  0.000000E+00  0.000000E+00  0.231232E-02  0.434044E+03
  0.859971E+01  0.430031E+03  0.420225E+03  0.000000E+00  0.000000E+00  0.222718E-02  0.426354E+03
  0.868613E+01  0.422411E+03  0.412777E+03  0.000000E+00  0.000000E+00  0.214499E-02  0.418798E+03
  0.877343E+01  0.414924E+03  0.405459E+03  0.000000E+00  0.000000E+00  0.206487E-02  0.411375E+03
  0.886161E+01  0.407567E+03  0.398269E+03  0.000000E+00  0.000000E+00  0.198827E-02  0.404081E+03
  0.895067E+01  0.400339E+03  0.391204E+03  0.000000E+00  0.000000E+00  0.191428E-02  0.396915E+03
  0.904062E+01  0.393239E+03  0.384265E+03  0.000000E+00  0.000000E+00  0.184272E-02  0.389875E+03
  0.913148E+01  0.386262E+03  0.377446E+03  0.000000E+00  0.000000E+00  0.177357E-02  0.382957E+03
  0.922325E+01  0.379407E+03  0.370746E+03  0.000000E+00  0.000000E+00  0.170846E-02  0.376161E+03
  0.931595E+01  0.372673E+03  0.364164E+03  0.000000E+00  0.000000E+00  0.164494E-02  0.369484E+03
  0.940957E+01  0.366057E+03  0.357698E+03  0.000000E+00  0.000000E+00  0.158389E-02  0.362925E+03
  0.950414E+01  0.359556E+03  0.351344E+03  0.000000E+00  0.000000E+00  0.152392E-02  0.356479E+03
  0.959966E+01  0.353170E+03  0.345102E+03  0.000000E+00  0.000000E+00  0.146830E-02  0.350147E+03
  0.969614E+01  0.346895E+03  0.338970E+03  0.000000E+00  0.000000E+00  0.141312E-02  0.343926E+03
  0.979358E+01  0.340731E+03  0.332945E+03  0.000000E+00  0.000000E+00  0.136115E-02  0.337815E+03
  0.989201E+01  0.334675E+03  0.327026E+03  0.000000E+00  0.000000E+00  0.131020E-02  0.331810E+03
  0.999143E+01  0.328725E+03  0.321210E+03  0.000000E+00  0.000000E+00  0.126107E-02  0.325911E+03
  0.100918E+02  0.322879E+03  0.315497E+03  0.000000E+00  0.000000E+00  0.121366E-02  0.320115E+03
  0.101933E+02  0.317137E+03  0.309884E+03  0.000000E+00  0.000000E+00  0.116890E-02  0.314421E+03
  0.102957E+02  0.311495E+03  0.304370E+03  0.000000E+00  0.000000E+00  0.112569E-02  0.308828E+03
  0.103992E+02  0.305953E+03  0.298953E+03  0.000000E+00  0.000000E+00  0.108360E-02  0.303332E+03
  0.105037E+02  0.300507E+03  0.293631E+03  0.000000E+00  0.000000E+00  0.104282E-02  0.297933E+03
  0.106093E+02  0.295158E+03  0.288402E+03  0.000000E+00  0.000000E+00  0.100407E-02  0.292629E+03
  0.107159E+02  0.289903E+03  0.283266E+03  0.000000E+00  0.000000E+00  0.966978E-03  0.287419E+03
  0.108236E+02  0.284739E+03  0.278220E+03  0.000000E+00  0.000000E+00  0.931337E-03  0.282300E+03
  0.109324E+02  0.279667E+03  0.273262E+03  0.000000E+00  0.000000E+00  0.896028E-03  0.277271E+03
  0.110422E+02  0.274684E+03  0.268392E+03  0.000000E+00  0.000000E+00  0.863215E-03  0.272330E+03
  0.111532E+02  0.269789E+03  0.263608E+03  0.000000E+00  0.000000E+00  0.830472E-03  0.267477E+03
  0.112653E+02  0.264980E+03  0.258907E+03  0.000000E+00  0.000000E+00  0.799809E-03  0.262709E+03
  0.113785E+02  0.260256E+03  0.254290E+03  0.000000E+00  0.000000E+00  0.769635E-03  0.258025E+03
  0.114929E+02  0.255615E+03  0.249754E+03  0.000000E+00  0.000000E+00  0.741436E-03  0.253424E+03
  0.116084E+02  0.251056E+03  0.245298E+03  0.000000E+00  0.000000E+00  0.713485E-03  0.248904E+03
  0.117251E+02  0.246577E+03  0.240921E+03  0.000000E+00  0.000000E+00  0.687211E-03  0.244463E+03
  0.118429E+02  0.242178E+03  0.236620E+03  0.000000E+00  0.000000E+00  0.661552E-03  0.240101E+03
  0.119619E+02  0.237855E+03  0.232395E+03  0.000000E+00  0.000000E+00  0.636748E-03  0.235815E+03
  0.120821E+02  0.233609E+03  0.228246E+03  0.000000E+00  0.000000E+00  0.612823E-03  0.231606E+03
  0.122036E+02  0.229438E+03  0.224169E+03  0.000000E+00  0.000000E+00  0.589964E-03  0.227470E+03
  0.123262E+02  0.225341E+03  0.220164E+03  0.000000E+00  0.000000E+00  0.568026E-03  0.223407E+03
  0.124501E+02  0.221316E+03  0.216230E+03  0.000000E+00  0.000000E+00  0.546652E-03  0.219417E+03
  0.125752E+02  0.217362E+03  0.212366E+03  0.000000E+00  0.000000E+00  0.526256E-03  0.215497E+03
  0.127016E+02  0.213478E+03  0.208569E+03  0.000000E+00  0.000000E+00  0.506976E-03  0.211645E+03
  0.128293E+02  0.209662E+03  0.204840E+03  0.000000E+00  0.000000E+00  0.488144E-03  0.207862E+03
  0.129582E+02  0.205914E+03  0.201176E+03  0.000000E+00  0.000000E+00  0.469942E-03  0.204146E+03
  0.130884E+02  0.202232E+03  0.197578E+03  0.000000E+00  0.000000E+00  0.451886E-03  0.200495E+03
  0.132200E+02  0.198615E+03  0.194043E+03  0.000000E+00  0.000000E+00  0.435081E-03  0.196910E+03
  0.133528E+02  0.195063E+03  0.190570E+03  0.000000E+00  0.000000E+00  0.418784E-03  0.193387E+03
  0.134870E+02  0.191573E+03  0.187159E+03  0.000000E+00  0.000000E+00  0.403272E-03  0.189927E+03
  0.136226E+02  0.188144E+03  0.183808E+03  0.000000E+00  0.000000E+00  0.388404E-03  0.186528E+03
  0.137595E+02  0.184777E+03  0.180517E+03  0.000000E+00  0.000000E+00  0.374013E-03  0.183189E+03
  0.138978E+02  0.181469E+03  0.177284E+03  0.000000E+00  0.000000E+00  0.359705E-03  0.179910E+03
  0.140374E+02  0.178220E+03  0.174108E+03  0.000000E+00  0.000000E+00  0.346361E-03  0.176688E+03
  0.141785E+02  0.175028E+03  0.170988E+03  0.000000E+00  0.000000E+00  0.333375E-03  0.173523E+03
  0.143210E+02  0.171893E+03  0.167924E+03  0.000000E+00  0.000000E+00  0.320952E-03  0.170415E+03
  0.144649E+02  0.168813E+03  0.164914E+03  0.000000E+00  0.000000E+00  0.308880E-03  0.167361E+03
  0.146103E+02  0.165788E+03  0.161957E+03  0.000000E+00  0.000000E+00  0.297627E-03  0.164362E+03
  0.147572E+02  0.162817E+03  0.159053E+03  0.000000E+00  0.000000E+00  0.286318E-03  0.161416E+03
  0.149055E+02  0.159898E+03  0.156200E+03  0.000000E+00  0.000000E+00  0.275797E-03  0.158522E+03
  0.150553E+02  0.157031E+03  0.153398E+03  0.000000E+00  0.000000E+00  0.265299E-03  0.155679E+03
  0.152066E+02  0.154215E+03  0.150645E+03  0.000000E+00  0.000000E+00  0.255397E-03  0.152887E+03
  0.153594E+02  0.151448E+03  0.147941E+03  0.000000E+00  0.000000E+00  0.245878E-03  0.150144E+03
  0.155138E+02  0.148732E+03  0.145286E+03  0.000000E+00  0.000000E+00  0.236663E-03  0.147451E+03
  0.156697E+02  0.146063E+03  0.142677E+03  0.000000E+00  0.000000E+00  0.227741E-03  0.144804E+03
  0.158272E+02  0.143441E+03  0.140115E+03  0.000000E+00  0.000000E+00  0.219428E-03  0.142205E+03
  0.159862E+02  0.140866E+03  0.137598E+03  0.000000E+00  0.000000E+00  0.211256E-03  0.139652E+03
  0.161469E+02  0.138337E+03  0.135126E+03  0.000000E+00  0.000000E+00  0.203136E-03  0.137145E+03
  0.163092E+02  0.135853E+03  0.132698E+03  0.000000E+00  0.000000E+00  0.195722E-03  0.134682E+03
  0.164731E+02  0.133413E+03  0.130313E+03  0.000000E+00  0.000000E+00  0.188417E-03  0.132262E+03
  0.166386E+02  0.131016E+03  0.127970E+03  0.000000E+00  0.000000E+00  0.181371E-03  0.129886E+03
  0.168059E+02  0.128662E+03  0.125669E+03  0.000000E+00  0.000000E+00  0.174506E-03  0.127552E+03
  0.169748E+02  0.126350E+03  0.123410E+03  0.000000E+00  0.000000E+00  0.167928E-03  0.125260E+03
  0.171454E+02  0.124079E+03  0.121190E+03  0.000000E+00  0.000000E+00  0.161589E-03  0.123008E+03
  0.173177E+02  0.121848E+03  0.119009E+03  0.000000E+00  0.000000E+00  0.155590E-03  0.120796E+03
  0.174917E+02  0.119657E+03  0.116868E+03  0.000000E+00  0.000000E+00  0.149743E-03  0.118624E+03
  0.176675E+02  0.117505E+03  0.114765E+03  0.000000E+00  0.000000E+00  0.144220E-03  0.116490E+03
  0.178451E+02  0.115391E+03  0.112699E+03  0.000000E+00  0.000000E+00  0.138788E-03  0.114394E+03
  0.180244E+02  0.113315E+03  0.110669E+03  0.000000E+00  0.000000E+00  0.133532E-03  0.112336E+03
  0.182056E+02  0.111276E+03  0.108676E+03  0.000000E+00  0.000000E+00  0.128508E-03  0.110314E+03
  0.183885E+02  0.109274E+03  0.106719E+03  0.000000E+00  0.000000E+00  0.123836E-03  0.108329E+03
  0.185734E+02  0.107307E+03  0.104796E+03  0.000000E+00  0.000000E+00  0.119064E-03  0.106378E+03
  0.187600E+02  0.105375E+03  0.102908E+03  0.000000E+00  0.000000E+00  0.114686E-03  0.104463E+03
  0.189486E+02  0.103477E+03  0.101053E+03  0.000000E+00  0.000000E+00  0.110421E-03  0.102581E+03
  0.191390E+02  0.101613E+03  0.992314E+02  0.000000E+00  0.000000E+00  0.106276E-03  0.100734E+03
  0.193313E+02  0.997830E+02  0.974422E+02  0.000000E+00  0.000000E+00  0.102178E-03  0.989187E+02
  0.195256E+02  0.979851E+02  0.956849E+02  0.000000E+00  0.000000E+00  0.984311E-04  0.971362E+02
  0.197219E+02  0.962193E+02  0.939589E+02  0.000000E+00  0.000000E+00  0.947245E-04  0.953854E+02
  0.199201E+02  0.944852E+02  0.922639E+02  0.000000E+00  0.000000E+00  0.911868E-04  0.936660E+02
  0.201203E+02  0.927819E+02  0.905990E+02  0.000000E+00  0.000000E+00  0.877376E-04  0.919772E+02
  0.203225E+02  0.911090E+02  0.889639E+02  0.000000E+00  0.000000E+00  0.844783E-04  0.903186E+02
  0.205267E+02  0.894660E+02  0.873579E+02  0.000000E+00  0.000000E+00  0.813219E-04  0.886895E+02
  0.207330E+02  0.878524E+02  0.857807E+02  0.000000E+00  0.000000E+00  0.782826E-04  0.870897E+02
  0.209414E+02  0.862675E+02  0.842316E+02  0.000000E+00  0.000000E+00  0.753954E-04  0.855183E+02
  0.211519E+02  0.847110E+02  0.827101E+02  0.000000E+00  0.000000E+00  0.725753E-04  0.839750E+02
  0.213644E+02  0.831822E+02  0.812158E+02  0.000000E+00  0.000000E+00  0.697679E-04  0.824593E+02
  0.215791E+02  0.816810E+02  0.797484E+02  0.000000E+00  0.000000E+00  0.672276E-04  0.809708E+02
  0.217960E+02  0.802064E+02  0.783071E+02  0.000000E+00  0.000000E+00  0.646675E-04  0.795088E+02
  0.220151E+02  0.787582E+02  0.768915E+02  0.000000E+00  0.000000E+00  0.622356E-04  0.780729E+02
  0.222363E+02  0.773359E+02  0.755013E+02  0.000000E+00  0.000000E+00  0.599313E-04  0.766627E+02
  0.224598E+02  0.759391E+02  0.741359E+02  0.000000E+00  0.000000E+00  0.576568E-04  0.752777E+02
  0.226855E+02  0.745673E+02  0.727951E+02  0.000000E+00  0.000000E+00  0.554870E-04  0.739176E+02
  0.229135E+02  0.732200E+02  0.714781E+02  0.000000E+00  0.000000E+00  0.533879E-04  0.725818E+02
  0.231438E+02  0.718968E+02  0.701847E+02  0.000000E+00  0.000000E+00  0.513922E-04  0.712699E+02
  0.233764E+02  0.705974E+02  0.689145E+02  0.000000E+00  0.000000E+00  0.494948E-04  0.699814E+02
  0.236113E+02  0.693213E+02  0.676671E+02  0.000000E+00  0.000000E+00  0.476662E-04  0.687162E+02
  0.238487E+02  0.680679E+02  0.664420E+02  0.000000E+00  0.000000E+00  0.458680E-04  0.674735E+02
  0.240883E+02  0.668369E+02  0.652388E+02  0.000000E+00  0.000000E+00  0.440718E-04  0.662530E+02
  0.243304E+02  0.656281E+02  0.640571E+02  0.000000E+00  0.000000E+00  0.424654E-04  0.650544E+02
  0.245749E+02  0.644410E+02  0.628967E+02  0.000000E+00  0.000000E+00  0.408439E-04  0.638774E+02
  0.248219E+02  0.632750E+02  0.617571E+02  0.000000E+00  0.000000E+00  0.393401E-04  0.627214E+02
  0.250714E+02  0.621300E+02  0.606378E+02  0.000000E+00  0.000000E+00  0.378384E-04  0.615861E+02
  0.253234E+02  0.610055E+02  0.595387E+02  0.000000E+00  0.000000E+00  0.364612E-04  0.604712E+02
  0.255779E+02  0.599013E+02  0.584593E+02  0.000000E+00  0.000000E+00  0.350585E-04  0.593763E+02
  0.258349E+02  0.588168E+02  0.573991E+02  0.000000E+00  0.000000E+00  0.337695E-04  0.583010E+02
  0.260946E+02  0.577517E+02  0.563580E+02  0.000000E+00  0.000000E+00  0.324557E-04  0.572450E+02
  0.263568E+02  0.567058E+02  0.553356E+02  0.000000E+00  0.000000E+00  0.312884E-04  0.562080E+02
  0.266217E+02  0.556787E+02  0.543317E+02  0.000000E+00  0.000000E+00  0.301039E-04  0.551896E+02
  0.268893E+02  0.546700E+02  0.533456E+02  0.000000E+00  0.000000E+00  0.289584E-04  0.541895E+02
  0.271595E+02  0.536793E+02  0.523773E+02  0.000000E+00  0.000000E+00  0.278340E-04  0.532073E+02
  0.274325E+02  0.527065E+02  0.514263E+02  0.000000E+00  0.000000E+00  0.268404E-04  0.522427E+02
  0.277082E+02  0.517512E+02  0.504925E+02  0.000000E+00  0.000000E+00  0.257970E-04  0.512955E+02
  0.279866E+02  0.508130E+02  0.495754E+02  0.000000E+00  0.000000E+00  0.248197E-04  0.503653E+02
  0.282679E+02  0.498917E+02  0.486747E+02  0.000000E+00  0.000000E+00  0.239287E-04  0.494518E+02
  0.285520E+02  0.489869E+02  0.477903E+02  0.000000E+00  0.000000E+00  0.230232E-04  0.485547E+02
  0.288390E+02  0.480984E+02  0.469217E+02  0.000000E+00  0.000000E+00  0.221324E-04  0.476737E+02
  0.291288E+02  0.472259E+02  0.460689E+02  0.000000E+00  0.000000E+00  0.213060E-04  0.468086E+02
  0.294216E+02  0.463690E+02  0.452313E+02  0.000000E+00  0.000000E+00  0.204986E-04  0.459591E+02
  0.297173E+02  0.455276E+02  0.444087E+02  0.000000E+00  0.000000E+00  0.197540E-04  0.451247E+02
  0.300159E+02  0.447013E+02  0.436010E+02  0.000000E+00  0.000000E+00  0.189755E-04  0.443055E+02
  0.303176E+02  0.438899E+02  0.428078E+02  0.000000E+00  0.000000E+00  0.182813E-04  0.435010E+02
  0.306223E+02  0.430930E+02  0.420288E+02  0.000000E+00  0.000000E+00  0.175759E-04  0.427109E+02
  0.309300E+02  0.423105E+02  0.412639E+02  0.000000E+00  0.000000E+00  0.169381E-04  0.419350E+02
  0.312409E+02  0.415421E+02  0.405127E+02  0.000000E+00  0.000000E+00  0.162930E-04  0.411731E+02
  0.315549E+02  0.407876E+02  0.397751E+02  0.000000E+00  0.000000E+00  0.156674E-04  0.404250E+02
  0.318720E+02  0.400466E+02  0.390507E+02  0.000000E+00  0.000000E+00  0.151098E-04  0.396903E+02
  0.321923E+02  0.393189E+02  0.383394E+02  0.000000E+00  0.000000E+00  0.145074E-04  0.389688E+02
  0.325159E+02  0.386044E+02  0.376409E+02  0.000000E+00  0.000000E+00  0.139633E-04  0.382603E+02
  0.328426E+02  0.379027E+02  0.369550E+02  0.000000E+00  0.000000E+00  0.134564E-04  0.375647E+02
  0.331727E+02  0.372137E+02  0.362814E+02  0.000000E+00  0.000000E+00  0.129519E-04  0.368815E+02
  0.335061E+02  0.365371E+02  0.356200E+02  0.000000E+00  0.000000E+00  0.124540E-04  0.362106E+02
  0.338429E+02  0.358727E+02  0.349704E+02  0.000000E+00  0.000000E+00  0.120053E-04  0.355518E+02
  0.341830E+02  0.352203E+02  0.343327E+02  0.000000E+00  0.000000E+00  0.115293E-04  0.349050E+02
  0.345265E+02  0.345796E+02  0.337064E+02  0.000000E+00  0.000000E+00  0.111242E-04  0.342697E+02
  0.348735E+02  0.339505E+02  0.330913E+02  0.000000E+00  0.000000E+00  0.106887E-04  0.336459E+02
  0.352240E+02  0.333327E+02  0.324874E+02  0.000000E+00  0.000000E+00  0.102868E-04  0.330334E+02
  0.355780E+02  0.327261E+02  0.318944E+02  0.000000E+00  0.000000E+00  0.989982E-05  0.324320E+02
  0.359356E+02  0.321304E+02  0.313120E+02  0.000000E+00  0.000000E+00  0.951524E-05  0.318413E+02
  0.362967E+02  0.315455E+02  0.307402E+02  0.000000E+00  0.000000E+00  0.916529E-05  0.312613E+02
  0.366615E+02  0.309711E+02  0.301787E+02  0.000000E+00  0.000000E+00  0.882434E-05  0.306918E+02
  0.370300E+02  0.304071E+02  0.296273E+02  0.000000E+00  0.000000E+00  0.849208E-05  0.301326E+02
  0.374021E+02  0.298533E+02  0.290859E+02  0.000000E+00  0.000000E+00  0.817039E-05  0.295835E+02
  0.377780E+02  0.293095E+02  0.285542E+02  0.000000E+00  0.000000E+00  0.785131E-05  0.290443E+02
  0.381577E+02  0.287755E+02  0.280322E+02  0.000000E+00  0.000000E+00  0.756383E-05  0.285148E+02
  0.385412E+02  0.282511E+02  0.275195E+02  0.000000E+00  0.000000E+00  0.728838E-05  0.279949E+02
  0.389285E+02  0.277363E+02  0.270162E+02  0.000000E+00  0.000000E+00  0.700545E-05  0.274844E+02
  0.393198E+02  0.272307E+02  0.265219E+02  0.000000E+00  0.000000E+00  0.674823E-05  0.269832E+02
  0.397150E+02  0.267343E+02  0.260366E+02  0.000000E+00  0.000000E+00  0.648392E-05  0.264909E+02
  0.401141E+02  0.262468E+02  0.255600E+02  0.000000E+00  0.000000E+00  0.624197E-05  0.260076E+02
  0.405172E+02  0.257682E+02  0.250921E+02  0.000000E+00  0.000000E+00  0.601081E-05  0.255330E+02
  0.409244E+02  0.252982E+02  0.246326E+02  0.000000E+00  0.000000E+00  0.578021E-05  0.250670E+02
  0.413358E+02  0.248367E+02  0.241814E+02  0.000000E+00  0.000000E+00  0.555541E-05  0.246094E+02
  0.417512E+02  0.243835E+02  0.237383E+02  0.000000E+00  0.000000E+00  0.534762E-05  0.241601E+02
  0.421708E+02  0.239386E+02  0.233033E+02  0.000000E+00  0.000000E+00  0.514931E-05  0.237189E+02
  0.425946E+02  0.235017E+02  0.228762E+02  0.000000E+00  0.000000E+00  0.496087E-05  0.232857E+02
  0.430227E+02  0.230727E+02  0.224567E+02  0.000000E+00  0.000000E+00  0.477763E-05  0.228604E+02
  0.434551E+02  0.226514E+02  0.220449E+02  0.000000E+00  0.000000E+00  0.459044E-05  0.224427E+02
  0.438918E+02  0.222379E+02  0.216405E+02  0.000000E+00  0.000000E+00  0.441521E-05  0.220326E+02
  0.443329E+02  0.218317E+02  0.212435E+02  0.000000E+00  0.000000E+00  0.425327E-05  0.216299E+02
  0.447785E+02  0.214330E+02  0.208536E+02  0.000000E+00  0.000000E+00  0.408868E-05  0.212345E+02
  0.452285E+02  0.210414E+02  0.204708E+02  0.000000E+00  0.000000E+00  0.393046E-05  0.208463E+02
  0.456831E+02  0.206570E+02  0.200949E+02  0.000000E+00  0.000000E+00  0.379025E-05  0.204651E+02
  0.461422E+02  0.202795E+02  0.197258E+02  0.000000E+00  0.000000E+00  0.364239E-05  0.200908E+02
  0.466059E+02  0.199089E+02  0.193634E+02  0.000000E+00  0.000000E+00  0.350980E-05  0.197233E+02
  0.470743E+02  0.195449E+02  0.190076E+02  0.000000E+00  0.000000E+00  0.337760E-05  0.193625E+02
  0.475475E+02  0.191876E+02  0.186582E+02  0.000000E+00  0.000000E+00  0.324978E-05  0.190082E+02
  0.480253E+02  0.188368E+02  0.183152E+02  0.000000E+00  0.000000E+00  0.312773E-05  0.186603E+02
  0.485080E+02  0.184923E+02  0.179783E+02  0.000000E+00  0.000000E+00  0.301323E-05  0.183187E+02
  0.489955E+02  0.181540E+02  0.176476E+02  0.000000E+00  0.000000E+00  0.289481E-05  0.179833E+02
  0.494879E+02  0.178219E+02  0.173228E+02  0.000000E+00  0.000000E+00  0.278464E-05  0.176540E+02
  0.499852E+02  0.174958E+02  0.170040E+02  0.000000E+00  0.000000E+00  0.268091E-05  0.173307E+02
  0.504876E+02  0.171756E+02  0.166909E+02  0.000000E+00  0.000000E+00  0.257833E-05  0.170132E+02
  0.509950E+02  0.168613E+02  0.163835E+02  0.000000E+00  0.000000E+00  0.248281E-05  0.167015E+02
  0.515075E+02  0.165526E+02  0.160817E+02  0.000000E+00  0.000000E+00  0.238742E-05  0.163954E+02
  0.520252E+02  0.162496E+02  0.157854E+02  0.000000E+00  0.000000E+00  0.229790E-05  0.160950E+02
  0.525480E+02  0.159520E+02  0.154944E+02  0.000000E+00  0.000000E+00  0.220970E-05  0.157999E+02
  0.530762E+02  0.156598E+02  0.152088E+02  0.000000E+00  0.000000E+00  0.212790E-05  0.155102E+02
  0.536096E+02  0.153730E+02  0.149283E+02  0.000000E+00  0.000000E+00  0.204220E-05  0.152258E+02
  0.541483E+02  0.150914E+02  0.146529E+02  0.000000E+00  0.000000E+00  0.197433E-05  0.149465E+02
  0.546926E+02  0.148148E+02  0.143825E+02  0.000000E+00  0.000000E+00  0.189663E-05  0.146723E+02
  0.552422E+02  0.145433E+02  0.141170E+02  0.000000E+00  0.000000E+00  0.182065E-05  0.144031E+02
  0.557974E+02  0.142767E+02  0.138563E+02  0.000000E+00  0.000000E+00  0.175225E-05  0.141388E+02
  0.563582E+02  0.140150E+02  0.136004E+02  0.000000E+00  0.000000E+00  0.168962E-05  0.138793E+02
  0.569246E+02  0.137581E+02  0.133491E+02  0.000000E+00  0.000000E+00  0.162093E-05  0.136245E+02
  0.574967E+02  0.135058E+02  0.131023E+02  0.000000E+00  0.000000E+00  0.156164E-05  0.133743E+02
  0.580746E+02  0.132580E+02  0.128601E+02  0.000000E+00  0.000000E+00  0.150305E-05  0.131287E+02
  0.586582E+02  0.130148E+02  0.126223E+02  0.000000E+00  0.000000E+00  0.144615E-05  0.128875E+02
  0.592477E+02  0.127760E+02  0.123887E+02  0.000000E+00  0.000000E+00  0.139470E-05  0.126507E+02
  0.598432E+02  0.125416E+02  0.121595E+02  0.000000E+00  0.000000E+00  0.134174E-05  0.124183E+02
  0.604446E+02  0.123114E+02  0.119343E+02  0.000000E+00  0.000000E+00  0.129267E-05  0.121900E+02
  0.610521E+02  0.120854E+02  0.117133E+02  0.000000E+00  0.000000E+00  0.124145E-05  0.119659E+02
  0.616657E+02  0.118635E+02  0.114963E+02  0.000000E+00  0.000000E+00  0.119341E-05  0.117459E+02
  0.622854E+02  0.116457E+02  0.112833E+02  0.000000E+00  0.000000E+00  0.114921E-05  0.115299E+02
  0.629114E+02  0.114318E+02  0.110741E+02  0.000000E+00  0.000000E+00  0.110454E-05  0.113178E+02
  0.635437E+02  0.112218E+02  0.108687E+02  0.000000E+00  0.000000E+00  0.106184E-05  0.111096E+02
  0.641823E+02  0.110156E+02  0.106671E+02  0.000000E+00  0.000000E+00  0.102013E-05  0.109052E+02
  0.648274E+02  0.108132E+02  0.104692E+02  0.000000E+00  0.000000E+00  0.982842E-06  0.107045E+02
  0.654789E+02  0.106145E+02  0.102748E+02  0.000000E+00  0.000000E+00  0.948704E-06  0.105074E+02
  0.661370E+02  0.104194E+02  0.100840E+02  0.000000E+00  0.000000E+00  0.910731E-06  0.103139E+02
  0.668016E+02  0.102278E+02  0.989663E+01  0.000000E+00  0.000000E+00  0.877153E-06  0.101240E+02
  0.674730E+02  0.100398E+02  0.971268E+01  0.000000E+00  0.000000E+00  0.842701E-06  0.993751E+01
  0.681511E+02  0.985512E+01  0.953209E+01  0.000000E+00  0.000000E+00  0.809959E-06  0.975442E+01
  0.688361E+02  0.967384E+01  0.935478E+01  0.000000E+00  0.000000E+00  0.782130E-06  0.957466E+01
  0.695279E+02  0.949588E+01  0.918072E+01  0.000000E+00  0.000000E+00  0.752113E-06  0.939819E+01
  0.702266E+02  0.932114E+01  0.900982E+01  0.000000E+00  0.000000E+00  0.723629E-06  0.922493E+01
  0.709324E+02  0.914960E+01  0.884202E+01  0.000000E+00  0.000000E+00  0.696418E-06  0.905482E+01
  0.716453E+02  0.898117E+01  0.867729E+01  0.000000E+00  0.000000E+00  0.668203E-06  0.888781E+01
  0.723653E+02  0.881584E+01  0.851557E+01  0.000000E+00  0.000000E+00  0.644314E-06  0.872386E+01
  0.730926E+02  0.865350E+01  0.835679E+01  0.000000E+00  0.000000E+00  0.618730E-06  0.856289E+01
  0.738272E+02  0.849413E+01  0.820089E+01  0.000000E+00  0.000000E+00  0.596065E-06  0.840486E+01
  0.745692E+02  0.833766E+01  0.804784E+01  0.000000E+00  0.000000E+00  0.573883E-06  0.824970E+01
  0.753186E+02  0.818406E+01  0.789760E+01  0.000000E+00  0.000000E+00  0.551033E-06  0.809739E+01
  0.760756E+02  0.803325E+01  0.775008E+01  0.000000E+00  0.000000E+00  0.529629E-06  0.794784E+01
  0.768402E+02  0.788519E+01  0.760525E+01  0.000000E+00  0.000000E+00  0.510330E-06  0.780103E+01
  0.776125E+02  0.773983E+01  0.746306E+01  0.000000E+00  0.000000E+00  0.491689E-06  0.765689E+01
  0.783925E+02  0.759713E+01  0.732346E+01  0.000000E+00  0.000000E+00  0.472337E-06  0.751538E+01
  0.791803E+02  0.745704E+01  0.718643E+01  0.000000E+00  0.000000E+00  0.455874E-06  0.737647E+01
  0.799761E+02  0.731950E+01  0.705188E+01  0.000000E+00  0.000000E+00  0.438335E-06  0.724008E+01
  0.807799E+02  0.718447E+01  0.691979E+01  0.000000E+00  0.000000E+00  0.420769E-06  0.710618E+01
  0.815918E+02  0.705190E+01  0.679011E+01  0.000000E+00  0.000000E+00  0.403900E-06  0.697472E+01
  0.824117E+02  0.692177E+01  0.666280E+01  0.000000E+00  0.000000E+00  0.389840E-06  0.684568E+01
  0.832400E+02  0.679401E+01  0.653781E+01  0.000000E+00  0.000000E+00  0.374688E-06  0.671898E+01
  0.840766E+02  0.666857E+01  0.641510E+01  0.000000E+00  0.000000E+00  0.360782E-06  0.659460E+01
  0.849216E+02  0.654543E+01  0.629463E+01  0.000000E+00  0.000000E+00  0.347044E-06  0.647249E+01
  0.857750E+02  0.642455E+01  0.617638E+01  0.000000E+00  0.000000E+00  0.333570E-06  0.635262E+01
  0.866371E+02  0.630587E+01  0.606027E+01  0.000000E+00  0.000000E+00  0.319993E-06  0.623493E+01
  0.875078E+02  0.618936E+01  0.594628E+01  0.000000E+00  0.000000E+00  0.307963E-06  0.611939E+01
  0.883873E+02  0.607498E+01  0.583437E+01  0.000000E+00  0.000000E+00  0.296919E-06  0.600597E+01
  0.892756E+02  0.596268E+01  0.572451E+01  0.000000E+00  0.000000E+00  0.284794E-06  0.589461E+01
  0.901729E+02  0.585245E+01  0.561666E+01  0.000000E+00  0.000000E+00  0.275000E-06  0.578530E+01
  0.910790E+02  0.574424E+01  0.551080E+01  0.000000E+00  0.000000E+00  0.264061E-06  0.567800E+01
  0.919943E+02  0.563800E+01  0.540685E+01  0.000000E+00  0.000000E+00  0.254531E-06  0.557264E+01
  0.929189E+02  0.553370E+01  0.530480E+01  0.000000E+00  0.000000E+00  0.243925E-06  0.546921E+01
  0.938528E+02  0.543131E+01  0.520462E+01  0.000000E+00  0.000000E+00  0.236132E-06  0.536768E+01
  0.947961E+02  0.533079E+01  0.510627E+01  0.000000E+00  0.000000E+00  0.226125E-06  0.526800E+01
  0.957488E+02  0.523211E+01  0.500972E+01  0.000000E+00  0.000000E+00  0.217417E-06  0.517014E+01
  0.967111E+02  0.513523E+01  0.491494E+01  0.000000E+00  0.000000E+00  0.209304E-06  0.507407E+01
  0.976831E+02  0.504013E+01  0.482188E+01  0.000000E+00  0.000000E+00  0.201300E-06  0.497977E+01
  0.986647E+02  0.494679E+01  0.473055E+01  0.000000E+00  0.000000E+00  0.194138E-06  0.488720E+01
  0.996563E+02  0.485514E+01  0.464087E+01  0.000000E+00  0.000000E+00  0.186828E-06  0.479632E+01
  0.100658E+03  0.476517E+01  0.455284E+01  0.000000E+00  0.000000E+00  0.179511E-06  0.470709E+01
