  0.994668E-05  0.248920E+06  0.248920E+06  0.331891E+06  0.331891E+06  0.286345E+06  0.249165E+06
  0.109829E-04  0.248920E+06  0.248920E+06  0.331891E+06  0.331891E+06  0.286345E+06  0.249165E+06
  0.121270E-04  0.248920E+06  0.248920E+06  0.331891E+06  0.331890E+06  0.286345E+06  0.249165E+06
  0.133904E-04  0.248920E+06  0.248920E+06  0.331890E+06  0.331890E+06  0.286344E+06  0.249165E+06
  0.147854E-04  0.248920E+06  0.248920E+06  0.331890E+06  0.331889E+06  0.286344E+06  0.249165E+06
  0.163257E-04  0.248920E+06  0.248920E+06  0.331889E+06  0.331888E+06  0.286343E+06  0.249165E+06
  0.180264E-04  0.248919E+06  0.248919E+06  0.331888E+06  0.331887E+06  0.286343E+06  0.249165E+06
  0.199043E-04  0.248919E+06  0.248919E+06  0.331887E+06  0.331886E+06  0.286342E+06  0.249165E+06
  0.219779E-04  0.248919E+06  0.248919E+06  0.331886E+06  0.331885E+06  0.286341E+06  0.249165E+06
  0.242675E-04  0.248919E+06  0.248919E+06  0.331884E+06  0.331883E+06  0.286340E+06  0.249165E+06
  0.267956E-04  0.248919E+06  0.248919E+06  0.331882E+06  0.331881E+06  0.286338E+06  0.249165E+06
  0.295871E-04  0.248919E+06  0.248919E+06  0.331880E+06  0.331878E+06  0.286336E+06  0.249165E+06
  0.326693E-04  0.248919E+06  0.248919E+06  0.331877E+06  0.331875E+06  0.286334E+06  0.249165E+06
  0.360727E-04  0.248919E+06  0.248919E+06  0.331873E+06  0.331871E+06  0.286331E+06  0.249164E+06
  0.398307E-04  0.248919E+06  0.248918E+06  0.331869E+06  0.331866E+06  0.286328E+06  0.249164E+06
  0.439801E-04  0.248918E+06  0.248918E+06  0.331864E+06  0.331860E+06  0.286324E+06  0.249164E+06
  0.485618E-04  0.248918E+06  0.248918E+06  0.331857E+06  0.331853E+06  0.286319E+06  0.249164E+06
  0.536208E-04  0.248918E+06  0.248918E+06  0.331849E+06  0.331845E+06  0.286313E+06  0.249163E+06
  0.592068E-04  0.248917E+06  0.248917E+06  0.331840E+06  0.331834E+06  0.286306E+06  0.249163E+06
  0.653748E-04  0.248917E+06  0.248916E+06  0.331828E+06  0.331821E+06  0.286297E+06  0.249162E+06
  0.721853E-04  0.248916E+06  0.248916E+06  0.331814E+06  0.331805E+06  0.286287E+06  0.249161E+06
  0.797053E-04  0.248915E+06  0.248915E+06  0.331797E+06  0.331786E+06  0.286274E+06  0.249160E+06
  0.880087E-04  0.248914E+06  0.248914E+06  0.331776E+06  0.331763E+06  0.286258E+06  0.249159E+06
  0.971772E-04  0.248913E+06  0.248912E+06  0.331750E+06  0.331734E+06  0.286238E+06  0.249158E+06
  0.107301E-03  0.248912E+06  0.248911E+06  0.331719E+06  0.331700E+06  0.286214E+06  0.249157E+06
  0.118479E-03  0.248910E+06  0.248909E+06  0.331681E+06  0.331657E+06  0.286186E+06  0.249155E+06
  0.130822E-03  0.248908E+06  0.248907E+06  0.331634E+06  0.331606E+06  0.286150E+06  0.249152E+06
  0.144450E-03  0.248906E+06  0.248904E+06  0.331577E+06  0.331543E+06  0.286107E+06  0.249149E+06
  0.159499E-03  0.248902E+06  0.248900E+06  0.331508E+06  0.331466E+06  0.286055E+06  0.249146E+06
  0.176115E-03  0.248899E+06  0.248896E+06  0.331424E+06  0.331372E+06  0.285991E+06  0.249142E+06
  0.194462E-03  0.248894E+06  0.248891E+06  0.331321E+06  0.331258E+06  0.285914E+06  0.249137E+06
  0.214720E-03  0.248889E+06  0.248884E+06  0.331196E+06  0.331120E+06  0.285819E+06  0.249130E+06
  0.237089E-03  0.248882E+06  0.248877E+06  0.331044E+06  0.330950E+06  0.285703E+06  0.249123E+06
  0.261788E-03  0.248873E+06  0.248867E+06  0.330858E+06  0.330744E+06  0.285563E+06  0.249113E+06
  0.289060E-03  0.248863E+06  0.248856E+06  0.330631E+06  0.330493E+06  0.285391E+06  0.249102E+06
  0.319173E-03  0.248851E+06  0.248842E+06  0.330355E+06  0.330186E+06  0.285182E+06  0.249088E+06
  0.352424E-03  0.248836E+06  0.248825E+06  0.330019E+06  0.329813E+06  0.284927E+06  0.249071E+06
  0.389138E-03  0.248817E+06  0.248804E+06  0.329609E+06  0.329359E+06  0.284617E+06  0.249050E+06
  0.429677E-03  0.248795E+06  0.248779E+06  0.329110E+06  0.328806E+06  0.284240E+06  0.249025E+06
  0.474439E-03  0.248768E+06  0.248748E+06  0.328503E+06  0.328133E+06  0.283780E+06  0.248994E+06
  0.523865E-03  0.248734E+06  0.248710E+06  0.327764E+06  0.327314E+06  0.283220E+06  0.248957E+06
  0.578439E-03  0.248694E+06  0.248664E+06  0.326864E+06  0.326317E+06  0.282540E+06  0.248911E+06
  0.638699E-03  0.248644E+06  0.248608E+06  0.325771E+06  0.325107E+06  0.281712E+06  0.248855E+06
  0.705236E-03  0.248584E+06  0.248540E+06  0.324442E+06  0.323636E+06  0.280706E+06  0.248788E+06
  0.778705E-03  0.248511E+06  0.248457E+06  0.322829E+06  0.321851E+06  0.279484E+06  0.248705E+06
  0.859828E-03  0.248422E+06  0.248356E+06  0.320870E+06  0.319686E+06  0.278001E+06  0.248605E+06
  0.949402E-03  0.248313E+06  0.248233E+06  0.318497E+06  0.317065E+06  0.276204E+06  0.248483E+06
  0.104831E-02  0.248181E+06  0.248084E+06  0.315624E+06  0.313896E+06  0.274028E+06  0.248334E+06
  0.115752E-02  0.248020E+06  0.247902E+06  0.312152E+06  0.310071E+06  0.271398E+06  0.248154E+06
  0.127810E-02  0.247825E+06  0.247680E+06  0.307963E+06  0.305464E+06  0.268225E+06  0.247935E+06
  0.141125E-02  0.247587E+06  0.247412E+06  0.302922E+06  0.299931E+06  0.264405E+06  0.247668E+06
  0.155827E-02  0.247299E+06  0.247085E+06  0.296872E+06  0.293309E+06  0.259820E+06  0.247346E+06
  0.172061E-02  0.246950E+06  0.246689E+06  0.289639E+06  0.285413E+06  0.254335E+06  0.246955E+06
  0.189985E-02  0.246527E+06  0.246209E+06  0.281027E+06  0.276048E+06  0.247803E+06  0.246482E+06
  0.209777E-02  0.246015E+06  0.245628E+06  0.270828E+06  0.265008E+06  0.240062E+06  0.245912E+06
  0.231631E-02  0.245397E+06  0.244926E+06  0.258828E+06  0.252091E+06  0.230948E+06  0.245224E+06
  0.255762E-02  0.244653E+06  0.244078E+06  0.244824E+06  0.237120E+06  0.220300E+06  0.244397E+06
  0.282406E-02  0.243758E+06  0.243059E+06  0.228644E+06  0.219967E+06  0.207981E+06  0.243407E+06
  0.311826E-02  0.242686E+06  0.241835E+06  0.210180E+06  0.200596E+06  0.193896E+06  0.242224E+06
  0.344311E-02  0.241405E+06  0.240371E+06  0.189434E+06  0.179109E+06  0.178029E+06  0.240817E+06
  0.380180E-02  0.239883E+06  0.238626E+06  0.166573E+06  0.155805E+06  0.160477E+06  0.239152E+06
  0.419786E-02  0.238082E+06  0.236555E+06  0.141994E+06  0.131242E+06  0.141500E+06  0.237193E+06
  0.463518E-02  0.235963E+06  0.234111E+06  0.116386E+06  0.106276E+06  0.121561E+06  0.234904E+06
  0.511806E-02  0.233489E+06  0.231243E+06  0.907732E+05  0.820725E+05  0.101356E+06  0.232247E+06
  0.565124E-02  0.230622E+06  0.227903E+06  0.665039E+05  0.600246E+05  0.824229E+05  0.229196E+06
  0.623997E-02  0.227329E+06  0.224041E+06  0.451451E+05  0.415702E+05  0.648292E+05  0.225714E+06
  0.689002E-02  0.223582E+06  0.219612E+06  0.282401E+05  0.278645E+05  0.500694E+05  0.221781E+06
  0.760780E-02  0.219364E+06  0.214581E+06  0.169096E+05  0.193587E+05  0.386281E+05  0.217380E+06
  0.840036E-02  0.214667E+06  0.208916E+06  0.113579E+05  0.154244E+05  0.310769E+05  0.212503E+06
  0.927548E-02  0.209489E+06  0.202594E+06  0.104699E+05  0.142926E+05  0.266961E+05  0.207139E+06
  0.102418E-01  0.203836E+06  0.195594E+06  0.118323E+05  0.135955E+05  0.239291E+05  0.201281E+06
  0.113087E-01  0.197713E+06  0.187898E+06  0.125158E+05  0.115417E+05  0.211707E+05  0.194917E+06
  0.124868E-01  0.191119E+06  0.179484E+06  0.105988E+05  0.810979E+04  0.176121E+05  0.188040E+06
  0.137877E-01  0.184053E+06  0.170331E+06  0.658806E+04  0.503225E+04  0.136027E+05  0.180645E+06
  0.152240E-01  0.176509E+06  0.160430E+06  0.315815E+04  0.387769E+04  0.104487E+05  0.172737E+06
  0.168100E-01  0.168492E+06  0.149793E+06  0.244477E+04  0.000000E+00  0.875693E+04  0.164324E+06
  0.185612E-01  0.160017E+06  0.138473E+06  0.327929E+04  0.000000E+00  0.757550E+04  0.155423E+06
  0.204948E-01  0.151114E+06  0.126569E+06  0.279044E+04  0.000000E+00  0.588986E+04  0.146067E+06
  0.226299E-01  0.141834E+06  0.114250E+06  0.124395E+04  0.000000E+00  0.435335E+04  0.136330E+06
  0.249874E-01  0.132249E+06  0.101765E+06  0.108717E+04  0.000000E+00  0.361746E+04  0.126320E+06
  0.275905E-01  0.122474E+06  0.894690E+05  0.119124E+04  0.000000E+00  0.281969E+04  0.116183E+06
  0.304648E-01  0.112659E+06  0.778169E+05  0.498115E+03  0.000000E+00  0.205437E+04  0.106121E+06
  0.336385E-01  0.102997E+06  0.673431E+05  0.630538E+03  0.000000E+00  0.165110E+04  0.963848E+05
  0.371429E-01  0.937124E+05  0.586011E+05  0.298997E+03  0.000000E+00  0.118574E+04  0.872485E+05
  0.410123E-01  0.850333E+05  0.520494E+05  0.353003E+03  0.000000E+00  0.932552E+03  0.789796E+05
  0.451135E-01  0.774138E+05  0.479794E+05  0.000000E+00  0.000000E+00  0.681859E+03  0.720005E+05
  0.492148E-01  0.712297E+05  0.460771E+05  0.000000E+00  0.000000E+00  0.555754E+03  0.665704E+05
  0.533160E-01  0.661032E+05  0.453348E+05  0.000000E+00  0.000000E+00  0.430104E+03  0.622080E+05
  0.574172E-01  0.617545E+05  0.449270E+05  0.000000E+00  0.000000E+00  0.364928E+03  0.585447E+05
  0.615185E-01  0.579728E+05  0.442526E+05  0.000000E+00  0.000000E+00  0.295005E+03  0.553057E+05
  0.656197E-01  0.545401E+05  0.428939E+05  0.000000E+00  0.000000E+00  0.246043E+03  0.522412E+05
  0.697209E-01  0.513021E+05  0.406897E+05  0.000000E+00  0.000000E+00  0.199515E+03  0.491966E+05
  0.738221E-01  0.481858E+05  0.377243E+05  0.000000E+00  0.000000E+00  0.149433E+03  0.461255E+05
  0.779234E-01  0.451890E+05  0.342656E+05  0.000000E+00  0.000000E+00  0.135772E+03  0.430713E+05
  0.820246E-01  0.423460E+05  0.306686E+05  0.000000E+00  0.000000E+00  0.115757E+03  0.401210E+05
  0.861258E-01  0.396926E+05  0.272790E+05  0.000000E+00  0.000000E+00  0.114863E+03  0.373622E+05
  0.912474E-01  0.366940E+05  0.237549E+05  0.000000E+00  0.000000E+00  0.912802E+02  0.342955E+05
  0.963690E-01  0.340999E+05  0.213186E+05  0.000000E+00  0.000000E+00  0.662634E+02  0.317446E+05
  0.101491E+00  0.319377E+05  0.200217E+05  0.000000E+00  0.000000E+00  0.611997E+02  0.297409E+05
  0.106612E+00  0.301637E+05  0.196342E+05  0.000000E+00  0.000000E+00  0.537216E+02  0.282097E+05
  0.111734E+00  0.286740E+05  0.197436E+05  0.000000E+00  0.000000E+00  0.464733E+02  0.269965E+05
  0.116855E+00  0.273542E+05  0.199090E+05  0.000000E+00  0.000000E+00  0.385413E+02  0.259331E+05
  0.121977E+00  0.261139E+05  0.197872E+05  0.000000E+00  0.000000E+00  0.358093E+02  0.248874E+05
  0.127098E+00  0.248958E+05  0.191959E+05  0.000000E+00  0.000000E+00  0.325222E+02  0.237819E+05
  0.132220E+00  0.236756E+05  0.181267E+05  0.000000E+00  0.000000E+00  0.268092E+02  0.225948E+05
  0.137342E+00  0.224573E+05  0.167131E+05  0.000000E+00  0.000000E+00  0.242903E+02  0.213519E+05
  0.142463E+00  0.212656E+05  0.151713E+05  0.000000E+00  0.000000E+00  0.219941E+02  0.201096E+05
  0.147585E+00  0.201389E+05  0.137339E+05  0.000000E+00  0.000000E+00  0.200585E+02  0.189385E+05
  0.152706E+00  0.191187E+05  0.125892E+05  0.000000E+00  0.000000E+00  0.179287E+02  0.179042E+05
  0.157828E+00  0.182298E+05  0.118320E+05  0.000000E+00  0.000000E+00  0.148211E+02  0.170431E+05
  0.162949E+00  0.174685E+05  0.114465E+05  0.000000E+00  0.000000E+00  0.125127E+02  0.163494E+05
  0.168071E+00  0.168113E+05  0.113322E+05  0.000000E+00  0.000000E+00  0.115239E+02  0.157871E+05
  0.173193E+00  0.162294E+05  0.113490E+05  0.000000E+00  0.000000E+00  0.109105E+02  0.153089E+05
  0.178314E+00  0.156930E+05  0.113562E+05  0.000000E+00  0.000000E+00  0.100914E+02  0.148667E+05
  0.183436E+00  0.151722E+05  0.112413E+05  0.000000E+00  0.000000E+00  0.853927E+01  0.144170E+05
  0.188557E+00  0.146448E+05  0.109451E+05  0.000000E+00  0.000000E+00  0.793968E+01  0.139316E+05
  0.193679E+00  0.141061E+05  0.104732E+05  0.000000E+00  0.000000E+00  0.801595E+01  0.134076E+05
  0.198800E+00  0.135656E+05  0.988303E+04  0.000000E+00  0.000000E+00  0.666492E+01  0.128624E+05
  0.203922E+00  0.130369E+05  0.925548E+04  0.000000E+00  0.000000E+00  0.628096E+01  0.123207E+05
  0.209044E+00  0.125335E+05  0.867077E+04  0.000000E+00  0.000000E+00  0.530844E+01  0.118070E+05
  0.214165E+00  0.120677E+05  0.819100E+04  0.000000E+00  0.000000E+00  0.554233E+01  0.113419E+05
  0.219287E+00  0.116478E+05  0.784783E+04  0.000000E+00  0.000000E+00  0.469321E+01  0.109376E+05
  0.224408E+00  0.112747E+05  0.763718E+04  0.000000E+00  0.000000E+00  0.462454E+01  0.105940E+05
  0.229530E+00  0.109413E+05  0.752527E+04  0.000000E+00  0.000000E+00  0.402906E+01  0.102997E+05
  0.234651E+00  0.106368E+05  0.746266E+04  0.000000E+00  0.000000E+00  0.374946E+01  0.100376E+05
  0.239773E+00  0.103495E+05  0.739884E+04  0.000000E+00  0.000000E+00  0.351825E+01  0.978941E+04
  0.244895E+00  0.100687E+05  0.729409E+04  0.000000E+00  0.000000E+00  0.340466E+01  0.953985E+04
  0.250016E+00  0.978760E+04  0.712768E+04  0.000000E+00  0.000000E+00  0.319095E+01  0.927971E+04
  0.255138E+00  0.950444E+04  0.690048E+04  0.000000E+00  0.000000E+00  0.290075E+01  0.900774E+04
  0.260259E+00  0.922184E+04  0.663076E+04  0.000000E+00  0.000000E+00  0.267378E+01  0.872914E+04
  0.265381E+00  0.894449E+04  0.634604E+04  0.000000E+00  0.000000E+00  0.258563E+01  0.845238E+04
  0.270502E+00  0.867762E+04  0.607478E+04  0.000000E+00  0.000000E+00  0.224208E+01  0.818652E+04
  0.275624E+00  0.842600E+04  0.583972E+04  0.000000E+00  0.000000E+00  0.220437E+01  0.793932E+04
  0.280746E+00  0.819268E+04  0.565311E+04  0.000000E+00  0.000000E+00  0.216238E+01  0.771532E+04
  0.285867E+00  0.797797E+04  0.551487E+04  0.000000E+00  0.000000E+00  0.191858E+01  0.751477E+04
  0.290989E+00  0.777972E+04  0.541458E+04  0.000000E+00  0.000000E+00  0.186125E+01  0.733416E+04
  0.296110E+00  0.759429E+04  0.533580E+04  0.000000E+00  0.000000E+00  0.163270E+01  0.716773E+04
  0.301232E+00  0.741758E+04  0.526103E+04  0.000000E+00  0.000000E+00  0.171679E+01  0.700919E+04
  0.306353E+00  0.724580E+04  0.517581E+04  0.000000E+00  0.000000E+00  0.138889E+01  0.685298E+04
  0.311475E+00  0.707622E+04  0.507173E+04  0.000000E+00  0.000000E+00  0.156168E+01  0.669543E+04
  0.316597E+00  0.690776E+04  0.494753E+04  0.000000E+00  0.000000E+00  0.136734E+01  0.653546E+04
  0.321718E+00  0.674097E+04  0.480832E+04  0.000000E+00  0.000000E+00  0.137717E+01  0.637436E+04
  0.326840E+00  0.657737E+04  0.466302E+04  0.000000E+00  0.000000E+00  0.110505E+01  0.621490E+04
  0.331961E+00  0.641885E+04  0.452153E+04  0.000000E+00  0.000000E+00  0.117157E+01  0.606025E+04
  0.337083E+00  0.626705E+04  0.439212E+04  0.000000E+00  0.000000E+00  0.108669E+01  0.591318E+04
  0.342204E+00  0.612303E+04  0.427970E+04  0.000000E+00  0.000000E+00  0.107691E+01  0.577538E+04
  0.347326E+00  0.598703E+04  0.418517E+04  0.000000E+00  0.000000E+00  0.101255E+01  0.564719E+04
  0.352448E+00  0.585847E+04  0.410579E+04  0.000000E+00  0.000000E+00  0.938931E+00  0.552768E+04
  0.357569E+00  0.573622E+04  0.403643E+04  0.000000E+00  0.000000E+00  0.845743E+00  0.541505E+04
  0.362691E+00  0.561890E+04  0.397121E+04  0.000000E+00  0.000000E+00  0.857606E+00  0.530719E+04
  0.367812E+00  0.550519E+04  0.390488E+04  0.000000E+00  0.000000E+00  0.806385E+00  0.520213E+04
  0.372934E+00  0.539394E+04  0.383391E+04  0.000000E+00  0.000000E+00  0.812973E+00  0.509833E+04
  0.378055E+00  0.528448E+04  0.375704E+04  0.000000E+00  0.000000E+00  0.702434E+00  0.499502E+04
  0.383177E+00  0.517677E+04  0.367533E+04  0.000000E+00  0.000000E+00  0.723638E+00  0.489236E+04
  0.388299E+00  0.507132E+04  0.359152E+04  0.000000E+00  0.000000E+00  0.688514E+00  0.479121E+04
  0.393420E+00  0.496874E+04  0.350891E+04  0.000000E+00  0.000000E+00  0.594668E+00  0.469263E+04
  0.398542E+00  0.486946E+04  0.343032E+04  0.000000E+00  0.000000E+00  0.609825E+00  0.459745E+04
  0.403663E+00  0.477376E+04  0.335767E+04  0.000000E+00  0.000000E+00  0.585517E+00  0.450623E+04
  0.408785E+00  0.468187E+04  0.329178E+04  0.000000E+00  0.000000E+00  0.620142E+00  0.441928E+04
  0.413906E+00  0.459378E+04  0.323224E+04  0.000000E+00  0.000000E+00  0.485267E+00  0.433652E+04
  0.419028E+00  0.450911E+04  0.317756E+04  0.000000E+00  0.000000E+00  0.531848E+00  0.425741E+04
  0.424150E+00  0.442728E+04  0.312569E+04  0.000000E+00  0.000000E+00  0.443078E+00  0.418112E+04
  0.429271E+00  0.434779E+04  0.307477E+04  0.000000E+00  0.000000E+00  0.502949E+00  0.410692E+04
  0.434393E+00  0.427031E+04  0.302348E+04  0.000000E+00  0.000000E+00  0.444823E+00  0.403431E+04
  0.439514E+00  0.419455E+04  0.297113E+04  0.000000E+00  0.000000E+00  0.469774E+00  0.396296E+04
  0.444636E+00  0.412033E+04  0.291768E+04  0.000000E+00  0.000000E+00  0.388568E+00  0.389269E+04
  0.449757E+00  0.404764E+04  0.286373E+04  0.000000E+00  0.000000E+00  0.386259E+00  0.382360E+04
  0.454879E+00  0.397666E+04  0.281029E+04  0.000000E+00  0.000000E+00  0.379346E+00  0.375601E+04
  0.460001E+00  0.390760E+04  0.275845E+04  0.000000E+00  0.000000E+00  0.389448E+00  0.369028E+04
  0.465122E+00  0.384059E+04  0.270894E+04  0.000000E+00  0.000000E+00  0.338051E+00  0.362662E+04
  0.470244E+00  0.377561E+04  0.266213E+04  0.000000E+00  0.000000E+00  0.367187E+00  0.356510E+04
  0.475365E+00  0.371261E+04  0.261797E+04  0.000000E+00  0.000000E+00  0.308950E+00  0.350566E+04
  0.480487E+00  0.365153E+04  0.257614E+04  0.000000E+00  0.000000E+00  0.322638E+00  0.344819E+04
  0.485608E+00  0.359226E+04  0.253611E+04  0.000000E+00  0.000000E+00  0.277881E+00  0.339252E+04
  0.490730E+00  0.353461E+04  0.249725E+04  0.000000E+00  0.000000E+00  0.312116E+00  0.333838E+04
  0.495852E+00  0.347836E+04  0.245894E+04  0.000000E+00  0.000000E+00  0.287452E+00  0.328549E+04
  0.500973E+00  0.342333E+04  0.242081E+04  0.000000E+00  0.000000E+00  0.269892E+00  0.323364E+04
  0.506095E+00  0.336949E+04  0.238278E+04  0.000000E+00  0.000000E+00  0.264983E+00  0.318279E+04
  0.511216E+00  0.331684E+04  0.234501E+04  0.000000E+00  0.000000E+00  0.247238E+00  0.313297E+04
  0.516338E+00  0.326539E+04  0.230773E+04  0.000000E+00  0.000000E+00  0.246416E+00  0.308422E+04
  0.521459E+00  0.321510E+04  0.227119E+04  0.000000E+00  0.000000E+00  0.214070E+00  0.303656E+04
  0.526581E+00  0.316602E+04  0.223566E+04  0.000000E+00  0.000000E+00  0.256711E+00  0.299006E+04
  0.531703E+00  0.311818E+04  0.220137E+04  0.000000E+00  0.000000E+00  0.214113E+00  0.294479E+04
  0.536824E+00  0.307159E+04  0.216836E+04  0.000000E+00  0.000000E+00  0.220512E+00  0.290077E+04
  0.541946E+00  0.302618E+04  0.213656E+04  0.000000E+00  0.000000E+00  0.189724E+00  0.285793E+04
  0.547067E+00  0.298188E+04  0.210577E+04  0.000000E+00  0.000000E+00  0.199510E+00  0.281617E+04
  0.549761E+00  0.295904E+04  0.209004E+04  0.000000E+00  0.000000E+00  0.196158E+00  0.279467E+04
  0.555286E+00  0.291301E+04  0.205813E+04  0.000000E+00  0.000000E+00  0.201647E+00  0.275129E+04
  0.560867E+00  0.286764E+04  0.202653E+04  0.000000E+00  0.000000E+00  0.183595E+00  0.270852E+04
  0.566504E+00  0.282288E+04  0.199509E+04  0.000000E+00  0.000000E+00  0.171419E+00  0.266628E+04
  0.572197E+00  0.277869E+04  0.196379E+04  0.000000E+00  0.000000E+00  0.151885E+00  0.262453E+04
  0.577947E+00  0.273511E+04  0.193273E+04  0.000000E+00  0.000000E+00  0.180221E+00  0.258332E+04
  0.583756E+00  0.269217E+04  0.190206E+04  0.000000E+00  0.000000E+00  0.154532E+00  0.254271E+04
  0.589623E+00  0.264986E+04  0.187187E+04  0.000000E+00  0.000000E+00  0.157959E+00  0.250270E+04
  0.595549E+00  0.260818E+04  0.184223E+04  0.000000E+00  0.000000E+00  0.153089E+00  0.246330E+04
  0.601534E+00  0.256715E+04  0.181323E+04  0.000000E+00  0.000000E+00  0.119409E+00  0.242455E+04
  0.607579E+00  0.252681E+04  0.178486E+04  0.000000E+00  0.000000E+00  0.142439E+00  0.238647E+04
  0.613686E+00  0.248709E+04  0.175702E+04  0.000000E+00  0.000000E+00  0.130493E+00  0.234899E+04
  0.619854E+00  0.244795E+04  0.172957E+04  0.000000E+00  0.000000E+00  0.126056E+00  0.231206E+04
  0.626083E+00  0.240939E+04  0.170247E+04  0.000000E+00  0.000000E+00  0.136707E+00  0.227566E+04
  0.632375E+00  0.237140E+04  0.167568E+04  0.000000E+00  0.000000E+00  0.112825E+00  0.223979E+04
  0.638731E+00  0.233396E+04  0.164919E+04  0.000000E+00  0.000000E+00  0.101609E+00  0.220442E+04
  0.645150E+00  0.229704E+04  0.162301E+04  0.000000E+00  0.000000E+00  0.116895E+00  0.216954E+04
  0.651634E+00  0.226068E+04  0.159722E+04  0.000000E+00  0.000000E+00  0.109963E+00  0.213517E+04
  0.658183E+00  0.222489E+04  0.157186E+04  0.000000E+00  0.000000E+00  0.103092E+00  0.210136E+04
  0.664798E+00  0.218963E+04  0.154694E+04  0.000000E+00  0.000000E+00  0.995035E-01  0.206806E+04
  0.671479E+00  0.215491E+04  0.152244E+04  0.000000E+00  0.000000E+00  0.935983E-01  0.203527E+04
  0.678228E+00  0.212074E+04  0.149837E+04  0.000000E+00  0.000000E+00  0.101908E+00  0.200301E+04
  0.685044E+00  0.208710E+04  0.147468E+04  0.000000E+00  0.000000E+00  0.100758E+00  0.197125E+04
  0.691929E+00  0.205394E+04  0.145129E+04  0.000000E+00  0.000000E+00  0.813521E-01  0.193994E+04
  0.698883E+00  0.202128E+04  0.142822E+04  0.000000E+00  0.000000E+00  0.773890E-01  0.190909E+04
  0.705907E+00  0.198913E+04  0.140550E+04  0.000000E+00  0.000000E+00  0.895259E-01  0.187872E+04
  0.713001E+00  0.195745E+04  0.138309E+04  0.000000E+00  0.000000E+00  0.867368E-01  0.184880E+04
  0.720167E+00  0.192624E+04  0.136102E+04  0.000000E+00  0.000000E+00  0.703097E-01  0.181932E+04
  0.727405E+00  0.189552E+04  0.133932E+04  0.000000E+00  0.000000E+00  0.644633E-01  0.179031E+04
  0.734716E+00  0.186528E+04  0.131797E+04  0.000000E+00  0.000000E+00  0.712634E-01  0.176175E+04
  0.742099E+00  0.183549E+04  0.129694E+04  0.000000E+00  0.000000E+00  0.736516E-01  0.173361E+04
  0.749557E+00  0.180615E+04  0.127623E+04  0.000000E+00  0.000000E+00  0.630997E-01  0.170591E+04
  0.757091E+00  0.177727E+04  0.125584E+04  0.000000E+00  0.000000E+00  0.588955E-01  0.167863E+04
  0.764700E+00  0.174882E+04  0.123573E+04  0.000000E+00  0.000000E+00  0.647037E-01  0.165176E+04
  0.772385E+00  0.172080E+04  0.121594E+04  0.000000E+00  0.000000E+00  0.645104E-01  0.162530E+04
  0.780147E+00  0.169323E+04  0.119645E+04  0.000000E+00  0.000000E+00  0.526378E-01  0.159925E+04
  0.787988E+00  0.166605E+04  0.117725E+04  0.000000E+00  0.000000E+00  0.471050E-01  0.157359E+04
  0.795908E+00  0.163931E+04  0.115835E+04  0.000000E+00  0.000000E+00  0.514511E-01  0.154833E+04
  0.803907E+00  0.161299E+04  0.113977E+04  0.000000E+00  0.000000E+00  0.529914E-01  0.152347E+04
  0.811986E+00  0.158705E+04  0.112145E+04  0.000000E+00  0.000000E+00  0.534748E-01  0.149897E+04
  0.820147E+00  0.156152E+04  0.110341E+04  0.000000E+00  0.000000E+00  0.463076E-01  0.147486E+04
  0.828389E+00  0.153639E+04  0.108567E+04  0.000000E+00  0.000000E+00  0.418872E-01  0.145113E+04
  0.836715E+00  0.151163E+04  0.106817E+04  0.000000E+00  0.000000E+00  0.424797E-01  0.142774E+04
  0.845124E+00  0.148726E+04  0.105096E+04  0.000000E+00  0.000000E+00  0.396555E-01  0.140473E+04
  0.853617E+00  0.146328E+04  0.103401E+04  0.000000E+00  0.000000E+00  0.398225E-01  0.138207E+04
  0.862197E+00  0.143965E+04  0.101732E+04  0.000000E+00  0.000000E+00  0.400858E-01  0.135976E+04
  0.870862E+00  0.141640E+04  0.100090E+04  0.000000E+00  0.000000E+00  0.377769E-01  0.133780E+04
  0.879614E+00  0.139351E+04  0.984726E+03  0.000000E+00  0.000000E+00  0.346493E-01  0.131618E+04
  0.888454E+00  0.137097E+04  0.968800E+03  0.000000E+00  0.000000E+00  0.340159E-01  0.129489E+04
  0.897383E+00  0.134879E+04  0.953134E+03  0.000000E+00  0.000000E+00  0.297625E-01  0.127394E+04
  0.906403E+00  0.132694E+04  0.937697E+03  0.000000E+00  0.000000E+00  0.263977E-01  0.125331E+04
  0.915511E+00  0.130544E+04  0.922505E+03  0.000000E+00  0.000000E+00  0.271030E-01  0.123300E+04
  0.924713E+00  0.128428E+04  0.907557E+03  0.000000E+00  0.000000E+00  0.278173E-01  0.121301E+04
  0.934006E+00  0.126343E+04  0.892828E+03  0.000000E+00  0.000000E+00  0.269322E-01  0.119332E+04
  0.943393E+00  0.124292E+04  0.878339E+03  0.000000E+00  0.000000E+00  0.236181E-01  0.117395E+04
  0.952874E+00  0.122273E+04  0.864075E+03  0.000000E+00  0.000000E+00  0.281499E-01  0.115488E+04
  0.962451E+00  0.120285E+04  0.850028E+03  0.000000E+00  0.000000E+00  0.274008E-01  0.113610E+04
  0.972124E+00  0.118329E+04  0.836207E+03  0.000000E+00  0.000000E+00  0.231450E-01  0.111763E+04
  0.981894E+00  0.116402E+04  0.822594E+03  0.000000E+00  0.000000E+00  0.277745E-01  0.109943E+04
  0.991762E+00  0.114507E+04  0.809204E+03  0.000000E+00  0.000000E+00  0.241984E-01  0.108153E+04
  0.100173E+01  0.112640E+04  0.796015E+03  0.000000E+00  0.000000E+00  0.225265E-01  0.106390E+04
  0.101180E+01  0.110803E+04  0.783034E+03  0.000000E+00  0.000000E+00  0.213696E-01  0.104655E+04
  0.102197E+01  0.108995E+04  0.770261E+03  0.000000E+00  0.000000E+00  0.189500E-01  0.102947E+04
  0.103224E+01  0.107214E+04  0.757679E+03  0.000000E+00  0.000000E+00  0.183249E-01  0.101265E+04
  0.104261E+01  0.105463E+04  0.745308E+03  0.000000E+00  0.000000E+00  0.172957E-01  0.996113E+03
  0.105309E+01  0.103738E+04  0.733120E+03  0.000000E+00  0.000000E+00  0.184977E-01  0.979823E+03
  0.106367E+01  0.102041E+04  0.721131E+03  0.000000E+00  0.000000E+00  0.154795E-01  0.963796E+03
  0.107436E+01  0.100371E+04  0.709328E+03  0.000000E+00  0.000000E+00  0.171786E-01  0.948018E+03
  0.108516E+01  0.987270E+03  0.697713E+03  0.000000E+00  0.000000E+00  0.155722E-01  0.932492E+03
  0.109607E+01  0.971089E+03  0.686280E+03  0.000000E+00  0.000000E+00  0.162221E-01  0.917209E+03
  0.110708E+01  0.955164E+03  0.675028E+03  0.000000E+00  0.000000E+00  0.179933E-01  0.902168E+03
  0.111821E+01  0.939493E+03  0.663956E+03  0.000000E+00  0.000000E+00  0.163239E-01  0.887367E+03
  0.112945E+01  0.924068E+03  0.653057E+03  0.000000E+00  0.000000E+00  0.133829E-01  0.872798E+03
  0.114080E+01  0.908893E+03  0.642336E+03  0.000000E+00  0.000000E+00  0.136373E-01  0.858465E+03
  0.115226E+01  0.893951E+03  0.631777E+03  0.000000E+00  0.000000E+00  0.119785E-01  0.844352E+03
  0.116384E+01  0.879254E+03  0.621394E+03  0.000000E+00  0.000000E+00  0.128455E-01  0.830472E+03
  0.117554E+01  0.864785E+03  0.611169E+03  0.000000E+00  0.000000E+00  0.139547E-01  0.816806E+03
  0.118735E+01  0.850550E+03  0.601112E+03  0.000000E+00  0.000000E+00  0.112645E-01  0.803361E+03
  0.119929E+01  0.836536E+03  0.591209E+03  0.000000E+00  0.000000E+00  0.119893E-01  0.790125E+03
  0.121134E+01  0.822750E+03  0.581469E+03  0.000000E+00  0.000000E+00  0.934703E-02  0.777104E+03
  0.122351E+01  0.809180E+03  0.571879E+03  0.000000E+00  0.000000E+00  0.121036E-01  0.764287E+03
  0.123581E+01  0.795830E+03  0.562447E+03  0.000000E+00  0.000000E+00  0.116612E-01  0.751679E+03
  0.124823E+01  0.782687E+03  0.553159E+03  0.000000E+00  0.000000E+00  0.911093E-02  0.739265E+03
  0.126078E+01  0.769760E+03  0.544025E+03  0.000000E+00  0.000000E+00  0.879321E-02  0.727055E+03
  0.127345E+01  0.757034E+03  0.535033E+03  0.000000E+00  0.000000E+00  0.889533E-02  0.715035E+03
  0.128625E+01  0.744515E+03  0.526187E+03  0.000000E+00  0.000000E+00  0.989331E-02  0.703211E+03
  0.129917E+01  0.732194E+03  0.517480E+03  0.000000E+00  0.000000E+00  0.755446E-02  0.691573E+03
  0.131223E+01  0.720070E+03  0.508913E+03  0.000000E+00  0.000000E+00  0.867357E-02  0.680123E+03
  0.132542E+01  0.708143E+03  0.500485E+03  0.000000E+00  0.000000E+00  0.800035E-02  0.668857E+03
  0.133874E+01  0.696404E+03  0.492190E+03  0.000000E+00  0.000000E+00  0.665649E-02  0.657770E+03
  0.135219E+01  0.684858E+03  0.484032E+03  0.000000E+00  0.000000E+00  0.818578E-02  0.646865E+03
  0.136578E+01  0.673492E+03  0.475999E+03  0.000000E+00  0.000000E+00  0.749444E-02  0.636130E+03
  0.137951E+01  0.662314E+03  0.468101E+03  0.000000E+00  0.000000E+00  0.654766E-02  0.625572E+03
  0.139337E+01  0.651313E+03  0.460327E+03  0.000000E+00  0.000000E+00  0.789293E-02  0.615181E+03
  0.140738E+01  0.640490E+03  0.452679E+03  0.000000E+00  0.000000E+00  0.518467E-02  0.604959E+03
  0.142152E+01  0.629842E+03  0.445155E+03  0.000000E+00  0.000000E+00  0.709112E-02  0.594902E+03
  0.143581E+01  0.619362E+03  0.437749E+03  0.000000E+00  0.000000E+00  0.746931E-02  0.585004E+03
  0.145024E+01  0.609057E+03  0.430466E+03  0.000000E+00  0.000000E+00  0.662714E-02  0.575270E+03
  0.146481E+01  0.598913E+03  0.423298E+03  0.000000E+00  0.000000E+00  0.613437E-02  0.565689E+03
  0.147954E+01  0.588934E+03  0.416246E+03  0.000000E+00  0.000000E+00  0.673541E-02  0.556264E+03
  0.149441E+01  0.579118E+03  0.409309E+03  0.000000E+00  0.000000E+00  0.692425E-02  0.546993E+03
  0.150942E+01  0.569458E+03  0.402483E+03  0.000000E+00  0.000000E+00  0.649335E-02  0.537869E+03
  0.152459E+01  0.559957E+03  0.395769E+03  0.000000E+00  0.000000E+00  0.646811E-02  0.528895E+03
  0.153992E+01  0.550609E+03  0.389163E+03  0.000000E+00  0.000000E+00  0.609735E-02  0.520066E+03
  0.155539E+01  0.541411E+03  0.382663E+03  0.000000E+00  0.000000E+00  0.510549E-02  0.511378E+03
  0.157102E+01  0.532365E+03  0.376271E+03  0.000000E+00  0.000000E+00  0.493323E-02  0.502835E+03
  0.158681E+01  0.523464E+03  0.369981E+03  0.000000E+00  0.000000E+00  0.467241E-02  0.494427E+03
  0.160276E+01  0.514707E+03  0.363792E+03  0.000000E+00  0.000000E+00  0.459917E-02  0.486156E+03
  0.161887E+01  0.506095E+03  0.357706E+03  0.000000E+00  0.000000E+00  0.470099E-02  0.478022E+03
  0.163514E+01  0.497622E+03  0.351718E+03  0.000000E+00  0.000000E+00  0.480378E-02  0.470019E+03
  0.165157E+01  0.489285E+03  0.345826E+03  0.000000E+00  0.000000E+00  0.385214E-02  0.462144E+03
  0.166817E+01  0.481085E+03  0.340032E+03  0.000000E+00  0.000000E+00  0.406763E-02  0.454400E+03
  0.168494E+01  0.473018E+03  0.334331E+03  0.000000E+00  0.000000E+00  0.429479E-02  0.446780E+03
  0.170187E+01  0.465081E+03  0.328722E+03  0.000000E+00  0.000000E+00  0.429934E-02  0.439284E+03
  0.171897E+01  0.457276E+03  0.323206E+03  0.000000E+00  0.000000E+00  0.375270E-02  0.431912E+03
  0.173625E+01  0.449598E+03  0.317779E+03  0.000000E+00  0.000000E+00  0.357465E-02  0.424659E+03
  0.175370E+01  0.442044E+03  0.312441E+03  0.000000E+00  0.000000E+00  0.323302E-02  0.417525E+03
  0.177133E+01  0.434613E+03  0.307189E+03  0.000000E+00  0.000000E+00  0.370891E-02  0.410506E+03
  0.178913E+01  0.427305E+03  0.302025E+03  0.000000E+00  0.000000E+00  0.300870E-02  0.403604E+03
  0.180711E+01  0.420117E+03  0.296945E+03  0.000000E+00  0.000000E+00  0.283732E-02  0.396814E+03
  0.182527E+01  0.413046E+03  0.291947E+03  0.000000E+00  0.000000E+00  0.311325E-02  0.390135E+03
  0.184361E+01  0.406090E+03  0.287031E+03  0.000000E+00  0.000000E+00  0.302142E-02  0.383565E+03
  0.186214E+01  0.399250E+03  0.282197E+03  0.000000E+00  0.000000E+00  0.295143E-02  0.377105E+03
  0.188086E+01  0.392521E+03  0.277442E+03  0.000000E+00  0.000000E+00  0.241479E-02  0.370750E+03
  0.189976E+01  0.385903E+03  0.272765E+03  0.000000E+00  0.000000E+00  0.289071E-02  0.364498E+03
  0.191885E+01  0.379392E+03  0.268164E+03  0.000000E+00  0.000000E+00  0.227184E-02  0.358349E+03
  0.193814E+01  0.372990E+03  0.263638E+03  0.000000E+00  0.000000E+00  0.256563E-02  0.352302E+03
  0.195762E+01  0.366692E+03  0.259188E+03  0.000000E+00  0.000000E+00  0.235967E-02  0.346354E+03
  0.197729E+01  0.360498E+03  0.254811E+03  0.000000E+00  0.000000E+00  0.232823E-02  0.340503E+03
  0.199716E+01  0.354406E+03  0.250505E+03  0.000000E+00  0.000000E+00  0.204309E-02  0.334749E+03
  0.201723E+01  0.348415E+03  0.246271E+03  0.000000E+00  0.000000E+00  0.218848E-02  0.329090E+03
  0.203751E+01  0.342521E+03  0.242105E+03  0.000000E+00  0.000000E+00  0.249291E-02  0.323524E+03
  0.205799E+01  0.336725E+03  0.238009E+03  0.000000E+00  0.000000E+00  0.210307E-02  0.318049E+03
  0.207867E+01  0.331025E+03  0.233980E+03  0.000000E+00  0.000000E+00  0.156772E-02  0.312665E+03
  0.209956E+01  0.325419E+03  0.230019E+03  0.000000E+00  0.000000E+00  0.181254E-02  0.307371E+03
  0.212066E+01  0.319906E+03  0.226122E+03  0.000000E+00  0.000000E+00  0.147268E-02  0.302163E+03
  0.214197E+01  0.314483E+03  0.222290E+03  0.000000E+00  0.000000E+00  0.123993E-02  0.297041E+03
  0.216350E+01  0.309150E+03  0.218520E+03  0.000000E+00  0.000000E+00  0.147482E-02  0.292004E+03
  0.218525E+01  0.303905E+03  0.214813E+03  0.000000E+00  0.000000E+00  0.173347E-02  0.287050E+03
  0.220721E+01  0.298747E+03  0.211168E+03  0.000000E+00  0.000000E+00  0.134792E-02  0.282178E+03
  0.222939E+01  0.293674E+03  0.207582E+03  0.000000E+00  0.000000E+00  0.127378E-02  0.277387E+03
  0.225180E+01  0.288686E+03  0.204057E+03  0.000000E+00  0.000000E+00  0.155953E-02  0.272675E+03
  0.227443E+01  0.283780E+03  0.200589E+03  0.000000E+00  0.000000E+00  0.144576E-02  0.268041E+03
  0.229728E+01  0.278956E+03  0.197180E+03  0.000000E+00  0.000000E+00  0.130000E-02  0.263484E+03
  0.232037E+01  0.274211E+03  0.193826E+03  0.000000E+00  0.000000E+00  0.147408E-02  0.259003E+03
  0.234369E+01  0.269546E+03  0.190529E+03  0.000000E+00  0.000000E+00  0.913560E-03  0.254597E+03
  0.236725E+01  0.264958E+03  0.187286E+03  0.000000E+00  0.000000E+00  0.988521E-03  0.250263E+03
  0.239104E+01  0.260446E+03  0.184098E+03  0.000000E+00  0.000000E+00  0.114980E-02  0.246002E+03
  0.241507E+01  0.256010E+03  0.180962E+03  0.000000E+00  0.000000E+00  0.113673E-02  0.241811E+03
  0.243934E+01  0.251647E+03  0.177878E+03  0.000000E+00  0.000000E+00  0.938989E-03  0.237691E+03
  0.246386E+01  0.247357E+03  0.174846E+03  0.000000E+00  0.000000E+00  0.119682E-02  0.233638E+03
  0.248862E+01  0.243138E+03  0.171865E+03  0.000000E+00  0.000000E+00  0.902002E-03  0.229654E+03
  0.251363E+01  0.238990E+03  0.168933E+03  0.000000E+00  0.000000E+00  0.990491E-03  0.225736E+03
  0.253889E+01  0.234911E+03  0.166049E+03  0.000000E+00  0.000000E+00  0.923614E-03  0.221883E+03
  0.256441E+01  0.230900E+03  0.163214E+03  0.000000E+00  0.000000E+00  0.970315E-03  0.218094E+03
  0.259018E+01  0.226956E+03  0.160427E+03  0.000000E+00  0.000000E+00  0.898916E-03  0.214369E+03
  0.261621E+01  0.223077E+03  0.157686E+03  0.000000E+00  0.000000E+00  0.835235E-03  0.210706E+03
  0.264251E+01  0.219263E+03  0.154990E+03  0.000000E+00  0.000000E+00  0.640194E-03  0.207103E+03
  0.266906E+01  0.215513E+03  0.152339E+03  0.000000E+00  0.000000E+00  0.573803E-03  0.203561E+03
  0.269589E+01  0.211826E+03  0.149733E+03  0.000000E+00  0.000000E+00  0.685362E-03  0.200079E+03
  0.272298E+01  0.208201E+03  0.147171E+03  0.000000E+00  0.000000E+00  0.778377E-03  0.196654E+03
  0.275035E+01  0.204636E+03  0.144651E+03  0.000000E+00  0.000000E+00  0.606730E-03  0.193287E+03
  0.277799E+01  0.201131E+03  0.142174E+03  0.000000E+00  0.000000E+00  0.604764E-03  0.189977E+03
  0.280591E+01  0.197684E+03  0.139738E+03  0.000000E+00  0.000000E+00  0.604010E-03  0.186721E+03
  0.283411E+01  0.194296E+03  0.137343E+03  0.000000E+00  0.000000E+00  0.518295E-03  0.183521E+03
  0.286259E+01  0.190964E+03  0.134988E+03  0.000000E+00  0.000000E+00  0.662254E-03  0.180374E+03
  0.289136E+01  0.187688E+03  0.132672E+03  0.000000E+00  0.000000E+00  0.559521E-03  0.177280E+03
  0.292042E+01  0.184468E+03  0.130396E+03  0.000000E+00  0.000000E+00  0.605671E-03  0.174238E+03
  0.294977E+01  0.181301E+03  0.128158E+03  0.000000E+00  0.000000E+00  0.567035E-03  0.171247E+03
  0.297942E+01  0.178188E+03  0.125957E+03  0.000000E+00  0.000000E+00  0.462224E-03  0.168306E+03
  0.300936E+01  0.175127E+03  0.123794E+03  0.000000E+00  0.000000E+00  0.437679E-03  0.165415E+03
  0.303961E+01  0.172117E+03  0.121666E+03  0.000000E+00  0.000000E+00  0.364204E-03  0.162572E+03
  0.307015E+01  0.169159E+03  0.119575E+03  0.000000E+00  0.000000E+00  0.424429E-03  0.159778E+03
  0.310101E+01  0.166249E+03  0.117519E+03  0.000000E+00  0.000000E+00  0.532572E-03  0.157030E+03
  0.313218E+01  0.163389E+03  0.115497E+03  0.000000E+00  0.000000E+00  0.354853E-03  0.154328E+03
  0.316366E+01  0.160577E+03  0.113510E+03  0.000000E+00  0.000000E+00  0.371412E-03  0.151673E+03
  0.319545E+01  0.157813E+03  0.111556E+03  0.000000E+00  0.000000E+00  0.379781E-03  0.149061E+03
  0.322756E+01  0.155095E+03  0.109635E+03  0.000000E+00  0.000000E+00  0.323590E-03  0.146494E+03
  0.326000E+01  0.152423E+03  0.107746E+03  0.000000E+00  0.000000E+00  0.333690E-03  0.143970E+03
  0.329277E+01  0.149796E+03  0.105889E+03  0.000000E+00  0.000000E+00  0.293019E-03  0.141489E+03
  0.332586E+01  0.147214E+03  0.104064E+03  0.000000E+00  0.000000E+00  0.338159E-03  0.139050E+03
  0.335928E+01  0.144675E+03  0.102269E+03  0.000000E+00  0.000000E+00  0.302471E-03  0.136652E+03
  0.339305E+01  0.142178E+03  0.100505E+03  0.000000E+00  0.000000E+00  0.237741E-03  0.134294E+03
  0.342715E+01  0.139725E+03  0.987703E+02  0.000000E+00  0.000000E+00  0.335672E-03  0.131977E+03
  0.346159E+01  0.137313E+03  0.970652E+02  0.000000E+00  0.000000E+00  0.281134E-03  0.129698E+03
  0.349638E+01  0.134941E+03  0.953891E+02  0.000000E+00  0.000000E+00  0.221917E-03  0.127458E+03
  0.353152E+01  0.132610E+03  0.937412E+02  0.000000E+00  0.000000E+00  0.193633E-03  0.125256E+03
  0.356701E+01  0.130318E+03  0.921213E+02  0.000000E+00  0.000000E+00  0.258366E-03  0.123092E+03
  0.360286E+01  0.128066E+03  0.905290E+02  0.000000E+00  0.000000E+00  0.223476E-03  0.120964E+03
  0.363907E+01  0.125851E+03  0.889636E+02  0.000000E+00  0.000000E+00  0.232072E-03  0.118872E+03
  0.367564E+01  0.123674E+03  0.874246E+02  0.000000E+00  0.000000E+00  0.215517E-03  0.116816E+03
  0.371258E+01  0.121534E+03  0.859119E+02  0.000000E+00  0.000000E+00  0.193564E-03  0.114794E+03
  0.374990E+01  0.119430E+03  0.844247E+02  0.000000E+00  0.000000E+00  0.227495E-03  0.112807E+03
  0.378758E+01  0.117362E+03  0.829631E+02  0.000000E+00  0.000000E+00  0.237549E-03  0.110854E+03
  0.382565E+01  0.115329E+03  0.815260E+02  0.000000E+00  0.000000E+00  0.238218E-03  0.108934E+03
  0.386410E+01  0.113331E+03  0.801134E+02  0.000000E+00  0.000000E+00  0.146968E-03  0.107046E+03
  0.390293E+01  0.111366E+03  0.787248E+02  0.000000E+00  0.000000E+00  0.241052E-03  0.105191E+03
  0.394216E+01  0.109435E+03  0.773598E+02  0.000000E+00  0.000000E+00  0.148886E-03  0.103367E+03
  0.398178E+01  0.107537E+03  0.760182E+02  0.000000E+00  0.000000E+00  0.161684E-03  0.101574E+03
  0.402179E+01  0.105671E+03  0.746993E+02  0.000000E+00  0.000000E+00  0.123222E-03  0.998116E+02
  0.406221E+01  0.103837E+03  0.734028E+02  0.000000E+00  0.000000E+00  0.147598E-03  0.980792E+02
  0.410304E+01  0.102035E+03  0.721286E+02  0.000000E+00  0.000000E+00  0.178890E-03  0.963766E+02
  0.414427E+01  0.100263E+03  0.708761E+02  0.000000E+00  0.000000E+00  0.133002E-03  0.947029E+02
  0.418593E+01  0.985209E+02  0.696448E+02  0.000000E+00  0.000000E+00  0.153694E-03  0.930577E+02
  0.422800E+01  0.968088E+02  0.684346E+02  0.000000E+00  0.000000E+00  0.168191E-03  0.914406E+02
  0.427049E+01  0.951261E+02  0.672452E+02  0.000000E+00  0.000000E+00  0.105932E-03  0.898512E+02
  0.431341E+01  0.934721E+02  0.660760E+02  0.000000E+00  0.000000E+00  0.148979E-03  0.882889E+02
  0.435676E+01  0.918463E+02  0.649267E+02  0.000000E+00  0.000000E+00  0.824346E-04  0.867532E+02
  0.440054E+01  0.902482E+02  0.637970E+02  0.000000E+00  0.000000E+00  0.999792E-04  0.852437E+02
  0.444477E+01  0.886775E+02  0.626868E+02  0.000000E+00  0.000000E+00  0.106901E-03  0.837602E+02
  0.448944E+01  0.871336E+02  0.615954E+02  0.000000E+00  0.000000E+00  0.124539E-03  0.823019E+02
  0.453456E+01  0.856161E+02  0.605227E+02  0.000000E+00  0.000000E+00  0.754362E-04  0.808686E+02
  0.458013E+01  0.841246E+02  0.594684E+02  0.000000E+00  0.000000E+00  0.965667E-04  0.794598E+02
  0.462616E+01  0.826588E+02  0.584322E+02  0.000000E+00  0.000000E+00  0.112734E-03  0.780752E+02
  0.467266E+01  0.812179E+02  0.574137E+02  0.000000E+00  0.000000E+00  0.709987E-04  0.767143E+02
  0.471962E+01  0.798017E+02  0.564126E+02  0.000000E+00  0.000000E+00  0.986279E-04  0.753766E+02
  0.476705E+01  0.784099E+02  0.554287E+02  0.000000E+00  0.000000E+00  0.606444E-04  0.740620E+02
  0.481496E+01  0.770419E+02  0.544616E+02  0.000000E+00  0.000000E+00  0.978908E-04  0.727698E+02
  0.486335E+01  0.756975E+02  0.535113E+02  0.000000E+00  0.000000E+00  0.835735E-04  0.715000E+02
  0.491223E+01  0.743760E+02  0.525771E+02  0.000000E+00  0.000000E+00  0.592011E-04  0.702518E+02
  0.496160E+01  0.730772E+02  0.516590E+02  0.000000E+00  0.000000E+00  0.601033E-04  0.690250E+02
  0.501147E+01  0.718008E+02  0.507567E+02  0.000000E+00  0.000000E+00  0.611674E-04  0.678194E+02
  0.506183E+01  0.705464E+02  0.498700E+02  0.000000E+00  0.000000E+00  0.806842E-04  0.666345E+02
  0.511270E+01  0.693134E+02  0.489984E+02  0.000000E+00  0.000000E+00  0.596579E-04  0.654699E+02
  0.516409E+01  0.681016E+02  0.481418E+02  0.000000E+00  0.000000E+00  0.522492E-04  0.643253E+02
  0.521599E+01  0.669107E+02  0.472999E+02  0.000000E+00  0.000000E+00  0.628903E-04  0.632004E+02
  0.526840E+01  0.657403E+02  0.464726E+02  0.000000E+00  0.000000E+00  0.623175E-04  0.620950E+02
  0.532135E+01  0.645900E+02  0.456594E+02  0.000000E+00  0.000000E+00  0.712938E-04  0.610084E+02
  0.537484E+01  0.634594E+02  0.448602E+02  0.000000E+00  0.000000E+00  0.362133E-04  0.599406E+02
  0.542885E+01  0.623484E+02  0.440748E+02  0.000000E+00  0.000000E+00  0.587324E-04  0.588912E+02
  0.548341E+01  0.612567E+02  0.433030E+02  0.000000E+00  0.000000E+00  0.383032E-04  0.578599E+02
  0.553852E+01  0.601836E+02  0.425444E+02  0.000000E+00  0.000000E+00  0.683030E-04  0.568463E+02
  0.559419E+01  0.591290E+02  0.417990E+02  0.000000E+00  0.000000E+00  0.461833E-04  0.558503E+02
  0.565041E+01  0.580927E+02  0.410664E+02  0.000000E+00  0.000000E+00  0.240952E-04  0.548714E+02
  0.570719E+01  0.570743E+02  0.403464E+02  0.000000E+00  0.000000E+00  0.422943E-04  0.539095E+02
  0.576455E+01  0.560734E+02  0.396389E+02  0.000000E+00  0.000000E+00  0.309500E-04  0.529641E+02
  0.582249E+01  0.550898E+02  0.389436E+02  0.000000E+00  0.000000E+00  0.359642E-04  0.520350E+02
  0.588101E+01  0.541232E+02  0.382602E+02  0.000000E+00  0.000000E+00  0.486998E-04  0.511220E+02
  0.594011E+01  0.531733E+02  0.375888E+02  0.000000E+00  0.000000E+00  0.331104E-04  0.502248E+02
  0.599981E+01  0.522398E+02  0.369288E+02  0.000000E+00  0.000000E+00  0.304570E-04  0.493430E+02
  0.606011E+01  0.513224E+02  0.362803E+02  0.000000E+00  0.000000E+00  0.253045E-04  0.484765E+02
  0.612102E+01  0.504209E+02  0.356430E+02  0.000000E+00  0.000000E+00  0.135644E-04  0.476250E+02
  0.618253E+01  0.495349E+02  0.350167E+02  0.000000E+00  0.000000E+00  0.307015E-04  0.467881E+02
  0.624467E+01  0.486644E+02  0.344013E+02  0.000000E+00  0.000000E+00  0.323086E-04  0.459659E+02
  0.630743E+01  0.478089E+02  0.337965E+02  0.000000E+00  0.000000E+00  0.261811E-04  0.451578E+02
  0.637082E+01  0.469682E+02  0.332022E+02  0.000000E+00  0.000000E+00  0.326207E-04  0.443638E+02
  0.643485E+01  0.461421E+02  0.326182E+02  0.000000E+00  0.000000E+00  0.366735E-04  0.435835E+02
  0.649952E+01  0.453304E+02  0.320444E+02  0.000000E+00  0.000000E+00  0.269893E-04  0.428168E+02
  0.656484E+01  0.445327E+02  0.314805E+02  0.000000E+00  0.000000E+00  0.270969E-04  0.420632E+02
  0.663082E+01  0.437488E+02  0.309263E+02  0.000000E+00  0.000000E+00  0.287027E-04  0.413228E+02
  0.669746E+01  0.429785E+02  0.303818E+02  0.000000E+00  0.000000E+00  0.222257E-04  0.405952E+02
  0.676476E+01  0.422216E+02  0.298467E+02  0.000000E+00  0.000000E+00  0.233965E-04  0.398803E+02
  0.683275E+01  0.414778E+02  0.293209E+02  0.000000E+00  0.000000E+00  0.260209E-04  0.391778E+02
  0.690143E+01  0.407469E+02  0.288042E+02  0.000000E+00  0.000000E+00  0.132886E-04  0.384874E+02
  0.697079E+01  0.400287E+02  0.282964E+02  0.000000E+00  0.000000E+00  0.259507E-04  0.378090E+02
  0.704084E+01  0.393230E+02  0.277976E+02  0.000000E+00  0.000000E+00  0.258330E-04  0.371425E+02
  0.711160E+01  0.386296E+02  0.273074E+02  0.000000E+00  0.000000E+00  0.110505E-04  0.364875E+02
  0.718308E+01  0.379482E+02  0.268256E+02  0.000000E+00  0.000000E+00  0.193582E-04  0.358439E+02
  0.725527E+01  0.372787E+02  0.263523E+02  0.000000E+00  0.000000E+00  0.226133E-04  0.352115E+02
  0.732818E+01  0.366209E+02  0.258873E+02  0.000000E+00  0.000000E+00  0.153097E-04  0.345901E+02
  0.740183E+01  0.359744E+02  0.254303E+02  0.000000E+00  0.000000E+00  0.143888E-04  0.339795E+02
  0.747622E+01  0.353392E+02  0.249813E+02  0.000000E+00  0.000000E+00  0.177806E-04  0.333796E+02
  0.755136E+01  0.347151E+02  0.245400E+02  0.000000E+00  0.000000E+00  0.104526E-04  0.327901E+02
  0.762725E+01  0.341019E+02  0.241065E+02  0.000000E+00  0.000000E+00  0.147429E-04  0.322109E+02
  0.770391E+01  0.334993E+02  0.236805E+02  0.000000E+00  0.000000E+00  0.459931E-05  0.316417E+02
  0.778133E+01  0.329072E+02  0.232620E+02  0.000000E+00  0.000000E+00  0.158778E-04  0.310824E+02
  0.785954E+01  0.323255E+02  0.228507E+02  0.000000E+00  0.000000E+00  0.156162E-04  0.305329E+02
  0.793853E+01  0.317539E+02  0.224466E+02  0.000000E+00  0.000000E+00  0.136063E-04  0.299930E+02
  0.801831E+01  0.311923E+02  0.220496E+02  0.000000E+00  0.000000E+00  0.161127E-04  0.294626E+02
  0.809890E+01  0.306405E+02  0.216595E+02  0.000000E+00  0.000000E+00  0.126918E-04  0.289413E+02
  0.818029E+01  0.300983E+02  0.212761E+02  0.000000E+00  0.000000E+00  0.622394E-05  0.284292E+02
  0.826251E+01  0.295656E+02  0.208995E+02  0.000000E+00  0.000000E+00  0.544448E-05  0.279260E+02
  0.834554E+01  0.290422E+02  0.205295E+02  0.000000E+00  0.000000E+00  0.138231E-04  0.274317E+02
  0.842942E+01  0.285279E+02  0.201660E+02  0.000000E+00  0.000000E+00  0.909412E-05  0.269459E+02
  0.851414E+01  0.280226E+02  0.198087E+02  0.000000E+00  0.000000E+00  0.597951E-05  0.264686E+02
  0.859971E+01  0.275262E+02  0.194578E+02  0.000000E+00  0.000000E+00  0.550427E-05  0.259997E+02
  0.868613E+01  0.270384E+02  0.191129E+02  0.000000E+00  0.000000E+00  0.621943E-05  0.255390E+02
  0.877343E+01  0.265592E+02  0.187741E+02  0.000000E+00  0.000000E+00  0.750709E-05  0.250863E+02
  0.886161E+01  0.260883E+02  0.184412E+02  0.000000E+00  0.000000E+00  0.586409E-05  0.246415E+02
  0.895067E+01  0.256256E+02  0.181141E+02  0.000000E+00  0.000000E+00  0.751007E-05  0.242045E+02
  0.904062E+01  0.251712E+02  0.177928E+02  0.000000E+00  0.000000E+00  0.525480E-05  0.237752E+02
  0.913148E+01  0.247246E+02  0.174771E+02  0.000000E+00  0.000000E+00  0.750026E-05  0.233534E+02
  0.922325E+01  0.242859E+02  0.171670E+02  0.000000E+00  0.000000E+00  0.539919E-05  0.229390E+02
  0.931595E+01  0.238548E+02  0.168622E+02  0.000000E+00  0.000000E+00  0.574710E-05  0.225319E+02
  0.940957E+01  0.234313E+02  0.165628E+02  0.000000E+00  0.000000E+00  0.622763E-05  0.221319E+02
  0.950414E+01  0.230153E+02  0.162687E+02  0.000000E+00  0.000000E+00  0.497818E-05  0.217389E+02
  0.959966E+01  0.226065E+02  0.159797E+02  0.000000E+00  0.000000E+00  0.597489E-05  0.213527E+02
  0.969614E+01  0.222049E+02  0.156957E+02  0.000000E+00  0.000000E+00  0.767715E-05  0.209734E+02
  0.979358E+01  0.218103E+02  0.154168E+02  0.000000E+00  0.000000E+00  0.530403E-05  0.206007E+02
  0.989201E+01  0.214227E+02  0.151428E+02  0.000000E+00  0.000000E+00  0.349788E-05  0.202346E+02
  0.999143E+01  0.210418E+02  0.148735E+02  0.000000E+00  0.000000E+00  0.378826E-05  0.198748E+02
  0.100918E+02  0.206677E+02  0.146090E+02  0.000000E+00  0.000000E+00  0.231177E-05  0.195214E+02
  0.101933E+02  0.203001E+02  0.143491E+02  0.000000E+00  0.000000E+00  0.347162E-05  0.191742E+02
  0.102957E+02  0.199390E+02  0.140938E+02  0.000000E+00  0.000000E+00  0.479072E-05  0.188332E+02
  0.103992E+02  0.195842E+02  0.138430E+02  0.000000E+00  0.000000E+00  0.665107E-05  0.184981E+02
  0.105037E+02  0.192357E+02  0.135966E+02  0.000000E+00  0.000000E+00  0.817459E-06  0.181688E+02
  0.106093E+02  0.188933E+02  0.133545E+02  0.000000E+00  0.000000E+00  0.581665E-05  0.178454E+02
  0.107159E+02  0.185569E+02  0.131167E+02  0.000000E+00  0.000000E+00  0.340222E-05  0.175277E+02
  0.108236E+02  0.182265E+02  0.128831E+02  0.000000E+00  0.000000E+00  0.624430E-05  0.172155E+02
  0.109324E+02  0.179018E+02  0.126535E+02  0.000000E+00  0.000000E+00  0.444565E-05  0.169089E+02
  0.110422E+02  0.175829E+02  0.124281E+02  0.000000E+00  0.000000E+00  0.371441E-05  0.166076E+02
  0.111532E+02  0.172696E+02  0.122066E+02  0.000000E+00  0.000000E+00  0.211377E-05  0.163117E+02
  0.112653E+02  0.169617E+02  0.119889E+02  0.000000E+00  0.000000E+00  0.245810E-05  0.160210E+02
  0.113785E+02  0.166594E+02  0.117752E+02  0.000000E+00  0.000000E+00  0.317270E-05  0.157353E+02
  0.114929E+02  0.163623E+02  0.115651E+02  0.000000E+00  0.000000E+00  0.958420E-06  0.154547E+02
  0.116084E+02  0.160705E+02  0.113588E+02  0.000000E+00  0.000000E+00  0.888729E-06  0.151791E+02
  0.117251E+02  0.157838E+02  0.111562E+02  0.000000E+00  0.000000E+00  0.350810E-05  0.149083E+02
  0.118429E+02  0.155022E+02  0.109570E+02  0.000000E+00  0.000000E+00  0.236308E-05  0.146423E+02
  0.119619E+02  0.152255E+02  0.107614E+02  0.000000E+00  0.000000E+00  0.262953E-05  0.143810E+02
  0.120821E+02  0.149538E+02  0.105693E+02  0.000000E+00  0.000000E+00  0.282597E-05  0.141243E+02
  0.122036E+02  0.146868E+02  0.103806E+02  0.000000E+00  0.000000E+00  0.342638E-05  0.138721E+02
  0.123262E+02  0.144245E+02  0.101951E+02  0.000000E+00  0.000000E+00  0.368330E-05  0.136244E+02
  0.124501E+02  0.141669E+02  0.100130E+02  0.000000E+00  0.000000E+00  0.292874E-05  0.133811E+02
  0.125752E+02  0.139139E+02  0.983407E+01  0.000000E+00  0.000000E+00  0.277157E-05  0.131420E+02
  0.127016E+02  0.136652E+02  0.965830E+01  0.000000E+00  0.000000E+00  0.121196E-05  0.129072E+02
  0.128293E+02  0.134210E+02  0.948563E+01  0.000000E+00  0.000000E+00  0.281267E-05  0.126765E+02
  0.129582E+02  0.131811E+02  0.931601E+01  0.000000E+00  0.000000E+00  0.246389E-05  0.124499E+02
  0.130884E+02  0.129454E+02  0.914939E+01  0.000000E+00  0.000000E+00  0.250946E-05  0.122273E+02
  0.132200E+02  0.127139E+02  0.898573E+01  0.000000E+00  0.000000E+00  0.258517E-05  0.120086E+02
  0.133528E+02  0.124865E+02  0.882495E+01  0.000000E+00  0.000000E+00  0.230905E-05  0.117938E+02
  0.134870E+02  0.122632E+02  0.866701E+01  0.000000E+00  0.000000E+00  0.170502E-05  0.115828E+02
  0.136226E+02  0.120437E+02  0.851187E+01  0.000000E+00  0.000000E+00  0.210298E-05  0.113756E+02
  0.137595E+02  0.118282E+02  0.835950E+01  0.000000E+00  0.000000E+00  0.127101E-05  0.111720E+02
  0.138978E+02  0.116165E+02  0.820980E+01  0.000000E+00  0.000000E+00  0.161578E-05  0.109720E+02
  0.140374E+02  0.114085E+02  0.806275E+01  0.000000E+00  0.000000E+00  0.157032E-05  0.107755E+02
  0.141785E+02  0.112042E+02  0.791830E+01  0.000000E+00  0.000000E+00  0.206182E-05  0.105826E+02
  0.143210E+02  0.110035E+02  0.777643E+01  0.000000E+00  0.000000E+00  0.347285E-06  0.103930E+02
  0.144649E+02  0.108064E+02  0.763706E+01  0.000000E+00  0.000000E+00  0.147913E-05  0.102068E+02
  0.146103E+02  0.106128E+02  0.750016E+01  0.000000E+00  0.000000E+00  0.100079E-06  0.100239E+02
  0.147572E+02  0.104226E+02  0.736569E+01  0.000000E+00  0.000000E+00  0.774306E-06  0.984429E+01
  0.149055E+02  0.102358E+02  0.723361E+01  0.000000E+00  0.000000E+00  0.114499E-05  0.966784E+01
  0.150553E+02  0.100523E+02  0.710386E+01  0.000000E+00  0.000000E+00  0.140378E-05  0.949450E+01
  0.152066E+02  0.987202E+01  0.697642E+01  0.000000E+00  0.000000E+00  0.202697E-05  0.932423E+01
  0.153594E+02  0.969496E+01  0.685123E+01  0.000000E+00  0.000000E+00  0.121937E-05  0.915699E+01
  0.155138E+02  0.952106E+01  0.672828E+01  0.000000E+00  0.000000E+00 -0.136745E-06  0.899273E+01
  0.156697E+02  0.935023E+01  0.660750E+01  0.000000E+00  0.000000E+00  0.112186E-05  0.883137E+01
  0.158272E+02  0.918244E+01  0.648886E+01  0.000000E+00  0.000000E+00  0.852134E-06  0.867288E+01
  0.159862E+02  0.901763E+01  0.637233E+01  0.000000E+00  0.000000E+00  0.722006E-06  0.851720E+01
  0.161469E+02  0.885576E+01  0.625789E+01  0.000000E+00  0.000000E+00  0.109823E-05  0.836431E+01
  0.163092E+02  0.869675E+01  0.614546E+01  0.000000E+00  0.000000E+00  0.105666E-05  0.821411E+01
  0.164731E+02  0.854057E+01  0.603503E+01  0.000000E+00  0.000000E+00  0.779060E-06  0.806659E+01
  0.166386E+02  0.838716E+01  0.592657E+01  0.000000E+00  0.000000E+00  0.953411E-06  0.792168E+01
  0.168059E+02  0.823648E+01  0.582003E+01  0.000000E+00  0.000000E+00  0.137890E-05  0.777936E+01
  0.169748E+02  0.808850E+01  0.571540E+01  0.000000E+00  0.000000E+00  0.199054E-06  0.763957E+01
  0.171454E+02  0.794313E+01  0.561262E+01  0.000000E+00  0.000000E+00  0.137752E-05  0.750226E+01
  0.173177E+02  0.780035E+01  0.551166E+01  0.000000E+00  0.000000E+00  0.796666E-06  0.736740E+01
  0.174917E+02  0.766011E+01  0.541251E+01  0.000000E+00  0.000000E+00  0.672969E-06  0.723493E+01
  0.176675E+02  0.752238E+01  0.531513E+01  0.000000E+00  0.000000E+00  0.637204E-06  0.710484E+01
  0.178451E+02  0.738709E+01  0.521947E+01  0.000000E+00  0.000000E+00  0.722261E-06  0.697705E+01
  0.180244E+02  0.725421E+01  0.512551E+01  0.000000E+00  0.000000E+00  0.518151E-06  0.685153E+01
  0.182056E+02  0.712369E+01  0.503323E+01  0.000000E+00  0.000000E+00  0.652117E-08  0.672825E+01
  0.183885E+02  0.699552E+01  0.494260E+01  0.000000E+00  0.000000E+00  0.817212E-06  0.660718E+01
  0.185734E+02  0.686961E+01  0.485358E+01  0.000000E+00  0.000000E+00  0.750909E-06  0.648825E+01
  0.187600E+02  0.674595E+01  0.476615E+01  0.000000E+00  0.000000E+00  0.527151E-06  0.637144E+01
  0.189486E+02  0.662450E+01  0.468027E+01  0.000000E+00  0.000000E+00  0.396531E-06  0.625672E+01
  0.191390E+02  0.650522E+01  0.459593E+01  0.000000E+00  0.000000E+00  0.361704E-06  0.614405E+01
  0.193313E+02  0.638806E+01  0.451309E+01  0.000000E+00  0.000000E+00  0.336527E-06  0.603338E+01
  0.195256E+02  0.627298E+01  0.443172E+01  0.000000E+00  0.000000E+00  0.500659E-06  0.592469E+01
  0.197219E+02  0.615996E+01  0.435181E+01  0.000000E+00  0.000000E+00  0.316964E-06  0.581793E+01
  0.199201E+02  0.604897E+01  0.427333E+01  0.000000E+00  0.000000E+00  0.194284E-06  0.571309E+01
  0.201203E+02  0.593995E+01  0.419624E+01  0.000000E+00  0.000000E+00  0.306076E-06  0.561011E+01
  0.203225E+02  0.583287E+01  0.412053E+01  0.000000E+00  0.000000E+00  0.170860E-06  0.550897E+01
  0.205267E+02  0.572771E+01  0.404618E+01  0.000000E+00  0.000000E+00  0.507447E-07  0.540964E+01
  0.207330E+02  0.562443E+01  0.397315E+01  0.000000E+00  0.000000E+00  0.356388E-06  0.531208E+01
  0.209414E+02  0.552299E+01  0.390143E+01  0.000000E+00  0.000000E+00  0.252846E-06  0.521626E+01
  0.211519E+02  0.542336E+01  0.383098E+01  0.000000E+00  0.000000E+00  0.526776E-06  0.512216E+01
  0.213644E+02  0.532552E+01  0.376179E+01  0.000000E+00  0.000000E+00  0.125935E-06  0.502973E+01
  0.215791E+02  0.522943E+01  0.369385E+01  0.000000E+00  0.000000E+00  0.359492E-06  0.493897E+01
  0.217960E+02  0.513505E+01  0.362712E+01  0.000000E+00  0.000000E+00  0.430221E-06  0.484982E+01
  0.220151E+02  0.504236E+01  0.356158E+01  0.000000E+00  0.000000E+00  0.402523E-06  0.476227E+01
  0.222363E+02  0.495132E+01  0.349721E+01  0.000000E+00  0.000000E+00  0.378413E-06  0.467628E+01
  0.224598E+02  0.486192E+01  0.343399E+01  0.000000E+00  0.000000E+00 -0.400773E-07  0.459183E+01
  0.226855E+02  0.477412E+01  0.337191E+01  0.000000E+00  0.000000E+00  0.550399E-06  0.450889E+01
  0.229135E+02  0.468788E+01  0.331093E+01  0.000000E+00  0.000000E+00  0.273224E-06  0.442744E+01
  0.231438E+02  0.460319E+01  0.325104E+01  0.000000E+00  0.000000E+00  0.714067E-07  0.434744E+01
  0.233764E+02  0.452002E+01  0.319223E+01  0.000000E+00  0.000000E+00  0.243307E-06  0.426888E+01
  0.236113E+02  0.443834E+01  0.313448E+01  0.000000E+00  0.000000E+00  0.163119E-06  0.419173E+01
  0.238487E+02  0.435812E+01  0.307775E+01  0.000000E+00  0.000000E+00  0.205967E-06  0.411595E+01
  0.240883E+02  0.427933E+01  0.302204E+01  0.000000E+00  0.000000E+00  0.220629E-06  0.404153E+01
  0.243304E+02  0.420196E+01  0.296733E+01  0.000000E+00  0.000000E+00  0.139472E-06  0.396844E+01
  0.245749E+02  0.412598E+01  0.291360E+01  0.000000E+00  0.000000E+00 -0.116384E-06  0.389667E+01
  0.248219E+02  0.405136E+01  0.286084E+01  0.000000E+00  0.000000E+00  0.114454E-06  0.382619E+01
  0.250714E+02  0.397807E+01  0.280902E+01  0.000000E+00  0.000000E+00  0.175862E-06  0.375696E+01
  0.253234E+02  0.390610E+01  0.275812E+01  0.000000E+00  0.000000E+00  0.103352E-06  0.368898E+01
  0.255779E+02  0.383542E+01  0.270815E+01  0.000000E+00  0.000000E+00  0.239080E-06  0.362222E+01
  0.258349E+02  0.376601E+01  0.265906E+01  0.000000E+00  0.000000E+00  0.110405E-06  0.355665E+01
  0.260946E+02  0.369784E+01  0.261086E+01  0.000000E+00  0.000000E+00 -0.117623E-07  0.349226E+01
  0.263568E+02  0.363089E+01  0.256352E+01  0.000000E+00  0.000000E+00  0.118211E-06  0.342902E+01
  0.266217E+02  0.356515E+01  0.251703E+01  0.000000E+00  0.000000E+00  0.148839E-06  0.336693E+01
  0.268893E+02  0.350059E+01  0.247138E+01  0.000000E+00  0.000000E+00 -0.140828E-07  0.330594E+01
  0.271595E+02  0.343719E+01  0.242654E+01  0.000000E+00  0.000000E+00  0.108150E-06  0.324605E+01
  0.274325E+02  0.337492E+01  0.238251E+01  0.000000E+00  0.000000E+00  0.155637E-06  0.318723E+01
  0.277082E+02  0.331378E+01  0.233928E+01  0.000000E+00  0.000000E+00  0.148849E-06  0.312948E+01
  0.279866E+02  0.325373E+01  0.229681E+01  0.000000E+00  0.000000E+00  0.193865E-06  0.307276E+01
  0.282679E+02  0.319476E+01  0.225511E+01  0.000000E+00  0.000000E+00  0.121496E-06  0.301706E+01
  0.285520E+02  0.313685E+01  0.221416E+01  0.000000E+00  0.000000E+00  0.714834E-08  0.296235E+01
  0.288390E+02  0.307998E+01  0.217395E+01  0.000000E+00  0.000000E+00  0.117501E-06  0.290864E+01
  0.291288E+02  0.302414E+01  0.213446E+01  0.000000E+00  0.000000E+00  0.132515E-06  0.285589E+01
  0.294216E+02  0.296929E+01  0.209568E+01  0.000000E+00  0.000000E+00  0.240200E-07  0.280409E+01
  0.297173E+02  0.291544E+01  0.205759E+01  0.000000E+00  0.000000E+00  0.139697E-08  0.275321E+01
  0.300159E+02  0.286255E+01  0.202019E+01  0.000000E+00  0.000000E+00  0.771904E-07  0.270326E+01
  0.303176E+02  0.281062E+01  0.198347E+01  0.000000E+00  0.000000E+00  0.248954E-07  0.265420E+01
  0.306223E+02  0.275962E+01  0.194740E+01  0.000000E+00  0.000000E+00  0.184777E-08  0.260603E+01
  0.309300E+02  0.270953E+01  0.191198E+01  0.000000E+00  0.000000E+00  0.104052E-06  0.255872E+01
  0.312409E+02  0.266035E+01  0.187720E+01  0.000000E+00  0.000000E+00  0.147208E-06  0.251226E+01
  0.315549E+02  0.261206E+01  0.184305E+01  0.000000E+00  0.000000E+00  0.779360E-07  0.246664E+01
  0.318720E+02  0.256463E+01  0.180951E+01  0.000000E+00  0.000000E+00  0.185170E-07  0.242185E+01
  0.321923E+02  0.251806E+01  0.177658E+01  0.000000E+00  0.000000E+00  0.361480E-07  0.237785E+01
  0.325159E+02  0.247233E+01  0.174424E+01  0.000000E+00  0.000000E+00  0.113435E-06  0.233465E+01
  0.328426E+02  0.242742E+01  0.171248E+01  0.000000E+00  0.000000E+00  0.945953E-07  0.229223E+01
  0.331727E+02  0.238332E+01  0.168129E+01  0.000000E+00  0.000000E+00  0.564956E-07  0.225058E+01
  0.335061E+02  0.234001E+01  0.165067E+01  0.000000E+00  0.000000E+00  0.681740E-07  0.220967E+01
  0.338429E+02  0.229749E+01  0.162059E+01  0.000000E+00  0.000000E+00  0.109484E-06  0.216950E+01
  0.341830E+02  0.225573E+01  0.159107E+01  0.000000E+00  0.000000E+00  0.811020E-07  0.213006E+01
  0.345265E+02  0.221473E+01  0.156207E+01  0.000000E+00  0.000000E+00  0.741180E-08  0.209133E+01
  0.348735E+02  0.217446E+01  0.153359E+01  0.000000E+00  0.000000E+00 -0.111507E-07  0.205329E+01
  0.352240E+02  0.213492E+01  0.150563E+01  0.000000E+00  0.000000E+00  0.251361E-08  0.201594E+01
  0.355780E+02  0.209610E+01  0.147817E+01  0.000000E+00  0.000000E+00  0.604355E-07  0.197927E+01
  0.359356E+02  0.205797E+01  0.145121E+01  0.000000E+00  0.000000E+00  0.917690E-07  0.194326E+01
  0.362967E+02  0.202053E+01  0.142473E+01  0.000000E+00  0.000000E+00  0.107747E-06  0.190789E+01
  0.366615E+02  0.198377E+01  0.139873E+01  0.000000E+00  0.000000E+00  0.134220E-07  0.187317E+01
  0.370300E+02  0.194767E+01  0.137320E+01  0.000000E+00  0.000000E+00  0.190146E-08  0.183907E+01
  0.374021E+02  0.191223E+01  0.134814E+01  0.000000E+00  0.000000E+00  0.402397E-07  0.180559E+01
  0.377780E+02  0.187743E+01  0.132352E+01  0.000000E+00  0.000000E+00  0.549717E-07  0.177271E+01
  0.381577E+02  0.184325E+01  0.129935E+01  0.000000E+00  0.000000E+00 -0.187741E-07  0.174043E+01
  0.385412E+02  0.180969E+01  0.127561E+01  0.000000E+00  0.000000E+00  0.375982E-07  0.170873E+01
  0.389285E+02  0.177674E+01  0.125231E+01  0.000000E+00  0.000000E+00  0.361630E-07  0.167760E+01
  0.393198E+02  0.174438E+01  0.122943E+01  0.000000E+00  0.000000E+00 -0.113993E-09  0.164703E+01
  0.397150E+02  0.171260E+01  0.120695E+01  0.000000E+00  0.000000E+00  0.488158E-07  0.161702E+01
  0.401141E+02  0.168141E+01  0.118489E+01  0.000000E+00  0.000000E+00  0.882191E-07  0.158755E+01
  0.405172E+02  0.165077E+01  0.116322E+01  0.000000E+00  0.000000E+00  0.320903E-07  0.155861E+01
  0.409244E+02  0.162069E+01  0.114195E+01  0.000000E+00  0.000000E+00  0.173320E-07  0.153020E+01
  0.413358E+02  0.159116E+01  0.112106E+01  0.000000E+00  0.000000E+00  0.242552E-07  0.150230E+01
  0.417512E+02  0.156215E+01  0.110054E+01  0.000000E+00  0.000000E+00  0.861885E-08  0.147490E+01
  0.421708E+02  0.153368E+01  0.108040E+01  0.000000E+00  0.000000E+00  0.601537E-08  0.144800E+01
  0.425946E+02  0.150571E+01  0.106063E+01  0.000000E+00  0.000000E+00  0.487387E-07  0.142159E+01
  0.430227E+02  0.147826E+01  0.104121E+01  0.000000E+00  0.000000E+00  0.338951E-08  0.139565E+01
  0.434551E+02  0.145130E+01  0.102214E+01  0.000000E+00  0.000000E+00  0.553975E-07  0.137019E+01
  0.438918E+02  0.142483E+01  0.100342E+01  0.000000E+00  0.000000E+00  0.366171E-07  0.134519E+01
  0.443329E+02  0.139884E+01  0.985033E+00  0.000000E+00  0.000000E+00 -0.675267E-08  0.132063E+01
  0.447785E+02  0.137331E+01  0.966982E+00  0.000000E+00  0.000000E+00  0.237651E-07  0.129652E+01
  0.452285E+02  0.134826E+01  0.949257E+00  0.000000E+00  0.000000E+00 -0.299466E-08  0.127285E+01
  0.456831E+02  0.132365E+01  0.931855E+00  0.000000E+00  0.000000E+00  0.611915E-07  0.124961E+01
  0.461422E+02  0.129949E+01  0.914766E+00  0.000000E+00  0.000000E+00 -0.796090E-08  0.122679E+01
  0.466059E+02  0.127577E+01  0.897987E+00  0.000000E+00  0.000000E+00 -0.137870E-07  0.120438E+01
  0.470743E+02  0.125248E+01  0.881512E+00  0.000000E+00  0.000000E+00  0.181287E-07  0.118238E+01
  0.475475E+02  0.122961E+01  0.865335E+00  0.000000E+00  0.000000E+00  0.269798E-07  0.116078E+01
  0.480253E+02  0.120716E+01  0.849454E+00  0.000000E+00  0.000000E+00  0.294819E-07  0.113957E+01
  0.485080E+02  0.118511E+01  0.833858E+00  0.000000E+00  0.000000E+00 -0.476491E-08  0.111874E+01
  0.489955E+02  0.116346E+01  0.818545E+00  0.000000E+00  0.000000E+00  0.721431E-08  0.109829E+01
  0.494879E+02  0.114220E+01  0.803510E+00  0.000000E+00  0.000000E+00  0.257867E-07  0.107821E+01
  0.499852E+02  0.112134E+01  0.788749E+00  0.000000E+00  0.000000E+00  0.135925E-07  0.105850E+01
  0.504876E+02  0.110084E+01  0.774254E+00  0.000000E+00  0.000000E+00  0.565876E-08  0.103914E+01
  0.509950E+02  0.108072E+01  0.760022E+00  0.000000E+00  0.000000E+00 -0.942956E-08  0.102014E+01
  0.515075E+02  0.106097E+01  0.746048E+00  0.000000E+00  0.000000E+00 -0.397992E-08  0.100148E+01
  0.520252E+02  0.104158E+01  0.732329E+00  0.000000E+00  0.000000E+00  0.900343E-08  0.983157E+00
  0.525480E+02  0.102253E+01  0.718857E+00  0.000000E+00  0.000000E+00  0.567637E-08  0.965167E+00
  0.530762E+02  0.100383E+01  0.705630E+00  0.000000E+00  0.000000E+00 -0.131770E-08  0.947505E+00
  0.536096E+02  0.985475E+00  0.692644E+00  0.000000E+00  0.000000E+00  0.834214E-08  0.930163E+00
  0.541483E+02  0.967452E+00  0.679894E+00  0.000000E+00  0.000000E+00 -0.116445E-07  0.913137E+00
  0.546926E+02  0.949754E+00  0.667374E+00  0.000000E+00  0.000000E+00  0.757709E-08  0.896419E+00
  0.552422E+02  0.932378E+00  0.655082E+00  0.000000E+00  0.000000E+00  0.470405E-08  0.880005E+00
  0.557974E+02  0.915317E+00  0.643013E+00  0.000000E+00  0.000000E+00  0.609175E-08  0.863889E+00
  0.563582E+02  0.898568E+00  0.631164E+00  0.000000E+00  0.000000E+00 -0.514911E-09  0.848067E+00
  0.569246E+02  0.882122E+00  0.619529E+00  0.000000E+00  0.000000E+00  0.195725E-07  0.832532E+00
  0.574967E+02  0.865975E+00  0.608106E+00  0.000000E+00  0.000000E+00  0.207359E-08  0.817279E+00
  0.580746E+02  0.850122E+00  0.596890E+00  0.000000E+00  0.000000E+00 -0.403907E-09  0.802303E+00
  0.586582E+02  0.834558E+00  0.585880E+00  0.000000E+00  0.000000E+00 -0.211933E-08  0.787601E+00
  0.592477E+02  0.819275E+00  0.575068E+00  0.000000E+00  0.000000E+00  0.481508E-08  0.773164E+00
  0.598432E+02  0.804271E+00  0.564453E+00  0.000000E+00  0.000000E+00  0.535951E-08  0.758990E+00
  0.604446E+02  0.789540E+00  0.554030E+00  0.000000E+00  0.000000E+00  0.573331E-08  0.745075E+00
  0.610521E+02  0.775076E+00  0.543798E+00  0.000000E+00  0.000000E+00  0.192248E-07  0.731412E+00
  0.616657E+02  0.760877E+00  0.533752E+00  0.000000E+00  0.000000E+00  0.230198E-07  0.717999E+00
  0.622854E+02  0.746936E+00  0.523888E+00  0.000000E+00  0.000000E+00  0.957597E-09  0.704829E+00
  0.629114E+02  0.733248E+00  0.514203E+00  0.000000E+00  0.000000E+00  0.685921E-08  0.691898E+00
  0.635437E+02  0.719809E+00  0.504695E+00  0.000000E+00  0.000000E+00  0.496478E-08  0.679203E+00
  0.641823E+02  0.706616E+00  0.495361E+00  0.000000E+00  0.000000E+00  0.848859E-08  0.666740E+00
  0.648274E+02  0.693662E+00  0.486195E+00  0.000000E+00  0.000000E+00  0.437049E-08  0.654503E+00
  0.654789E+02  0.680943E+00  0.477197E+00  0.000000E+00  0.000000E+00 -0.632122E-08  0.642489E+00
  0.661370E+02  0.668457E+00  0.468362E+00  0.000000E+00  0.000000E+00  0.366028E-08  0.630694E+00
  0.668016E+02  0.656199E+00  0.459688E+00  0.000000E+00  0.000000E+00  0.106404E-07  0.619114E+00
  0.674730E+02  0.644163E+00  0.451172E+00  0.000000E+00  0.000000E+00  0.695784E-09  0.607744E+00
  0.681511E+02  0.632347E+00  0.442811E+00  0.000000E+00  0.000000E+00  0.468969E-08  0.596582E+00
  0.688361E+02  0.620746E+00  0.434602E+00  0.000000E+00  0.000000E+00 -0.703345E-08  0.585623E+00
  0.695279E+02  0.609357E+00  0.426544E+00  0.000000E+00  0.000000E+00  0.291750E-08  0.574864E+00
  0.702266E+02  0.598175E+00  0.418631E+00  0.000000E+00  0.000000E+00  0.624480E-08  0.564301E+00
  0.709324E+02  0.587197E+00  0.410863E+00  0.000000E+00  0.000000E+00  0.617836E-08  0.553930E+00
  0.716453E+02  0.576419E+00  0.403236E+00  0.000000E+00  0.000000E+00  0.314145E-08  0.543749E+00
  0.723653E+02  0.565839E+00  0.395749E+00  0.000000E+00  0.000000E+00 -0.547301E-08  0.533754E+00
  0.730926E+02  0.555450E+00  0.388398E+00  0.000000E+00  0.000000E+00  0.128593E-08  0.523940E+00
  0.738272E+02  0.545251E+00  0.381180E+00  0.000000E+00  0.000000E+00 -0.445383E-08  0.514305E+00
  0.745692E+02  0.535238E+00  0.374094E+00  0.000000E+00  0.000000E+00  0.506309E-08  0.504846E+00
  0.753186E+02  0.525409E+00  0.367138E+00  0.000000E+00  0.000000E+00  0.538907E-08  0.495561E+00
  0.760756E+02  0.515758E+00  0.360309E+00  0.000000E+00  0.000000E+00  0.562193E-08  0.486444E+00
  0.768402E+02  0.506283E+00  0.353603E+00  0.000000E+00  0.000000E+00  0.609122E-08  0.477493E+00
  0.776125E+02  0.496981E+00  0.347020E+00  0.000000E+00  0.000000E+00  0.373560E-08  0.468706E+00
  0.783925E+02  0.487849E+00  0.340558E+00  0.000000E+00  0.000000E+00  0.956271E-08  0.460079E+00
  0.791803E+02  0.478885E+00  0.334213E+00  0.000000E+00  0.000000E+00  0.232411E-08  0.451610E+00
  0.799761E+02  0.470083E+00  0.327984E+00  0.000000E+00  0.000000E+00  0.599100E-08  0.443296E+00
  0.807799E+02  0.461442E+00  0.321868E+00  0.000000E+00  0.000000E+00  0.422142E-08  0.435133E+00
  0.815918E+02  0.452959E+00  0.315864E+00  0.000000E+00  0.000000E+00 -0.386808E-08  0.427119E+00
  0.824117E+02  0.444632E+00  0.309970E+00  0.000000E+00  0.000000E+00  0.159077E-08  0.419252E+00
  0.832400E+02  0.436456E+00  0.304184E+00  0.000000E+00  0.000000E+00  0.185652E-08  0.411528E+00
  0.840766E+02  0.428429E+00  0.298502E+00  0.000000E+00  0.000000E+00  0.487284E-08  0.403946E+00
  0.849216E+02  0.420550E+00  0.292925E+00  0.000000E+00  0.000000E+00  0.107688E-08  0.396501E+00
  0.857750E+02  0.412814E+00  0.287450E+00  0.000000E+00  0.000000E+00 -0.450293E-10  0.389194E+00
  0.866371E+02  0.405220E+00  0.282074E+00  0.000000E+00  0.000000E+00  0.216633E-08  0.382019E+00
  0.875078E+02  0.397764E+00  0.276797E+00  0.000000E+00  0.000000E+00 -0.209762E-08  0.374976E+00
  0.883873E+02  0.390445E+00  0.271616E+00  0.000000E+00  0.000000E+00 -0.275910E-08  0.368061E+00
  0.892756E+02  0.383259E+00  0.266529E+00  0.000000E+00  0.000000E+00 -0.113591E-08  0.361273E+00
  0.901729E+02  0.376205E+00  0.261536E+00  0.000000E+00  0.000000E+00  0.254529E-10  0.354609E+00
  0.910790E+02  0.369281E+00  0.256635E+00  0.000000E+00  0.000000E+00  0.713258E-09  0.348068E+00
  0.919943E+02  0.362483E+00  0.251822E+00  0.000000E+00  0.000000E+00 -0.760845E-09  0.341645E+00
  0.929189E+02  0.355809E+00  0.247097E+00  0.000000E+00  0.000000E+00 -0.435579E-08  0.335340E+00
  0.938528E+02  0.349257E+00  0.242459E+00  0.000000E+00  0.000000E+00  0.963749E-09  0.329151E+00
  0.947961E+02  0.342825E+00  0.237906E+00  0.000000E+00  0.000000E+00  0.205957E-08  0.323074E+00
  0.957488E+02  0.336510E+00  0.233435E+00  0.000000E+00  0.000000E+00  0.387057E-08  0.317109E+00
  0.967111E+02  0.330312E+00  0.229047E+00  0.000000E+00  0.000000E+00  0.880801E-09  0.311253E+00
  0.976831E+02  0.324226E+00  0.224738E+00  0.000000E+00  0.000000E+00  0.678943E-09  0.305504E+00
  0.986647E+02  0.318254E+00  0.220510E+00  0.000000E+00  0.000000E+00  0.151782E-08  0.299861E+00
  0.996563E+02  0.312389E+00  0.216358E+00  0.000000E+00  0.000000E+00  0.111977E-08  0.294321E+00
  0.100658E+03  0.306632E+00  0.212281E+00  0.000000E+00  0.000000E+00  0.123429E-08  0.288882E+00
