  0.994668E-05  0.125873E+08  0.125873E+08  0.167782E+08  0.167780E+08  0.125907E+08  0.125874E+08
  0.109829E-04  0.125873E+08  0.125873E+08  0.167771E+08  0.167768E+08  0.125907E+08  0.125874E+08
  0.121270E-04  0.125873E+08  0.125873E+08  0.167757E+08  0.167755E+08  0.125907E+08  0.125874E+08
  0.133904E-04  0.125873E+08  0.125873E+08  0.167741E+08  0.167738E+08  0.125907E+08  0.125873E+08
  0.147854E-04  0.125873E+08  0.125873E+08  0.167721E+08  0.167717E+08  0.125906E+08  0.125873E+08
  0.163257E-04  0.125873E+08  0.125873E+08  0.167697E+08  0.167692E+08  0.125906E+08  0.125873E+08
  0.180264E-04  0.125873E+08  0.125873E+08  0.167668E+08  0.167662E+08  0.125906E+08  0.125873E+08
  0.199043E-04  0.125873E+08  0.125873E+08  0.167632E+08  0.167625E+08  0.125906E+08  0.125873E+08
  0.219779E-04  0.125873E+08  0.125873E+08  0.167588E+08  0.167579E+08  0.125905E+08  0.125873E+08
  0.242675E-04  0.125873E+08  0.125873E+08  0.167535E+08  0.167524E+08  0.125905E+08  0.125873E+08
  0.267956E-04  0.125872E+08  0.125872E+08  0.167470E+08  0.167457E+08  0.125904E+08  0.125873E+08
  0.295871E-04  0.125872E+08  0.125872E+08  0.167391E+08  0.167375E+08  0.125903E+08  0.125872E+08
  0.326693E-04  0.125872E+08  0.125872E+08  0.167295E+08  0.167275E+08  0.125902E+08  0.125872E+08
  0.360727E-04  0.125872E+08  0.125872E+08  0.167178E+08  0.167153E+08  0.125901E+08  0.125872E+08
  0.398307E-04  0.125871E+08  0.125871E+08  0.167034E+08  0.167005E+08  0.125899E+08  0.125871E+08
  0.439801E-04  0.125871E+08  0.125870E+08  0.166860E+08  0.166824E+08  0.125898E+08  0.125871E+08
  0.485618E-04  0.125870E+08  0.125870E+08  0.166648E+08  0.166604E+08  0.125896E+08  0.125870E+08
  0.536208E-04  0.125869E+08  0.125869E+08  0.166390E+08  0.166336E+08  0.125893E+08  0.125869E+08
  0.592068E-04  0.125868E+08  0.125868E+08  0.166075E+08  0.166010E+08  0.125890E+08  0.125868E+08
  0.653748E-04  0.125867E+08  0.125867E+08  0.165693E+08  0.165613E+08  0.125886E+08  0.125867E+08
  0.721853E-04  0.125865E+08  0.125865E+08  0.165227E+08  0.165130E+08  0.125881E+08  0.125865E+08
  0.797053E-04  0.125864E+08  0.125863E+08  0.164662E+08  0.164544E+08  0.125875E+08  0.125864E+08
  0.880087E-04  0.125861E+08  0.125861E+08  0.163974E+08  0.163831E+08  0.125868E+08  0.125861E+08
  0.971772E-04  0.125859E+08  0.125858E+08  0.163140E+08  0.162966E+08  0.125860E+08  0.125859E+08
  0.107301E-03  0.125856E+08  0.125855E+08  0.162129E+08  0.161918E+08  0.125849E+08  0.125855E+08
  0.118479E-03  0.125852E+08  0.125851E+08  0.160903E+08  0.160648E+08  0.125836E+08  0.125851E+08
  0.130822E-03  0.125847E+08  0.125846E+08  0.159422E+08  0.159112E+08  0.125821E+08  0.125847E+08
  0.144450E-03  0.125841E+08  0.125840E+08  0.157633E+08  0.157259E+08  0.125801E+08  0.125841E+08
  0.159499E-03  0.125834E+08  0.125833E+08  0.155477E+08  0.155027E+08  0.125778E+08  0.125833E+08
  0.176115E-03  0.125825E+08  0.125824E+08  0.152888E+08  0.152345E+08  0.125750E+08  0.125825E+08
  0.194462E-03  0.125815E+08  0.125813E+08  0.149787E+08  0.149135E+08  0.125716E+08  0.125814E+08
  0.214720E-03  0.125802E+08  0.125800E+08  0.146087E+08  0.145308E+08  0.125674E+08  0.125801E+08
  0.237089E-03  0.125786E+08  0.125784E+08  0.141695E+08  0.140768E+08  0.125623E+08  0.125785E+08
  0.261788E-03  0.125767E+08  0.125764E+08  0.136512E+08  0.135414E+08  0.125561E+08  0.125766E+08
  0.289060E-03  0.125745E+08  0.125741E+08  0.130441E+08  0.129149E+08  0.125486E+08  0.125743E+08
  0.319173E-03  0.125717E+08  0.125712E+08  0.123393E+08  0.121884E+08  0.125395E+08  0.125714E+08
  0.352424E-03  0.125683E+08  0.125678E+08  0.115301E+08  0.113557E+08  0.125284E+08  0.125680E+08
  0.389138E-03  0.125643E+08  0.125636E+08  0.106139E+08  0.104146E+08  0.125149E+08  0.125639E+08
  0.429677E-03  0.125594E+08  0.125586E+08  0.959397E+07  0.936962E+07  0.124987E+08  0.125590E+08
  0.474439E-03  0.125535E+08  0.125526E+08  0.848272E+07  0.823474E+07  0.124790E+08  0.125530E+08
  0.523865E-03  0.125465E+08  0.125453E+08  0.730396E+07  0.703601E+07  0.124552E+08  0.125458E+08
  0.578439E-03  0.125380E+08  0.125367E+08  0.609522E+07  0.581380E+07  0.124266E+08  0.125373E+08
  0.638699E-03  0.125280E+08  0.125264E+08  0.490812E+07  0.462287E+07  0.123922E+08  0.125271E+08
  0.705236E-03  0.125160E+08  0.125142E+08  0.380529E+07  0.352892E+07  0.123509E+08  0.125149E+08
  0.778705E-03  0.125018E+08  0.124998E+08  0.285233E+07  0.259956E+07  0.123016E+08  0.125006E+08
  0.859828E-03  0.124852E+08  0.124829E+08  0.210365E+07  0.188914E+07  0.122428E+08  0.124837E+08
  0.949402E-03  0.124656E+08  0.124631E+08  0.158400E+07  0.141916E+07  0.121731E+08  0.124638E+08
  0.104831E-02  0.124428E+08  0.124401E+08  0.127199E+07  0.116139E+07  0.120909E+08  0.124407E+08
  0.115752E-02  0.124163E+08  0.124133E+08  0.109702E+07  0.103592E+07  0.119944E+08  0.124138E+08
  0.127810E-02  0.123856E+08  0.123824E+08  0.962236E+06  0.937235E+06  0.118819E+08  0.123827E+08
  0.141125E-02  0.123501E+08  0.123469E+08  0.794223E+06  0.788010E+06  0.117523E+08  0.123468E+08
  0.155827E-02  0.123094E+08  0.123061E+08  0.592494E+06  0.590761E+06  0.116041E+08  0.123055E+08
  0.172061E-02  0.122627E+08  0.122593E+08  0.426203E+06  0.421831E+06  0.114363E+08  0.122582E+08
  0.189985E-02  0.122093E+08  0.122060E+08  0.351630E+06  0.342786E+06  0.112483E+08  0.122042E+08
  0.209777E-02  0.121486E+08  0.121452E+08  0.327407E+06  0.000000E+00  0.110400E+08  0.121428E+08
  0.231631E-02  0.120797E+08  0.120763E+08  0.267716E+06  0.000000E+00  0.108120E+08  0.120731E+08
  0.255762E-02  0.120018E+08  0.119983E+08  0.187753E+06  0.000000E+00  0.105649E+08  0.119944E+08
  0.282406E-02  0.119142E+08  0.119105E+08  0.157479E+06  0.000000E+00  0.103001E+08  0.119059E+08
  0.311826E-02  0.118159E+08  0.118120E+08  0.133979E+06  0.000000E+00  0.100181E+08  0.118067E+08
  0.344311E-02  0.117062E+08  0.117020E+08  0.986279E+05  0.000000E+00  0.971914E+07  0.116961E+08
  0.380180E-02  0.115842E+08  0.115797E+08  0.926761E+05  0.000000E+00  0.940308E+07  0.115731E+08
  0.419786E-02  0.114491E+08  0.114443E+08  0.644983E+05  0.000000E+00  0.906953E+07  0.114371E+08
  0.463518E-02  0.113001E+08  0.112949E+08  0.547774E+05  0.000000E+00  0.871838E+07  0.112870E+08
  0.511806E-02  0.111363E+08  0.111306E+08  0.401268E+05  0.000000E+00  0.835059E+07  0.111222E+08
  0.565124E-02  0.109573E+08  0.109509E+08  0.328337E+05  0.000000E+00  0.794660E+07  0.109420E+08
  0.623997E-02  0.107615E+08  0.107544E+08  0.287652E+05  0.000000E+00  0.753449E+07  0.107451E+08
  0.689002E-02  0.105485E+08  0.105405E+08  0.232486E+05  0.000000E+00  0.710289E+07  0.105308E+08
  0.760780E-02  0.103171E+08  0.103081E+08  0.178804E+05  0.000000E+00  0.665799E+07  0.102983E+08
  0.840036E-02  0.100670E+08  0.100567E+08  0.135297E+05  0.000000E+00  0.620901E+07  0.100470E+08
  0.927548E-02  0.979728E+07  0.978546E+07  0.117596E+05  0.000000E+00  0.575683E+07  0.977618E+07
  0.102418E-01  0.950711E+07  0.949353E+07  0.860284E+04  0.000000E+00  0.529958E+07  0.948493E+07
  0.113087E-01  0.919576E+07  0.918013E+07  0.777799E+04  0.000000E+00  0.484189E+07  0.917254E+07
  0.124868E-01  0.886260E+07  0.884460E+07  0.509828E+04  0.000000E+00  0.439092E+07  0.883842E+07
  0.137877E-01  0.850709E+07  0.848638E+07  0.487044E+04  0.000000E+00  0.395060E+07  0.848206E+07
  0.152240E-01  0.812896E+07  0.810520E+07  0.328036E+04  0.000000E+00  0.352158E+07  0.810318E+07
  0.168100E-01  0.772832E+07  0.770118E+07  0.245425E+04  0.000000E+00  0.311030E+07  0.770193E+07
  0.185612E-01  0.730595E+07  0.727515E+07  0.216809E+04  0.000000E+00  0.271927E+07  0.727909E+07
  0.204948E-01  0.686352E+07  0.682890E+07  0.162990E+04  0.000000E+00  0.235175E+07  0.683638E+07
  0.226299E-01  0.640406E+07  0.636560E+07  0.114119E+04  0.000000E+00  0.201073E+07  0.637684E+07
  0.249874E-01  0.593235E+07  0.589029E+07  0.854874E+03  0.000000E+00  0.169904E+07  0.590528E+07
  0.275905E-01  0.545530E+07  0.541021E+07  0.662861E+03  0.000000E+00  0.141851E+07  0.542866E+07
  0.304648E-01  0.498223E+07  0.493507E+07  0.525483E+03  0.000000E+00  0.117081E+07  0.495631E+07
  0.336385E-01  0.452463E+07  0.447684E+07  0.408936E+03  0.000000E+00  0.956613E+06  0.449976E+07
  0.371429E-01  0.409534E+07  0.404875E+07  0.281346E+03  0.000000E+00  0.775521E+06  0.407185E+07
  0.410123E-01  0.370670E+07  0.366344E+07  0.218963E+03  0.000000E+00  0.625978E+06  0.368489E+07
  0.451135E-01  0.337846E+07  0.334038E+07  0.000000E+00  0.000000E+00  0.509020E+06  0.335852E+07
  0.492148E-01  0.312300E+07  0.309094E+07  0.000000E+00  0.000000E+00  0.422589E+06  0.310486E+07
  0.533160E-01  0.291761E+07  0.289159E+07  0.000000E+00  0.000000E+00  0.356665E+06  0.290114E+07
  0.574172E-01  0.274508E+07  0.272436E+07  0.000000E+00  0.000000E+00  0.304752E+06  0.273007E+07
  0.615185E-01  0.259265E+07  0.257599E+07  0.000000E+00  0.000000E+00  0.262613E+06  0.257884E+07
  0.656197E-01  0.244863E+07  0.243457E+07  0.000000E+00  0.000000E+00  0.227247E+06  0.243577E+07
  0.697209E-01  0.230574E+07  0.229284E+07  0.000000E+00  0.000000E+00  0.196803E+06  0.229361E+07
  0.738221E-01  0.216178E+07  0.214883E+07  0.000000E+00  0.000000E+00  0.170287E+06  0.215019E+07
  0.779234E-01  0.201872E+07  0.200492E+07  0.000000E+00  0.000000E+00  0.147223E+06  0.200756E+07
  0.820246E-01  0.188062E+07  0.186563E+07  0.000000E+00  0.000000E+00  0.127357E+06  0.186982E+07
  0.861258E-01  0.175151E+07  0.173542E+07  0.000000E+00  0.000000E+00  0.110443E+06  0.174106E+07
  0.912474E-01  0.160797E+07  0.159111E+07  0.000000E+00  0.000000E+00  0.930824E+05  0.159798E+07
  0.963690E-01  0.148847E+07  0.147186E+07  0.000000E+00  0.000000E+00  0.794003E+05  0.147902E+07
  0.101491E+00  0.139450E+07  0.137913E+07  0.000000E+00  0.000000E+00  0.687871E+05  0.138566E+07
  0.106612E+00  0.132260E+07  0.130918E+07  0.000000E+00  0.000000E+00  0.605195E+05  0.131438E+07
  0.111734E+00  0.126554E+07  0.125433E+07  0.000000E+00  0.000000E+00  0.538748E+05  0.125794E+07
  0.116855E+00  0.121549E+07  0.120629E+07  0.000000E+00  0.000000E+00  0.482651E+05  0.120843E+07
  0.121977E+00  0.116631E+07  0.115858E+07  0.000000E+00  0.000000E+00  0.433010E+05  0.115971E+07
  0.127098E+00  0.111441E+07  0.110745E+07  0.000000E+00  0.000000E+00  0.387676E+05  0.110815E+07
  0.132220E+00  0.105877E+07  0.105193E+07  0.000000E+00  0.000000E+00  0.345808E+05  0.105278E+07
  0.137342E+00  0.100060E+07  0.993394E+06  0.000000E+00  0.000000E+00  0.307412E+05  0.994805E+06
  0.142463E+00  0.942482E+06  0.934727E+06  0.000000E+00  0.000000E+00  0.272857E+05  0.936854E+06
  0.147585E+00  0.887690E+06  0.879468E+06  0.000000E+00  0.000000E+00  0.242594E+05  0.882229E+06
  0.152706E+00  0.839279E+06  0.830870E+06  0.000000E+00  0.000000E+00  0.216872E+05  0.834004E+06
  0.157828E+00  0.798948E+06  0.790721E+06  0.000000E+00  0.000000E+00  0.195520E+05  0.793884E+06
  0.162949E+00  0.766425E+06  0.758724E+06  0.000000E+00  0.000000E+00  0.177907E+05  0.761594E+06
  0.168071E+00  0.740015E+06  0.733067E+06  0.000000E+00  0.000000E+00  0.163168E+05  0.735428E+06
  0.173193E+00  0.717525E+06  0.711398E+06  0.000000E+00  0.000000E+00  0.150481E+05  0.713176E+06
  0.178314E+00  0.696732E+06  0.691337E+06  0.000000E+00  0.000000E+00  0.139153E+05  0.692598E+06
  0.183436E+00  0.675606E+06  0.670742E+06  0.000000E+00  0.000000E+00  0.128644E+05  0.671656E+06
  0.188557E+00  0.652837E+06  0.648257E+06  0.000000E+00  0.000000E+00  0.118640E+05  0.649038E+06
  0.193679E+00  0.628284E+06  0.623758E+06  0.000000E+00  0.000000E+00  0.109080E+05  0.624605E+06
  0.198800E+00  0.602758E+06  0.598131E+06  0.000000E+00  0.000000E+00  0.100072E+05  0.599179E+06
  0.203922E+00  0.577412E+06  0.572622E+06  0.000000E+00  0.000000E+00  0.917583E+04  0.573922E+06
  0.209044E+00  0.553376E+06  0.548457E+06  0.000000E+00  0.000000E+00  0.842504E+04  0.549975E+06
  0.214165E+00  0.531603E+06  0.526655E+06  0.000000E+00  0.000000E+00  0.776126E+04  0.528297E+06
  0.219287E+00  0.512664E+06  0.507818E+06  0.000000E+00  0.000000E+00  0.718380E+04  0.509461E+06
  0.224408E+00  0.496553E+06  0.491929E+06  0.000000E+00  0.000000E+00  0.668407E+04  0.493461E+06
  0.229530E+00  0.482742E+06  0.478421E+06  0.000000E+00  0.000000E+00  0.624736E+04  0.479765E+06
  0.234651E+00  0.470432E+06  0.466439E+06  0.000000E+00  0.000000E+00  0.585758E+04  0.467566E+06
  0.239773E+00  0.458778E+06  0.455084E+06  0.000000E+00  0.000000E+00  0.550019E+04  0.456015E+06
  0.244895E+00  0.447065E+06  0.443600E+06  0.000000E+00  0.000000E+00  0.516403E+04  0.444394E+06
  0.250016E+00  0.434864E+06  0.431542E+06  0.000000E+00  0.000000E+00  0.484276E+04  0.432274E+06
  0.255138E+00  0.422119E+06  0.418858E+06  0.000000E+00  0.000000E+00  0.453481E+04  0.419598E+06
  0.260259E+00  0.409072E+06  0.405814E+06  0.000000E+00  0.000000E+00  0.424196E+04  0.406612E+06
  0.265381E+00  0.396116E+06  0.392835E+06  0.000000E+00  0.000000E+00  0.396723E+04  0.393712E+06
  0.270502E+00  0.383670E+06  0.380374E+06  0.000000E+00  0.000000E+00  0.371342E+04  0.381321E+06
  0.275624E+00  0.372094E+06  0.368814E+06  0.000000E+00  0.000000E+00  0.348234E+04  0.369801E+06
  0.280746E+00  0.361600E+06  0.358379E+06  0.000000E+00  0.000000E+00  0.327411E+04  0.359366E+06
  0.285867E+00  0.352200E+06  0.349081E+06  0.000000E+00  0.000000E+00  0.308701E+04  0.350027E+06
  0.290989E+00  0.343730E+06  0.340742E+06  0.000000E+00  0.000000E+00  0.291796E+04  0.341617E+06
  0.296110E+00  0.335922E+06  0.333077E+06  0.000000E+00  0.000000E+00  0.276330E+04  0.333869E+06
  0.301232E+00  0.328483E+06  0.325773E+06  0.000000E+00  0.000000E+00  0.261964E+04  0.326488E+06
  0.306353E+00  0.321155E+06  0.318558E+06  0.000000E+00  0.000000E+00  0.248415E+04  0.319213E+06
  0.311475E+00  0.313769E+06  0.311254E+06  0.000000E+00  0.000000E+00  0.235502E+04  0.311874E+06
  0.316597E+00  0.306272E+06  0.303809E+06  0.000000E+00  0.000000E+00  0.223151E+04  0.304421E+06
  0.321718E+00  0.298724E+06  0.296292E+06  0.000000E+00  0.000000E+00  0.211369E+04  0.296914E+06
  0.326840E+00  0.291255E+06  0.288841E+06  0.000000E+00  0.000000E+00  0.200218E+04  0.289482E+06
  0.331961E+00  0.284012E+06  0.281616E+06  0.000000E+00  0.000000E+00  0.189757E+04  0.282276E+06
  0.337083E+00  0.277124E+06  0.274754E+06  0.000000E+00  0.000000E+00  0.180027E+04  0.275424E+06
  0.342204E+00  0.270668E+06  0.268338E+06  0.000000E+00  0.000000E+00  0.171030E+04  0.269005E+06
  0.347326E+00  0.264660E+06  0.262384E+06  0.000000E+00  0.000000E+00  0.162727E+04  0.263034E+06
  0.352448E+00  0.259057E+06  0.256845E+06  0.000000E+00  0.000000E+00  0.155046E+04  0.257468E+06
  0.357569E+00  0.253776E+06  0.251634E+06  0.000000E+00  0.000000E+00  0.147899E+04  0.252224E+06
  0.362691E+00  0.248718E+06  0.246644E+06  0.000000E+00  0.000000E+00  0.141195E+04  0.247201E+06
  0.367812E+00  0.243792E+06  0.241779E+06  0.000000E+00  0.000000E+00  0.134857E+04  0.242308E+06
  0.372934E+00  0.238926E+06  0.236964E+06  0.000000E+00  0.000000E+00  0.128823E+04  0.237473E+06
  0.378055E+00  0.234084E+06  0.232162E+06  0.000000E+00  0.000000E+00  0.123059E+04  0.232661E+06
  0.383177E+00  0.229273E+06  0.227383E+06  0.000000E+00  0.000000E+00  0.117554E+04  0.227878E+06
  0.388299E+00  0.224534E+06  0.222670E+06  0.000000E+00  0.000000E+00  0.112315E+04  0.223165E+06
  0.393420E+00  0.219916E+06  0.218076E+06  0.000000E+00  0.000000E+00  0.107352E+04  0.218573E+06
  0.398542E+00  0.215457E+06  0.213641E+06  0.000000E+00  0.000000E+00  0.102668E+04  0.214138E+06
  0.403663E+00  0.211183E+06  0.209396E+06  0.000000E+00  0.000000E+00  0.982608E+03  0.209889E+06
  0.408785E+00  0.207108E+06  0.205354E+06  0.000000E+00  0.000000E+00  0.941202E+03  0.205839E+06
  0.413906E+00  0.203229E+06  0.201513E+06  0.000000E+00  0.000000E+00  0.902313E+03  0.201985E+06
  0.419028E+00  0.199521E+06  0.197843E+06  0.000000E+00  0.000000E+00  0.865678E+03  0.198300E+06
  0.424150E+00  0.195944E+06  0.194305E+06  0.000000E+00  0.000000E+00  0.831017E+03  0.194747E+06
  0.429271E+00  0.192466E+06  0.190863E+06  0.000000E+00  0.000000E+00  0.798092E+03  0.191291E+06
  0.434393E+00  0.189063E+06  0.187493E+06  0.000000E+00  0.000000E+00  0.766703E+03  0.187909E+06
  0.439514E+00  0.185719E+06  0.184178E+06  0.000000E+00  0.000000E+00  0.736722E+03  0.184586E+06
  0.444636E+00  0.182425E+06  0.180911E+06  0.000000E+00  0.000000E+00  0.708039E+03  0.181312E+06
  0.449757E+00  0.179188E+06  0.177697E+06  0.000000E+00  0.000000E+00  0.680621E+03  0.178094E+06
  0.454879E+00  0.176021E+06  0.174551E+06  0.000000E+00  0.000000E+00  0.654459E+03  0.174945E+06
  0.460001E+00  0.172941E+06  0.171492E+06  0.000000E+00  0.000000E+00  0.629555E+03  0.171883E+06
  0.465122E+00  0.169958E+06  0.168532E+06  0.000000E+00  0.000000E+00  0.605886E+03  0.168918E+06
  0.470244E+00  0.167075E+06  0.165672E+06  0.000000E+00  0.000000E+00  0.583396E+03  0.166052E+06
  0.475365E+00  0.164289E+06  0.162910E+06  0.000000E+00  0.000000E+00  0.562023E+03  0.163284E+06
  0.480487E+00  0.161596E+06  0.160241E+06  0.000000E+00  0.000000E+00  0.541699E+03  0.160607E+06
  0.485608E+00  0.158986E+06  0.157656E+06  0.000000E+00  0.000000E+00  0.522345E+03  0.158014E+06
  0.490730E+00  0.156449E+06  0.155143E+06  0.000000E+00  0.000000E+00  0.503878E+03  0.155493E+06
  0.495852E+00  0.153970E+06  0.152686E+06  0.000000E+00  0.000000E+00  0.486212E+03  0.153029E+06
  0.500973E+00  0.151540E+06  0.150278E+06  0.000000E+00  0.000000E+00  0.469282E+03  0.150614E+06
  0.506095E+00  0.149157E+06  0.147914E+06  0.000000E+00  0.000000E+00  0.453052E+03  0.148246E+06
  0.511216E+00  0.146822E+06  0.145598E+06  0.000000E+00  0.000000E+00  0.437491E+03  0.145925E+06
  0.516338E+00  0.144538E+06  0.143331E+06  0.000000E+00  0.000000E+00  0.422584E+03  0.143654E+06
  0.521459E+00  0.142304E+06  0.141115E+06  0.000000E+00  0.000000E+00  0.408297E+03  0.141434E+06
  0.526581E+00  0.140125E+06  0.138953E+06  0.000000E+00  0.000000E+00  0.394619E+03  0.139268E+06
  0.531703E+00  0.138004E+06  0.136848E+06  0.000000E+00  0.000000E+00  0.381530E+03  0.137159E+06
  0.536824E+00  0.135941E+06  0.134803E+06  0.000000E+00  0.000000E+00  0.369005E+03  0.135109E+06
  0.541946E+00  0.133933E+06  0.132812E+06  0.000000E+00  0.000000E+00  0.357017E+03  0.133114E+06
  0.547067E+00  0.131976E+06  0.130872E+06  0.000000E+00  0.000000E+00  0.345527E+03  0.131169E+06
  0.549761E+00  0.130968E+06  0.129874E+06  0.000000E+00  0.000000E+00  0.339682E+03  0.130167E+06
  0.555286E+00  0.128935E+06  0.127859E+06  0.000000E+00  0.000000E+00  0.328070E+03  0.128147E+06
  0.560867E+00  0.126931E+06  0.125872E+06  0.000000E+00  0.000000E+00  0.316841E+03  0.126155E+06
  0.566504E+00  0.124951E+06  0.123909E+06  0.000000E+00  0.000000E+00  0.305975E+03  0.124187E+06
  0.572197E+00  0.122995E+06  0.121968E+06  0.000000E+00  0.000000E+00  0.295461E+03  0.122242E+06
  0.577947E+00  0.121064E+06  0.120053E+06  0.000000E+00  0.000000E+00  0.285295E+03  0.120323E+06
  0.583756E+00  0.119160E+06  0.118165E+06  0.000000E+00  0.000000E+00  0.275469E+03  0.118431E+06
  0.589623E+00  0.117285E+06  0.116305E+06  0.000000E+00  0.000000E+00  0.265975E+03  0.116568E+06
  0.595549E+00  0.115439E+06  0.114474E+06  0.000000E+00  0.000000E+00  0.256800E+03  0.114732E+06
  0.601534E+00  0.113623E+06  0.112673E+06  0.000000E+00  0.000000E+00  0.247943E+03  0.112927E+06
  0.607579E+00  0.111838E+06  0.110903E+06  0.000000E+00  0.000000E+00  0.239395E+03  0.111154E+06
  0.613686E+00  0.110082E+06  0.109162E+06  0.000000E+00  0.000000E+00  0.231138E+03  0.109408E+06
  0.619854E+00  0.108351E+06  0.107446E+06  0.000000E+00  0.000000E+00  0.223162E+03  0.107688E+06
  0.626083E+00  0.106645E+06  0.105755E+06  0.000000E+00  0.000000E+00  0.215455E+03  0.105992E+06
  0.632375E+00  0.104964E+06  0.104088E+06  0.000000E+00  0.000000E+00  0.208005E+03  0.104322E+06
  0.638731E+00  0.103307E+06  0.102444E+06  0.000000E+00  0.000000E+00  0.200804E+03  0.102674E+06
  0.645150E+00  0.101672E+06  0.100823E+06  0.000000E+00  0.000000E+00  0.193845E+03  0.101050E+06
  0.651634E+00  0.100061E+06  0.992257E+05  0.000000E+00  0.000000E+00  0.187124E+03  0.994490E+05
  0.658183E+00  0.984767E+05  0.976541E+05  0.000000E+00  0.000000E+00  0.180634E+03  0.978740E+05
  0.664798E+00  0.969160E+05  0.961065E+05  0.000000E+00  0.000000E+00  0.174363E+03  0.963229E+05
  0.671479E+00  0.953794E+05  0.945827E+05  0.000000E+00  0.000000E+00  0.168308E+03  0.947956E+05
  0.678228E+00  0.938677E+05  0.930837E+05  0.000000E+00  0.000000E+00  0.162464E+03  0.932931E+05
  0.685044E+00  0.923793E+05  0.916079E+05  0.000000E+00  0.000000E+00  0.156820E+03  0.918139E+05
  0.691929E+00  0.909118E+05  0.901527E+05  0.000000E+00  0.000000E+00  0.151364E+03  0.903553E+05
  0.698883E+00  0.894661E+05  0.887191E+05  0.000000E+00  0.000000E+00  0.146096E+03  0.889185E+05
  0.705907E+00  0.880430E+05  0.873078E+05  0.000000E+00  0.000000E+00  0.141009E+03  0.875041E+05
  0.713001E+00  0.866407E+05  0.859172E+05  0.000000E+00  0.000000E+00  0.136094E+03  0.861103E+05
  0.720167E+00  0.852591E+05  0.845472E+05  0.000000E+00  0.000000E+00  0.131348E+03  0.847372E+05
  0.727405E+00  0.838996E+05  0.831990E+05  0.000000E+00  0.000000E+00  0.126765E+03  0.833860E+05
  0.734716E+00  0.825612E+05  0.818718E+05  0.000000E+00  0.000000E+00  0.122340E+03  0.820558E+05
  0.742099E+00  0.812425E+05  0.805642E+05  0.000000E+00  0.000000E+00  0.118069E+03  0.807452E+05
  0.749557E+00  0.799443E+05  0.792768E+05  0.000000E+00  0.000000E+00  0.113941E+03  0.794549E+05
  0.757091E+00  0.786661E+05  0.780093E+05  0.000000E+00  0.000000E+00  0.109958E+03  0.781845E+05
  0.764700E+00  0.774065E+05  0.767602E+05  0.000000E+00  0.000000E+00  0.106109E+03  0.769326E+05
  0.772385E+00  0.761666E+05  0.755307E+05  0.000000E+00  0.000000E+00  0.102395E+03  0.757003E+05
  0.780147E+00  0.749459E+05  0.743202E+05  0.000000E+00  0.000000E+00  0.988082E+02  0.744871E+05
  0.787988E+00  0.737432E+05  0.731275E+05  0.000000E+00  0.000000E+00  0.953445E+02  0.732917E+05
  0.795908E+00  0.725594E+05  0.719536E+05  0.000000E+00  0.000000E+00  0.920014E+02  0.721152E+05
  0.803907E+00  0.713944E+05  0.707983E+05  0.000000E+00  0.000000E+00  0.887747E+02  0.709573E+05
  0.811986E+00  0.702465E+05  0.696601E+05  0.000000E+00  0.000000E+00  0.856577E+02  0.698164E+05
  0.820147E+00  0.691164E+05  0.685394E+05  0.000000E+00  0.000000E+00  0.826494E+02  0.686932E+05
  0.828389E+00  0.680043E+05  0.674365E+05  0.000000E+00  0.000000E+00  0.797448E+02  0.675879E+05
  0.836715E+00  0.669084E+05  0.663498E+05  0.000000E+00  0.000000E+00  0.769420E+02  0.664987E+05
  0.845124E+00  0.658298E+05  0.652802E+05  0.000000E+00  0.000000E+00  0.742344E+02  0.654267E+05
  0.853617E+00  0.647681E+05  0.642274E+05  0.000000E+00  0.000000E+00  0.716217E+02  0.643716E+05
  0.862197E+00  0.637224E+05  0.631904E+05  0.000000E+00  0.000000E+00  0.691009E+02  0.633322E+05
  0.870862E+00  0.626933E+05  0.621699E+05  0.000000E+00  0.000000E+00  0.666654E+02  0.623094E+05
  0.879614E+00  0.616802E+05  0.611653E+05  0.000000E+00  0.000000E+00  0.643162E+02  0.613025E+05
  0.888454E+00  0.606824E+05  0.601758E+05  0.000000E+00  0.000000E+00  0.620486E+02  0.603108E+05
  0.897383E+00  0.597007E+05  0.592023E+05  0.000000E+00  0.000000E+00  0.598593E+02  0.593351E+05
  0.906403E+00  0.587337E+05  0.582434E+05  0.000000E+00  0.000000E+00  0.577461E+02  0.583740E+05
  0.915511E+00  0.577819E+05  0.572996E+05  0.000000E+00  0.000000E+00  0.557073E+02  0.574281E+05
  0.924713E+00  0.568453E+05  0.563708E+05  0.000000E+00  0.000000E+00  0.537399E+02  0.564972E+05
  0.934006E+00  0.559226E+05  0.554558E+05  0.000000E+00  0.000000E+00  0.518392E+02  0.555801E+05
  0.943393E+00  0.550148E+05  0.545556E+05  0.000000E+00  0.000000E+00  0.500061E+02  0.546779E+05
  0.952874E+00  0.541212E+05  0.536694E+05  0.000000E+00  0.000000E+00  0.482377E+02  0.537897E+05
  0.962451E+00  0.532412E+05  0.527967E+05  0.000000E+00  0.000000E+00  0.465301E+02  0.529151E+05
  0.972124E+00  0.523753E+05  0.519381E+05  0.000000E+00  0.000000E+00  0.448825E+02  0.520545E+05
  0.981894E+00  0.515226E+05  0.510925E+05  0.000000E+00  0.000000E+00  0.432925E+02  0.512070E+05
  0.991762E+00  0.506836E+05  0.502605E+05  0.000000E+00  0.000000E+00  0.417580E+02  0.503732E+05
  0.100173E+01  0.498574E+05  0.494412E+05  0.000000E+00  0.000000E+00  0.402769E+02  0.495521E+05
  0.101180E+01  0.490442E+05  0.486348E+05  0.000000E+00  0.000000E+00  0.388482E+02  0.487439E+05
  0.102197E+01  0.482440E+05  0.478413E+05  0.000000E+00  0.000000E+00  0.374695E+02  0.479485E+05
  0.103224E+01  0.474559E+05  0.470598E+05  0.000000E+00  0.000000E+00  0.361387E+02  0.471652E+05
  0.104261E+01  0.466808E+05  0.462911E+05  0.000000E+00  0.000000E+00  0.348554E+02  0.463949E+05
  0.105309E+01  0.459174E+05  0.455341E+05  0.000000E+00  0.000000E+00  0.336168E+02  0.456361E+05
  0.106367E+01  0.451663E+05  0.447893E+05  0.000000E+00  0.000000E+00  0.324216E+02  0.448896E+05
  0.107436E+01  0.444269E+05  0.440560E+05  0.000000E+00  0.000000E+00  0.312686E+02  0.441548E+05
  0.108516E+01  0.436993E+05  0.433345E+05  0.000000E+00  0.000000E+00  0.301562E+02  0.434316E+05
  0.109607E+01  0.429831E+05  0.426243E+05  0.000000E+00  0.000000E+00  0.290827E+02  0.427198E+05
  0.110708E+01  0.422782E+05  0.419253E+05  0.000000E+00  0.000000E+00  0.280473E+02  0.420192E+05
  0.111821E+01  0.415846E+05  0.412374E+05  0.000000E+00  0.000000E+00  0.270483E+02  0.413299E+05
  0.112945E+01  0.409018E+05  0.405604E+05  0.000000E+00  0.000000E+00  0.260846E+02  0.406513E+05
  0.114080E+01  0.402302E+05  0.398943E+05  0.000000E+00  0.000000E+00  0.251547E+02  0.399837E+05
  0.115226E+01  0.395688E+05  0.392385E+05  0.000000E+00  0.000000E+00  0.242571E+02  0.393264E+05
  0.116384E+01  0.389183E+05  0.385934E+05  0.000000E+00  0.000000E+00  0.233919E+02  0.386799E+05
  0.117554E+01  0.382778E+05  0.379583E+05  0.000000E+00  0.000000E+00  0.225574E+02  0.380434E+05
  0.118735E+01  0.376478E+05  0.373335E+05  0.000000E+00  0.000000E+00  0.217520E+02  0.374172E+05
  0.119929E+01  0.370275E+05  0.367184E+05  0.000000E+00  0.000000E+00  0.209749E+02  0.368007E+05
  0.121134E+01  0.364173E+05  0.361133E+05  0.000000E+00  0.000000E+00  0.202254E+02  0.361942E+05
  0.122351E+01  0.358167E+05  0.355177E+05  0.000000E+00  0.000000E+00  0.195028E+02  0.355973E+05
  0.123581E+01  0.352258E+05  0.349317E+05  0.000000E+00  0.000000E+00  0.188053E+02  0.350100E+05
  0.124823E+01  0.346440E+05  0.343548E+05  0.000000E+00  0.000000E+00  0.181326E+02  0.344318E+05
  0.126078E+01  0.340718E+05  0.337874E+05  0.000000E+00  0.000000E+00  0.174839E+02  0.338631E+05
  0.127345E+01  0.335086E+05  0.332288E+05  0.000000E+00  0.000000E+00  0.168578E+02  0.333033E+05
  0.128625E+01  0.329544E+05  0.326793E+05  0.000000E+00  0.000000E+00  0.162544E+02  0.327526E+05
  0.129917E+01  0.324091E+05  0.321385E+05  0.000000E+00  0.000000E+00  0.156720E+02  0.322105E+05
  0.131223E+01  0.318724E+05  0.316064E+05  0.000000E+00  0.000000E+00  0.151105E+02  0.316772E+05
  0.132542E+01  0.313445E+05  0.310829E+05  0.000000E+00  0.000000E+00  0.145688E+02  0.311525E+05
  0.133874E+01  0.308249E+05  0.305676E+05  0.000000E+00  0.000000E+00  0.140464E+02  0.306361E+05
  0.135219E+01  0.303139E+05  0.300608E+05  0.000000E+00  0.000000E+00  0.135425E+02  0.301282E+05
  0.136578E+01  0.298108E+05  0.295619E+05  0.000000E+00  0.000000E+00  0.130567E+02  0.296282E+05
  0.137951E+01  0.293160E+05  0.290713E+05  0.000000E+00  0.000000E+00  0.125881E+02  0.291364E+05
  0.139337E+01  0.288291E+05  0.285884E+05  0.000000E+00  0.000000E+00  0.121360E+02  0.286525E+05
  0.140738E+01  0.283500E+05  0.281134E+05  0.000000E+00  0.000000E+00  0.117002E+02  0.281764E+05
  0.142152E+01  0.278787E+05  0.276460E+05  0.000000E+00  0.000000E+00  0.112798E+02  0.277079E+05
  0.143581E+01  0.274149E+05  0.271860E+05  0.000000E+00  0.000000E+00  0.150469E+02  0.272470E+05
  0.145024E+01  0.269587E+05  0.267337E+05  0.000000E+00  0.000000E+00  0.145084E+02  0.267936E+05
  0.146481E+01  0.265098E+05  0.262884E+05  0.000000E+00  0.000000E+00  0.139888E+02  0.263474E+05
  0.147954E+01  0.260681E+05  0.258504E+05  0.000000E+00  0.000000E+00  0.134876E+02  0.259084E+05
  0.149441E+01  0.256336E+05  0.254196E+05  0.000000E+00  0.000000E+00  0.130042E+02  0.254765E+05
  0.150942E+01  0.252060E+05  0.249956E+05  0.000000E+00  0.000000E+00  0.125379E+02  0.250516E+05
  0.152459E+01  0.247855E+05  0.245785E+05  0.000000E+00  0.000000E+00  0.120883E+02  0.246336E+05
  0.153992E+01  0.243717E+05  0.241682E+05  0.000000E+00  0.000000E+00  0.116546E+02  0.242224E+05
  0.155539E+01  0.239646E+05  0.237645E+05  0.000000E+00  0.000000E+00  0.112361E+02  0.238177E+05
  0.157102E+01  0.235642E+05  0.233674E+05  0.000000E+00  0.000000E+00  0.108327E+02  0.234198E+05
  0.158681E+01  0.231702E+05  0.229767E+05  0.000000E+00  0.000000E+00  0.104437E+02  0.230283E+05
  0.160276E+01  0.227826E+05  0.225924E+05  0.000000E+00  0.000000E+00  0.100684E+02  0.226430E+05
  0.161887E+01  0.224014E+05  0.222143E+05  0.000000E+00  0.000000E+00  0.970643E+01  0.222641E+05
  0.163514E+01  0.220263E+05  0.218424E+05  0.000000E+00  0.000000E+00  0.935749E+01  0.218914E+05
  0.165157E+01  0.216573E+05  0.214765E+05  0.000000E+00  0.000000E+00  0.902092E+01  0.215246E+05
  0.166817E+01  0.212944E+05  0.211166E+05  0.000000E+00  0.000000E+00  0.869638E+01  0.211639E+05
  0.168494E+01  0.209373E+05  0.207625E+05  0.000000E+00  0.000000E+00  0.838326E+01  0.208090E+05
  0.170187E+01  0.205860E+05  0.204141E+05  0.000000E+00  0.000000E+00  0.808140E+01  0.204599E+05
  0.171897E+01  0.202405E+05  0.200715E+05  0.000000E+00  0.000000E+00  0.779036E+01  0.201165E+05
  0.173625E+01  0.199007E+05  0.197345E+05  0.000000E+00  0.000000E+00  0.750969E+01  0.197787E+05
  0.175370E+01  0.195663E+05  0.194029E+05  0.000000E+00  0.000000E+00  0.723894E+01  0.194464E+05
  0.177133E+01  0.192374E+05  0.190767E+05  0.000000E+00  0.000000E+00  0.697794E+01  0.191195E+05
  0.178913E+01  0.189139E+05  0.187560E+05  0.000000E+00  0.000000E+00  0.672632E+01  0.187980E+05
  0.180711E+01  0.185958E+05  0.184404E+05  0.000000E+00  0.000000E+00  0.648365E+01  0.184818E+05
  0.182527E+01  0.182828E+05  0.181301E+05  0.000000E+00  0.000000E+00  0.624964E+01  0.181707E+05
  0.184361E+01  0.179749E+05  0.178247E+05  0.000000E+00  0.000000E+00  0.602402E+01  0.178647E+05
  0.186214E+01  0.176721E+05  0.175245E+05  0.000000E+00  0.000000E+00  0.580650E+01  0.175638E+05
  0.188086E+01  0.173743E+05  0.172292E+05  0.000000E+00  0.000000E+00  0.559678E+01  0.172678E+05
  0.189976E+01  0.170813E+05  0.169387E+05  0.000000E+00  0.000000E+00  0.539456E+01  0.169767E+05
  0.191885E+01  0.167932E+05  0.166529E+05  0.000000E+00  0.000000E+00  0.519961E+01  0.166903E+05
  0.193814E+01  0.165098E+05  0.163718E+05  0.000000E+00  0.000000E+00  0.501158E+01  0.164086E+05
  0.195762E+01  0.162310E+05  0.160954E+05  0.000000E+00  0.000000E+00  0.483037E+01  0.161316E+05
  0.197729E+01  0.159569E+05  0.158236E+05  0.000000E+00  0.000000E+00  0.465560E+01  0.158591E+05
  0.199716E+01  0.156872E+05  0.155561E+05  0.000000E+00  0.000000E+00  0.448709E+01  0.155911E+05
  0.201723E+01  0.154220E+05  0.152932E+05  0.000000E+00  0.000000E+00  0.432470E+01  0.153275E+05
  0.203751E+01  0.151611E+05  0.150345E+05  0.000000E+00  0.000000E+00  0.416812E+01  0.150682E+05
  0.205799E+01  0.149046E+05  0.147801E+05  0.000000E+00  0.000000E+00  0.401716E+01  0.148133E+05
  0.207867E+01  0.146523E+05  0.145298E+05  0.000000E+00  0.000000E+00  0.387165E+01  0.145625E+05
  0.209956E+01  0.144042E+05  0.142838E+05  0.000000E+00  0.000000E+00  0.373132E+01  0.143159E+05
  0.212066E+01  0.141601E+05  0.140418E+05  0.000000E+00  0.000000E+00  0.359606E+01  0.140733E+05
  0.214197E+01  0.139201E+05  0.138038E+05  0.000000E+00  0.000000E+00  0.346570E+01  0.138348E+05
  0.216350E+01  0.136840E+05  0.135697E+05  0.000000E+00  0.000000E+00  0.333998E+01  0.136002E+05
  0.218525E+01  0.134519E+05  0.133394E+05  0.000000E+00  0.000000E+00  0.321883E+01  0.133694E+05
  0.220721E+01  0.132236E+05  0.131130E+05  0.000000E+00  0.000000E+00  0.310202E+01  0.131425E+05
  0.222939E+01  0.129990E+05  0.128904E+05  0.000000E+00  0.000000E+00  0.298939E+01  0.129194E+05
  0.225180E+01  0.127782E+05  0.126714E+05  0.000000E+00  0.000000E+00  0.288085E+01  0.126999E+05
  0.227443E+01  0.125611E+05  0.124561E+05  0.000000E+00  0.000000E+00  0.277620E+01  0.124841E+05
  0.229728E+01  0.123475E+05  0.122443E+05  0.000000E+00  0.000000E+00  0.267539E+01  0.122719E+05
  0.232037E+01  0.121375E+05  0.120361E+05  0.000000E+00  0.000000E+00  0.257816E+01  0.120631E+05
  0.234369E+01  0.119310E+05  0.118313E+05  0.000000E+00  0.000000E+00  0.248446E+01  0.118579E+05
  0.236725E+01  0.117279E+05  0.116299E+05  0.000000E+00  0.000000E+00  0.239415E+01  0.116561E+05
  0.239104E+01  0.115283E+05  0.114319E+05  0.000000E+00  0.000000E+00  0.230709E+01  0.114576E+05
  0.241507E+01  0.113319E+05  0.112371E+05  0.000000E+00  0.000000E+00  0.222315E+01  0.112624E+05
  0.243934E+01  0.111388E+05  0.110456E+05  0.000000E+00  0.000000E+00  0.214228E+01  0.110705E+05
  0.246386E+01  0.109489E+05  0.108573E+05  0.000000E+00  0.000000E+00  0.206431E+01  0.108817E+05
  0.248862E+01  0.107621E+05  0.106721E+05  0.000000E+00  0.000000E+00  0.198917E+01  0.106962E+05
  0.251363E+01  0.105785E+05  0.104900E+05  0.000000E+00  0.000000E+00  0.191676E+01  0.105137E+05
  0.253889E+01  0.103980E+05  0.103110E+05  0.000000E+00  0.000000E+00  0.184697E+01  0.103342E+05
  0.256441E+01  0.102204E+05  0.101349E+05  0.000000E+00  0.000000E+00  0.177968E+01  0.101578E+05
  0.259018E+01  0.100458E+05  0.996181E+04  0.000000E+00  0.000000E+00  0.171484E+01  0.998426E+04
  0.261621E+01  0.987417E+04  0.979157E+04  0.000000E+00  0.000000E+00  0.165234E+01  0.981364E+04
  0.264251E+01  0.970536E+04  0.962416E+04  0.000000E+00  0.000000E+00  0.159210E+01  0.964586E+04
  0.266906E+01  0.953937E+04  0.945955E+04  0.000000E+00  0.000000E+00  0.153408E+01  0.948089E+04
  0.269589E+01  0.937617E+04  0.929771E+04  0.000000E+00  0.000000E+00  0.147813E+01  0.931869E+04
  0.272298E+01  0.921569E+04  0.913856E+04  0.000000E+00  0.000000E+00  0.142420E+01  0.915918E+04
  0.275035E+01  0.905789E+04  0.898209E+04  0.000000E+00  0.000000E+00  0.137223E+01  0.900236E+04
  0.277799E+01  0.890275E+04  0.882824E+04  0.000000E+00  0.000000E+00  0.132217E+01  0.884816E+04
  0.280591E+01  0.875021E+04  0.867696E+04  0.000000E+00  0.000000E+00  0.127389E+01  0.869656E+04
  0.283411E+01  0.860023E+04  0.852824E+04  0.000000E+00  0.000000E+00  0.122738E+01  0.854750E+04
  0.286259E+01  0.845275E+04  0.838199E+04  0.000000E+00  0.000000E+00  0.118255E+01  0.840092E+04
  0.289136E+01  0.830775E+04  0.823819E+04  0.000000E+00  0.000000E+00  0.113936E+01  0.825681E+04
  0.292042E+01  0.816519E+04  0.809682E+04  0.000000E+00  0.000000E+00  0.109774E+01  0.811512E+04
  0.294977E+01  0.802504E+04  0.795784E+04  0.000000E+00  0.000000E+00  0.105764E+01  0.797583E+04
  0.297942E+01  0.788723E+04  0.782117E+04  0.000000E+00  0.000000E+00  0.101899E+01  0.783886E+04
  0.300936E+01  0.775173E+04  0.768680E+04  0.000000E+00  0.000000E+00  0.981722E+00  0.770419E+04
  0.303961E+01  0.761851E+04  0.755470E+04  0.000000E+00  0.000000E+00  0.945819E+00  0.757179E+04
  0.307015E+01  0.748756E+04  0.742484E+04  0.000000E+00  0.000000E+00  0.911249E+00  0.744164E+04
  0.310101E+01  0.735878E+04  0.729713E+04  0.000000E+00  0.000000E+00  0.877902E+00  0.731365E+04
  0.313218E+01  0.723218E+04  0.717158E+04  0.000000E+00  0.000000E+00  0.845783E+00  0.718783E+04
  0.316366E+01  0.710772E+04  0.704816E+04  0.000000E+00  0.000000E+00  0.814831E+00  0.706413E+04
  0.319545E+01  0.698536E+04  0.692682E+04  0.000000E+00  0.000000E+00  0.784998E+00  0.694252E+04
  0.322756E+01  0.686505E+04  0.680751E+04  0.000000E+00  0.000000E+00  0.756271E+00  0.682294E+04
  0.326000E+01  0.674678E+04  0.669023E+04  0.000000E+00  0.000000E+00  0.728573E+00  0.670540E+04
  0.329277E+01  0.663049E+04  0.657491E+04  0.000000E+00  0.000000E+00  0.701894E+00  0.658982E+04
  0.332586E+01  0.651619E+04  0.646156E+04  0.000000E+00  0.000000E+00  0.676172E+00  0.647622E+04
  0.335928E+01  0.640381E+04  0.635011E+04  0.000000E+00  0.000000E+00  0.651403E+00  0.636453E+04
  0.339305E+01  0.629332E+04  0.624054E+04  0.000000E+00  0.000000E+00  0.627530E+00  0.625471E+04
  0.342715E+01  0.618471E+04  0.613284E+04  0.000000E+00  0.000000E+00  0.604543E+00  0.614677E+04
  0.346159E+01  0.607794E+04  0.602696E+04  0.000000E+00  0.000000E+00  0.582365E+00  0.604065E+04
  0.349638E+01  0.597298E+04  0.592287E+04  0.000000E+00  0.000000E+00  0.561017E+00  0.593634E+04
  0.353152E+01  0.586979E+04  0.582054E+04  0.000000E+00  0.000000E+00  0.540440E+00  0.583377E+04
  0.356701E+01  0.576835E+04  0.571995E+04  0.000000E+00  0.000000E+00  0.520607E+00  0.573296E+04
  0.360286E+01  0.566863E+04  0.562106E+04  0.000000E+00  0.000000E+00  0.501514E+00  0.563386E+04
  0.363907E+01  0.557061E+04  0.552385E+04  0.000000E+00  0.000000E+00  0.483119E+00  0.553643E+04
  0.367564E+01  0.547424E+04  0.542828E+04  0.000000E+00  0.000000E+00  0.465387E+00  0.544065E+04
  0.371258E+01  0.537951E+04  0.533434E+04  0.000000E+00  0.000000E+00  0.448295E+00  0.534650E+04
  0.374990E+01  0.528638E+04  0.524199E+04  0.000000E+00  0.000000E+00  0.431836E+00  0.525394E+04
  0.378758E+01  0.519485E+04  0.515122E+04  0.000000E+00  0.000000E+00  0.415986E+00  0.516297E+04
  0.382565E+01  0.510486E+04  0.506198E+04  0.000000E+00  0.000000E+00  0.400708E+00  0.507353E+04
  0.386410E+01  0.501640E+04  0.497426E+04  0.000000E+00  0.000000E+00  0.385988E+00  0.498562E+04
  0.390293E+01  0.492945E+04  0.488803E+04  0.000000E+00  0.000000E+00  0.371806E+00  0.489920E+04
  0.394216E+01  0.484398E+04  0.480327E+04  0.000000E+00  0.000000E+00  0.358137E+00  0.481425E+04
  0.398178E+01  0.475996E+04  0.471996E+04  0.000000E+00  0.000000E+00  0.344979E+00  0.473075E+04
  0.402179E+01  0.467737E+04  0.463806E+04  0.000000E+00  0.000000E+00  0.332293E+00  0.464867E+04
  0.406221E+01  0.459619E+04  0.455755E+04  0.000000E+00  0.000000E+00  0.320075E+00  0.456798E+04
  0.410304E+01  0.451640E+04  0.447842E+04  0.000000E+00  0.000000E+00  0.308309E+00  0.448868E+04
  0.414427E+01  0.443797E+04  0.440064E+04  0.000000E+00  0.000000E+00  0.296973E+00  0.441073E+04
  0.418593E+01  0.436087E+04  0.432419E+04  0.000000E+00  0.000000E+00  0.286041E+00  0.433410E+04
  0.422800E+01  0.428509E+04  0.424903E+04  0.000000E+00  0.000000E+00  0.275518E+00  0.425878E+04
  0.427049E+01  0.421061E+04  0.417517E+04  0.000000E+00  0.000000E+00  0.265378E+00  0.418476E+04
  0.431341E+01  0.413739E+04  0.410257E+04  0.000000E+00  0.000000E+00  0.255614E+00  0.411199E+04
  0.435676E+01  0.406543E+04  0.403120E+04  0.000000E+00  0.000000E+00  0.246205E+00  0.404047E+04
  0.440054E+01  0.399469E+04  0.396105E+04  0.000000E+00  0.000000E+00  0.237138E+00  0.397016E+04
  0.444477E+01  0.392517E+04  0.389211E+04  0.000000E+00  0.000000E+00  0.228407E+00  0.390106E+04
  0.448944E+01  0.385683E+04  0.382434E+04  0.000000E+00  0.000000E+00  0.219996E+00  0.383314E+04
  0.453456E+01  0.378966E+04  0.375773E+04  0.000000E+00  0.000000E+00  0.211894E+00  0.376638E+04
  0.458013E+01  0.372364E+04  0.369226E+04  0.000000E+00  0.000000E+00  0.204086E+00  0.370077E+04
  0.462616E+01  0.365875E+04  0.362791E+04  0.000000E+00  0.000000E+00  0.196566E+00  0.363628E+04
  0.467266E+01  0.359497E+04  0.356467E+04  0.000000E+00  0.000000E+00  0.189326E+00  0.357289E+04
  0.471962E+01  0.353229E+04  0.350250E+04  0.000000E+00  0.000000E+00  0.182347E+00  0.351059E+04
  0.476705E+01  0.347068E+04  0.344140E+04  0.000000E+00  0.000000E+00  0.175623E+00  0.344936E+04
  0.481496E+01  0.341013E+04  0.338135E+04  0.000000E+00  0.000000E+00  0.169149E+00  0.338918E+04
  0.486335E+01  0.335062E+04  0.332234E+04  0.000000E+00  0.000000E+00  0.162909E+00  0.333003E+04
  0.491223E+01  0.329212E+04  0.326434E+04  0.000000E+00  0.000000E+00  0.156903E+00  0.327190E+04
  0.496160E+01  0.323464E+04  0.320733E+04  0.000000E+00  0.000000E+00  0.151115E+00  0.321476E+04
  0.501147E+01  0.317813E+04  0.315129E+04  0.000000E+00  0.000000E+00  0.145541E+00  0.315861E+04
  0.506183E+01  0.312261E+04  0.309623E+04  0.000000E+00  0.000000E+00  0.140170E+00  0.310342E+04
  0.511270E+01  0.306803E+04  0.304211E+04  0.000000E+00  0.000000E+00  0.134996E+00  0.304918E+04
  0.516409E+01  0.301440E+04  0.298892E+04  0.000000E+00  0.000000E+00  0.130015E+00  0.299587E+04
  0.521599E+01  0.296168E+04  0.293664E+04  0.000000E+00  0.000000E+00  0.125216E+00  0.294348E+04
  0.526840E+01  0.290987E+04  0.288527E+04  0.000000E+00  0.000000E+00  0.120592E+00  0.289199E+04
  0.532135E+01  0.285896E+04  0.283477E+04  0.000000E+00  0.000000E+00  0.116141E+00  0.284138E+04
  0.537484E+01  0.280891E+04  0.278514E+04  0.000000E+00  0.000000E+00  0.111851E+00  0.279165E+04
  0.542885E+01  0.275974E+04  0.273638E+04  0.000000E+00  0.000000E+00  0.107718E+00  0.274277E+04
  0.548341E+01  0.271141E+04  0.268845E+04  0.000000E+00  0.000000E+00  0.103737E+00  0.269474E+04
  0.553852E+01  0.266391E+04  0.264135E+04  0.000000E+00  0.000000E+00  0.999050E-01  0.264753E+04
  0.559419E+01  0.261723E+04  0.259506E+04  0.000000E+00  0.000000E+00  0.962155E-01  0.260114E+04
  0.565041E+01  0.257136E+04  0.254956E+04  0.000000E+00  0.000000E+00  0.926587E-01  0.255555E+04
  0.570719E+01  0.252628E+04  0.250486E+04  0.000000E+00  0.000000E+00  0.892353E-01  0.251074E+04
  0.576455E+01  0.248198E+04  0.246093E+04  0.000000E+00  0.000000E+00  0.859353E-01  0.246671E+04
  0.582249E+01  0.243844E+04  0.241775E+04  0.000000E+00  0.000000E+00  0.827582E-01  0.242344E+04
  0.588101E+01  0.239565E+04  0.237532E+04  0.000000E+00  0.000000E+00  0.796969E-01  0.238092E+04
  0.594011E+01  0.235361E+04  0.233362E+04  0.000000E+00  0.000000E+00  0.767502E-01  0.233913E+04
  0.599981E+01  0.231229E+04  0.229265E+04  0.000000E+00  0.000000E+00  0.739109E-01  0.229806E+04
  0.606011E+01  0.227168E+04  0.225237E+04  0.000000E+00  0.000000E+00  0.711770E-01  0.225770E+04
  0.612102E+01  0.223177E+04  0.221280E+04  0.000000E+00  0.000000E+00  0.685417E-01  0.221804E+04
  0.618253E+01  0.219256E+04  0.217391E+04  0.000000E+00  0.000000E+00  0.660071E-01  0.217906E+04
  0.624467E+01  0.215403E+04  0.213570E+04  0.000000E+00  0.000000E+00  0.635631E-01  0.214077E+04
  0.630743E+01  0.211616E+04  0.209815E+04  0.000000E+00  0.000000E+00  0.612095E-01  0.210313E+04
  0.637082E+01  0.207894E+04  0.206124E+04  0.000000E+00  0.000000E+00  0.589442E-01  0.206615E+04
  0.643485E+01  0.204238E+04  0.202498E+04  0.000000E+00  0.000000E+00  0.567629E-01  0.202980E+04
  0.649952E+01  0.200645E+04  0.198935E+04  0.000000E+00  0.000000E+00  0.546599E-01  0.199409E+04
  0.656484E+01  0.197114E+04  0.195433E+04  0.000000E+00  0.000000E+00  0.526362E-01  0.195900E+04
  0.663082E+01  0.193644E+04  0.191992E+04  0.000000E+00  0.000000E+00  0.506871E-01  0.192451E+04
  0.669746E+01  0.190234E+04  0.188611E+04  0.000000E+00  0.000000E+00  0.488101E-01  0.189062E+04
  0.676476E+01  0.186884E+04  0.185288E+04  0.000000E+00  0.000000E+00  0.470023E-01  0.185733E+04
  0.683275E+01  0.183592E+04  0.182023E+04  0.000000E+00  0.000000E+00  0.452596E-01  0.182460E+04
  0.690143E+01  0.180356E+04  0.178815E+04  0.000000E+00  0.000000E+00  0.435827E-01  0.179245E+04
  0.697079E+01  0.177177E+04  0.175662E+04  0.000000E+00  0.000000E+00  0.419672E-01  0.176085E+04
  0.704084E+01  0.174054E+04  0.172565E+04  0.000000E+00  0.000000E+00  0.404120E-01  0.172981E+04
  0.711160E+01  0.170984E+04  0.169521E+04  0.000000E+00  0.000000E+00  0.389125E-01  0.169930E+04
  0.718308E+01  0.167968E+04  0.166530E+04  0.000000E+00  0.000000E+00  0.374704E-01  0.166933E+04
  0.725527E+01  0.165004E+04  0.163591E+04  0.000000E+00  0.000000E+00  0.360819E-01  0.163987E+04
  0.732818E+01  0.162093E+04  0.160703E+04  0.000000E+00  0.000000E+00  0.347432E-01  0.161093E+04
  0.740183E+01  0.159231E+04  0.157865E+04  0.000000E+00  0.000000E+00  0.334545E-01  0.158249E+04
  0.747622E+01  0.156420E+04  0.155077E+04  0.000000E+00  0.000000E+00  0.322133E-01  0.155455E+04
  0.755136E+01  0.153657E+04  0.152337E+04  0.000000E+00  0.000000E+00  0.310175E-01  0.152709E+04
  0.762725E+01  0.150943E+04  0.149646E+04  0.000000E+00  0.000000E+00  0.298673E-01  0.150012E+04
  0.770391E+01  0.148275E+04  0.147000E+04  0.000000E+00  0.000000E+00  0.287596E-01  0.147361E+04
  0.778133E+01  0.145655E+04  0.144401E+04  0.000000E+00  0.000000E+00  0.276916E-01  0.144756E+04
  0.785954E+01  0.143080E+04  0.141848E+04  0.000000E+00  0.000000E+00  0.266641E-01  0.142196E+04
  0.793853E+01  0.140549E+04  0.139339E+04  0.000000E+00  0.000000E+00  0.256734E-01  0.139682E+04
  0.801831E+01  0.138064E+04  0.136873E+04  0.000000E+00  0.000000E+00  0.247201E-01  0.137211E+04
  0.809890E+01  0.135621E+04  0.134451E+04  0.000000E+00  0.000000E+00  0.238025E-01  0.134783E+04
  0.818029E+01  0.133221E+04  0.132071E+04  0.000000E+00  0.000000E+00  0.229192E-01  0.132398E+04
  0.826251E+01  0.130863E+04  0.129732E+04  0.000000E+00  0.000000E+00  0.220675E-01  0.130055E+04
  0.834554E+01  0.128546E+04  0.127435E+04  0.000000E+00  0.000000E+00  0.212474E-01  0.127752E+04
  0.842942E+01  0.126270E+04  0.125177E+04  0.000000E+00  0.000000E+00  0.204583E-01  0.125490E+04
  0.851414E+01  0.124033E+04  0.122959E+04  0.000000E+00  0.000000E+00  0.196984E-01  0.123267E+04
  0.859971E+01  0.121835E+04  0.120780E+04  0.000000E+00  0.000000E+00  0.189664E-01  0.121082E+04
  0.868613E+01  0.119676E+04  0.118639E+04  0.000000E+00  0.000000E+00  0.182617E-01  0.118937E+04
  0.877343E+01  0.117555E+04  0.116535E+04  0.000000E+00  0.000000E+00  0.175827E-01  0.116828E+04
  0.886161E+01  0.115471E+04  0.114468E+04  0.000000E+00  0.000000E+00  0.169296E-01  0.114757E+04
  0.895067E+01  0.113423E+04  0.112437E+04  0.000000E+00  0.000000E+00  0.162996E-01  0.112721E+04
  0.904062E+01  0.111411E+04  0.110442E+04  0.000000E+00  0.000000E+00  0.156942E-01  0.110722E+04
  0.913148E+01  0.109435E+04  0.108482E+04  0.000000E+00  0.000000E+00  0.151108E-01  0.108757E+04
  0.922325E+01  0.107492E+04  0.106556E+04  0.000000E+00  0.000000E+00  0.145485E-01  0.106827E+04
  0.931595E+01  0.105584E+04  0.104664E+04  0.000000E+00  0.000000E+00  0.140073E-01  0.104931E+04
  0.940957E+01  0.103710E+04  0.102805E+04  0.000000E+00  0.000000E+00  0.134859E-01  0.103068E+04
  0.950414E+01  0.101868E+04  0.100978E+04  0.000000E+00  0.000000E+00  0.129846E-01  0.101237E+04
  0.959966E+01  0.100059E+04  0.991836E+03  0.000000E+00  0.000000E+00  0.125017E-01  0.994389E+03
  0.969614E+01  0.982810E+03  0.974206E+03  0.000000E+00  0.000000E+00  0.120363E-01  0.976720E+03
  0.979358E+01  0.965346E+03  0.956886E+03  0.000000E+00  0.000000E+00  0.115883E-01  0.959363E+03
  0.989201E+01  0.948187E+03  0.939870E+03  0.000000E+00  0.000000E+00  0.111573E-01  0.942309E+03
  0.999143E+01  0.931329E+03  0.923151E+03  0.000000E+00  0.000000E+00  0.107420E-01  0.925554E+03
  0.100918E+02  0.914767E+03  0.906727E+03  0.000000E+00  0.000000E+00  0.103419E-01  0.909094E+03
  0.101933E+02  0.898497E+03  0.890591E+03  0.000000E+00  0.000000E+00  0.995698E-02  0.892923E+03
  0.102957E+02  0.882513E+03  0.874740E+03  0.000000E+00  0.000000E+00  0.958617E-02  0.877037E+03
  0.103992E+02  0.866809E+03  0.859166E+03  0.000000E+00  0.000000E+00  0.922917E-02  0.861429E+03
  0.105037E+02  0.851381E+03  0.843865E+03  0.000000E+00  0.000000E+00  0.888530E-02  0.846096E+03
  0.106093E+02  0.836224E+03  0.828834E+03  0.000000E+00  0.000000E+00  0.855453E-02  0.831031E+03
  0.107159E+02  0.821336E+03  0.814068E+03  0.000000E+00  0.000000E+00  0.823592E-02  0.816234E+03
  0.108236E+02  0.806707E+03  0.799561E+03  0.000000E+00  0.000000E+00  0.792881E-02  0.801695E+03
  0.109324E+02  0.792336E+03  0.785309E+03  0.000000E+00  0.000000E+00  0.763369E-02  0.787411E+03
  0.110422E+02  0.778218E+03  0.771307E+03  0.000000E+00  0.000000E+00  0.734932E-02  0.773380E+03
  0.111532E+02  0.764350E+03  0.757554E+03  0.000000E+00  0.000000E+00  0.707555E-02  0.759597E+03
  0.112653E+02  0.750725E+03  0.744042E+03  0.000000E+00  0.000000E+00  0.681172E-02  0.746055E+03
  0.113785E+02  0.737340E+03  0.730768E+03  0.000000E+00  0.000000E+00  0.655774E-02  0.732752E+03
  0.114929E+02  0.724191E+03  0.717727E+03  0.000000E+00  0.000000E+00  0.631337E-02  0.719683E+03
  0.116084E+02  0.711275E+03  0.704918E+03  0.000000E+00  0.000000E+00  0.607815E-02  0.706846E+03
  0.117251E+02  0.698585E+03  0.692332E+03  0.000000E+00  0.000000E+00  0.585126E-02  0.694233E+03
  0.118429E+02  0.686119E+03  0.679969E+03  0.000000E+00  0.000000E+00  0.563305E-02  0.681843E+03
  0.119619E+02  0.673872E+03  0.667824E+03  0.000000E+00  0.000000E+00  0.542309E-02  0.669672E+03
  0.120821E+02  0.661843E+03  0.655894E+03  0.000000E+00  0.000000E+00  0.522073E-02  0.657716E+03
  0.122036E+02  0.650025E+03  0.644174E+03  0.000000E+00  0.000000E+00  0.502593E-02  0.645971E+03
  0.123262E+02  0.638416E+03  0.632661E+03  0.000000E+00  0.000000E+00  0.483882E-02  0.634433E+03
  0.124501E+02  0.627012E+03  0.621351E+03  0.000000E+00  0.000000E+00  0.465808E-02  0.623098E+03
  0.125752E+02  0.615810E+03  0.610241E+03  0.000000E+00  0.000000E+00  0.448416E-02  0.611965E+03
  0.127016E+02  0.604805E+03  0.599327E+03  0.000000E+00  0.000000E+00  0.431704E-02  0.601027E+03
  0.128293E+02  0.593995E+03  0.588606E+03  0.000000E+00  0.000000E+00  0.415601E-02  0.590283E+03
  0.129582E+02  0.583375E+03  0.578073E+03  0.000000E+00  0.000000E+00  0.400071E-02  0.579728E+03
  0.130884E+02  0.572943E+03  0.567728E+03  0.000000E+00  0.000000E+00  0.385128E-02  0.569360E+03
  0.132200E+02  0.562696E+03  0.557566E+03  0.000000E+00  0.000000E+00  0.370752E-02  0.559176E+03
  0.133528E+02  0.552630E+03  0.547583E+03  0.000000E+00  0.000000E+00  0.356916E-02  0.549171E+03
  0.134870E+02  0.542742E+03  0.537776E+03  0.000000E+00  0.000000E+00  0.343578E-02  0.539344E+03
  0.136226E+02  0.533029E+03  0.528143E+03  0.000000E+00  0.000000E+00  0.330764E-02  0.529690E+03
  0.137595E+02  0.523489E+03  0.518682E+03  0.000000E+00  0.000000E+00  0.318414E-02  0.520208E+03
  0.138978E+02  0.514117E+03  0.509387E+03  0.000000E+00  0.000000E+00  0.306507E-02  0.510893E+03
  0.140374E+02  0.504910E+03  0.500256E+03  0.000000E+00  0.000000E+00  0.295074E-02  0.501743E+03
  0.141785E+02  0.495867E+03  0.491287E+03  0.000000E+00  0.000000E+00  0.284051E-02  0.492755E+03
  0.143210E+02  0.486985E+03  0.482478E+03  0.000000E+00  0.000000E+00  0.273428E-02  0.483927E+03
  0.144649E+02  0.478259E+03  0.473824E+03  0.000000E+00  0.000000E+00  0.263221E-02  0.475254E+03
  0.146103E+02  0.469688E+03  0.465323E+03  0.000000E+00  0.000000E+00  0.253384E-02  0.466735E+03
  0.147572E+02  0.461269E+03  0.456974E+03  0.000000E+00  0.000000E+00  0.243902E-02  0.458368E+03
  0.149055E+02  0.453000E+03  0.448773E+03  0.000000E+00  0.000000E+00  0.234801E-02  0.450149E+03
  0.150553E+02  0.444877E+03  0.440716E+03  0.000000E+00  0.000000E+00  0.226024E-02  0.442076E+03
  0.152066E+02  0.436898E+03  0.432803E+03  0.000000E+00  0.000000E+00  0.217569E-02  0.434146E+03
  0.153594E+02  0.429060E+03  0.425030E+03  0.000000E+00  0.000000E+00  0.209442E-02  0.426356E+03
  0.155138E+02  0.421363E+03  0.417395E+03  0.000000E+00  0.000000E+00  0.201610E-02  0.418705E+03
  0.156697E+02  0.413801E+03  0.409896E+03  0.000000E+00  0.000000E+00  0.194075E-02  0.411190E+03
  0.158272E+02  0.406373E+03  0.402529E+03  0.000000E+00  0.000000E+00  0.186817E-02  0.403808E+03
  0.159862E+02  0.399078E+03  0.395294E+03  0.000000E+00  0.000000E+00  0.179820E-02  0.396557E+03
  0.161469E+02  0.391913E+03  0.388187E+03  0.000000E+00  0.000000E+00  0.173106E-02  0.389435E+03
  0.163092E+02  0.384874E+03  0.381207E+03  0.000000E+00  0.000000E+00  0.166620E-02  0.382440E+03
  0.164731E+02  0.377961E+03  0.374350E+03  0.000000E+00  0.000000E+00  0.160397E-02  0.375568E+03
  0.166386E+02  0.371170E+03  0.367615E+03  0.000000E+00  0.000000E+00  0.154389E-02  0.368819E+03
  0.168059E+02  0.364500E+03  0.361000E+03  0.000000E+00  0.000000E+00  0.148618E-02  0.362190E+03
  0.169748E+02  0.357949E+03  0.354503E+03  0.000000E+00  0.000000E+00  0.143055E-02  0.355679E+03
  0.171454E+02  0.351515E+03  0.348121E+03  0.000000E+00  0.000000E+00  0.137704E-02  0.349284E+03
  0.173177E+02  0.345194E+03  0.341852E+03  0.000000E+00  0.000000E+00  0.132546E-02  0.343002E+03
  0.174917E+02  0.338987E+03  0.335695E+03  0.000000E+00  0.000000E+00  0.127586E-02  0.336832E+03
  0.176675E+02  0.332890E+03  0.329649E+03  0.000000E+00  0.000000E+00  0.122806E-02  0.330773E+03
  0.178451E+02  0.326901E+03  0.323709E+03  0.000000E+00  0.000000E+00  0.118214E-02  0.324821E+03
  0.180244E+02  0.321019E+03  0.317875E+03  0.000000E+00  0.000000E+00  0.113781E-02  0.318974E+03
  0.182056E+02  0.315242E+03  0.312145E+03  0.000000E+00  0.000000E+00  0.109530E-02  0.313232E+03
  0.183885E+02  0.309568E+03  0.306517E+03  0.000000E+00  0.000000E+00  0.105419E-02  0.307593E+03
  0.185734E+02  0.303995E+03  0.300990E+03  0.000000E+00  0.000000E+00  0.101474E-02  0.302054E+03
  0.187600E+02  0.298521E+03  0.295561E+03  0.000000E+00  0.000000E+00  0.976741E-03  0.296613E+03
  0.189486E+02  0.293145E+03  0.290228E+03  0.000000E+00  0.000000E+00  0.940199E-03  0.291270E+03
  0.191390E+02  0.287865E+03  0.284991E+03  0.000000E+00  0.000000E+00  0.904916E-03  0.286022E+03
  0.193313E+02  0.282678E+03  0.279847E+03  0.000000E+00  0.000000E+00  0.871050E-03  0.280867E+03
  0.195256E+02  0.277584E+03  0.274795E+03  0.000000E+00  0.000000E+00  0.838358E-03  0.275804E+03
  0.197219E+02  0.272581E+03  0.269833E+03  0.000000E+00  0.000000E+00  0.806961E-03  0.270832E+03
  0.199201E+02  0.267668E+03  0.264960E+03  0.000000E+00  0.000000E+00  0.776734E-03  0.265949E+03
  0.201203E+02  0.262842E+03  0.260173E+03  0.000000E+00  0.000000E+00  0.747610E-03  0.261152E+03
  0.203225E+02  0.258102E+03  0.255472E+03  0.000000E+00  0.000000E+00  0.719621E-03  0.256441E+03
  0.205267E+02  0.253447E+03  0.250855E+03  0.000000E+00  0.000000E+00  0.692655E-03  0.251814E+03
  0.207330E+02  0.248876E+03  0.246320E+03  0.000000E+00  0.000000E+00  0.666694E-03  0.247271E+03
  0.209414E+02  0.244385E+03  0.241867E+03  0.000000E+00  0.000000E+00  0.641669E-03  0.242808E+03
  0.211519E+02  0.239975E+03  0.237492E+03  0.000000E+00  0.000000E+00  0.617631E-03  0.238424E+03
  0.213644E+02  0.235644E+03  0.233196E+03  0.000000E+00  0.000000E+00  0.594455E-03  0.234119E+03
  0.215791E+02  0.231390E+03  0.228977E+03  0.000000E+00  0.000000E+00  0.572176E-03  0.229892E+03
  0.217960E+02  0.227213E+03  0.224833E+03  0.000000E+00  0.000000E+00  0.550716E-03  0.225740E+03
  0.220151E+02  0.223109E+03  0.220764E+03  0.000000E+00  0.000000E+00  0.530039E-03  0.221661E+03
  0.222363E+02  0.219080E+03  0.216767E+03  0.000000E+00  0.000000E+00  0.510153E-03  0.217656E+03
  0.224598E+02  0.215122E+03  0.212841E+03  0.000000E+00  0.000000E+00  0.491068E-03  0.213723E+03
  0.226855E+02  0.211235E+03  0.208986E+03  0.000000E+00  0.000000E+00  0.472639E-03  0.209860E+03
  0.229135E+02  0.207418E+03  0.205200E+03  0.000000E+00  0.000000E+00  0.454879E-03  0.206066E+03
  0.231438E+02  0.203669E+03  0.201481E+03  0.000000E+00  0.000000E+00  0.437796E-03  0.202340E+03
  0.233764E+02  0.199987E+03  0.197829E+03  0.000000E+00  0.000000E+00  0.421378E-03  0.198680E+03
  0.236113E+02  0.196372E+03  0.194243E+03  0.000000E+00  0.000000E+00  0.405589E-03  0.195087E+03
  0.238487E+02  0.192821E+03  0.190720E+03  0.000000E+00  0.000000E+00  0.390368E-03  0.191557E+03
  0.240883E+02  0.189333E+03  0.187261E+03  0.000000E+00  0.000000E+00  0.375715E-03  0.188091E+03
  0.243304E+02  0.185908E+03  0.183863E+03  0.000000E+00  0.000000E+00  0.361567E-03  0.184686E+03
  0.245749E+02  0.182545E+03  0.180527E+03  0.000000E+00  0.000000E+00  0.348016E-03  0.181343E+03
  0.248219E+02  0.179241E+03  0.177250E+03  0.000000E+00  0.000000E+00  0.334919E-03  0.178060E+03
  0.250714E+02  0.175997E+03  0.174032E+03  0.000000E+00  0.000000E+00  0.322374E-03  0.174836E+03
  0.253234E+02  0.172811E+03  0.170872E+03  0.000000E+00  0.000000E+00  0.310260E-03  0.171669E+03
  0.255779E+02  0.169682E+03  0.167769E+03  0.000000E+00  0.000000E+00  0.298611E-03  0.168560E+03
  0.258349E+02  0.166610E+03  0.164721E+03  0.000000E+00  0.000000E+00  0.287383E-03  0.165505E+03
  0.260946E+02  0.163592E+03  0.161727E+03  0.000000E+00  0.000000E+00  0.276596E-03  0.162506E+03
  0.263568E+02  0.160629E+03  0.158788E+03  0.000000E+00  0.000000E+00  0.266206E-03  0.159561E+03
  0.266217E+02  0.157719E+03  0.155901E+03  0.000000E+00  0.000000E+00  0.256203E-03  0.156668E+03
  0.268893E+02  0.154861E+03  0.153066E+03  0.000000E+00  0.000000E+00  0.246587E-03  0.153828E+03
  0.271595E+02  0.152054E+03  0.150282E+03  0.000000E+00  0.000000E+00  0.237336E-03  0.151038E+03
  0.274325E+02  0.149297E+03  0.147548E+03  0.000000E+00  0.000000E+00  0.228396E-03  0.148298E+03
  0.277082E+02  0.146591E+03  0.144863E+03  0.000000E+00  0.000000E+00  0.219798E-03  0.145608E+03
  0.279866E+02  0.143933E+03  0.142226E+03  0.000000E+00  0.000000E+00  0.211545E-03  0.142966E+03
  0.282679E+02  0.141322E+03  0.139636E+03  0.000000E+00  0.000000E+00  0.203603E-03  0.140372E+03
  0.285520E+02  0.138759E+03  0.137093E+03  0.000000E+00  0.000000E+00  0.195959E-03  0.137824E+03
  0.288390E+02  0.136241E+03  0.134596E+03  0.000000E+00  0.000000E+00  0.188585E-03  0.135321E+03
  0.291288E+02  0.133769E+03  0.132144E+03  0.000000E+00  0.000000E+00  0.181480E-03  0.132864E+03
  0.294216E+02  0.131341E+03  0.129735E+03  0.000000E+00  0.000000E+00  0.174675E-03  0.130451E+03
  0.297173E+02  0.128957E+03  0.127370E+03  0.000000E+00  0.000000E+00  0.168103E-03  0.128082E+03
  0.300159E+02  0.126616E+03  0.125048E+03  0.000000E+00  0.000000E+00  0.161777E-03  0.125755E+03
  0.303176E+02  0.124317E+03  0.122767E+03  0.000000E+00  0.000000E+00  0.155688E-03  0.123470E+03
  0.306223E+02  0.122060E+03  0.120527E+03  0.000000E+00  0.000000E+00  0.149825E-03  0.121226E+03
  0.309300E+02  0.119842E+03  0.118328E+03  0.000000E+00  0.000000E+00  0.144204E-03  0.119022E+03
  0.312409E+02  0.117665E+03  0.116168E+03  0.000000E+00  0.000000E+00  0.138763E-03  0.116858E+03
  0.315549E+02  0.115528E+03  0.114047E+03  0.000000E+00  0.000000E+00  0.133552E-03  0.114733E+03
  0.318720E+02  0.113428E+03  0.111964E+03  0.000000E+00  0.000000E+00  0.128520E-03  0.112647E+03
  0.321923E+02  0.111366E+03  0.109919E+03  0.000000E+00  0.000000E+00  0.123682E-03  0.110597E+03
  0.325159E+02  0.109342E+03  0.107910E+03  0.000000E+00  0.000000E+00  0.119024E-03  0.108585E+03
  0.328426E+02  0.107354E+03  0.105938E+03  0.000000E+00  0.000000E+00  0.114561E-03  0.106609E+03
  0.331727E+02  0.105402E+03  0.104001E+03  0.000000E+00  0.000000E+00  0.110245E-03  0.104669E+03
  0.335061E+02  0.103485E+03  0.102099E+03  0.000000E+00  0.000000E+00  0.106090E-03  0.102763E+03
  0.338429E+02  0.101602E+03  0.100232E+03  0.000000E+00  0.000000E+00  0.102099E-03  0.100892E+03
  0.341830E+02  0.997536E+02  0.983979E+02  0.000000E+00  0.000000E+00  0.982634E-04  0.990549E+02
  0.345265E+02  0.979383E+02  0.965969E+02  0.000000E+00  0.000000E+00  0.945525E-04  0.972506E+02
  0.348735E+02  0.961558E+02  0.948284E+02  0.000000E+00  0.000000E+00  0.909890E-04  0.954789E+02
  0.352240E+02  0.944054E+02  0.930918E+02  0.000000E+00  0.000000E+00  0.875684E-04  0.937391E+02
  0.355780E+02  0.926868E+02  0.913867E+02  0.000000E+00  0.000000E+00  0.842685E-04  0.920308E+02
  0.359356E+02  0.909990E+02  0.897121E+02  0.000000E+00  0.000000E+00  0.810896E-04  0.903533E+02
  0.362967E+02  0.893417E+02  0.880677E+02  0.000000E+00  0.000000E+00  0.780360E-04  0.887059E+02
  0.366615E+02  0.877143E+02  0.864530E+02  0.000000E+00  0.000000E+00  0.750963E-04  0.870883E+02
  0.370300E+02  0.861162E+02  0.848675E+02  0.000000E+00  0.000000E+00  0.722718E-04  0.855000E+02
  0.374021E+02  0.845472E+02  0.833107E+02  0.000000E+00  0.000000E+00  0.695478E-04  0.839404E+02
  0.377780E+02  0.830064E+02  0.817819E+02  0.000000E+00  0.000000E+00  0.669298E-04  0.824089E+02
  0.381577E+02  0.814934E+02  0.802806E+02  0.000000E+00  0.000000E+00  0.644015E-04  0.809050E+02
  0.385412E+02  0.800077E+02  0.788065E+02  0.000000E+00  0.000000E+00  0.619696E-04  0.794282E+02
  0.389285E+02  0.785489E+02  0.773591E+02  0.000000E+00  0.000000E+00  0.596392E-04  0.779783E+02
  0.393198E+02  0.771165E+02  0.759377E+02  0.000000E+00  0.000000E+00  0.573873E-04  0.765545E+02
  0.397150E+02  0.757099E+02  0.745420E+02  0.000000E+00  0.000000E+00  0.552313E-04  0.751564E+02
  0.401141E+02  0.743287E+02  0.731716E+02  0.000000E+00  0.000000E+00  0.531446E-04  0.737835E+02
  0.405172E+02  0.729726E+02  0.718260E+02  0.000000E+00  0.000000E+00  0.511456E-04  0.724356E+02
  0.409244E+02  0.716409E+02  0.705045E+02  0.000000E+00  0.000000E+00  0.492126E-04  0.711119E+02
  0.413358E+02  0.703333E+02  0.692070E+02  0.000000E+00  0.000000E+00  0.473521E-04  0.698122E+02
  0.417512E+02  0.690494E+02  0.679330E+02  0.000000E+00  0.000000E+00  0.455670E-04  0.685360E+02
  0.421708E+02  0.677888E+02  0.666820E+02  0.000000E+00  0.000000E+00  0.438530E-04  0.672830E+02
  0.425946E+02  0.665508E+02  0.654536E+02  0.000000E+00  0.000000E+00  0.421916E-04  0.660525E+02
  0.430227E+02  0.653353E+02  0.642474E+02  0.000000E+00  0.000000E+00  0.406047E-04  0.648443E+02
  0.434551E+02  0.641418E+02  0.630630E+02  0.000000E+00  0.000000E+00  0.390693E-04  0.636579E+02
  0.438918E+02  0.629700E+02  0.619002E+02  0.000000E+00  0.000000E+00  0.375972E-04  0.624932E+02
  0.443329E+02  0.618193E+02  0.607583E+02  0.000000E+00  0.000000E+00  0.361758E-04  0.613494E+02
  0.447785E+02  0.606894E+02  0.596370E+02  0.000000E+00  0.000000E+00  0.348162E-04  0.602263E+02
  0.452285E+02  0.595800E+02  0.585361E+02  0.000000E+00  0.000000E+00  0.334954E-04  0.591236E+02
  0.456831E+02  0.584908E+02  0.574551E+02  0.000000E+00  0.000000E+00  0.322337E-04  0.580409E+02
  0.461422E+02  0.574213E+02  0.563937E+02  0.000000E+00  0.000000E+00  0.310191E-04  0.569777E+02
  0.466059E+02  0.563711E+02  0.553514E+02  0.000000E+00  0.000000E+00  0.298435E-04  0.559339E+02
  0.470743E+02  0.553399E+02  0.543281E+02  0.000000E+00  0.000000E+00  0.287188E-04  0.549089E+02
  0.475475E+02  0.543274E+02  0.533232E+02  0.000000E+00  0.000000E+00  0.276362E-04  0.539025E+02
  0.480253E+02  0.533334E+02  0.523367E+02  0.000000E+00  0.000000E+00  0.265920E-04  0.529144E+02
  0.485080E+02  0.523573E+02  0.513679E+02  0.000000E+00  0.000000E+00  0.255863E-04  0.519441E+02
  0.489955E+02  0.513989E+02  0.504167E+02  0.000000E+00  0.000000E+00  0.246202E-04  0.509915E+02
  0.494879E+02  0.504578E+02  0.494827E+02  0.000000E+00  0.000000E+00  0.236902E-04  0.500561E+02
  0.499852E+02  0.495340E+02  0.485658E+02  0.000000E+00  0.000000E+00  0.227947E-04  0.491377E+02
  0.504876E+02  0.486268E+02  0.476654E+02  0.000000E+00  0.000000E+00  0.219342E-04  0.482360E+02
  0.509950E+02  0.477360E+02  0.467813E+02  0.000000E+00  0.000000E+00  0.211016E-04  0.473505E+02
  0.515075E+02  0.468615E+02  0.459132E+02  0.000000E+00  0.000000E+00  0.203055E-04  0.464812E+02
  0.520252E+02  0.460028E+02  0.450609E+02  0.000000E+00  0.000000E+00  0.195376E-04  0.456277E+02
  0.525480E+02  0.451597E+02  0.442241E+02  0.000000E+00  0.000000E+00  0.188014E-04  0.447896E+02
  0.530762E+02  0.443319E+02  0.434024E+02  0.000000E+00  0.000000E+00  0.180880E-04  0.439667E+02
  0.536096E+02  0.435191E+02  0.425956E+02  0.000000E+00  0.000000E+00  0.174071E-04  0.431588E+02
  0.541483E+02  0.427212E+02  0.418035E+02  0.000000E+00  0.000000E+00  0.167474E-04  0.423656E+02
  0.546926E+02  0.419376E+02  0.410258E+02  0.000000E+00  0.000000E+00  0.161138E-04  0.415867E+02
  0.552422E+02  0.411683E+02  0.402621E+02  0.000000E+00  0.000000E+00  0.155026E-04  0.408220E+02
  0.557974E+02  0.404130E+02  0.395123E+02  0.000000E+00  0.000000E+00  0.149178E-04  0.400712E+02
  0.563582E+02  0.396715E+02  0.387762E+02  0.000000E+00  0.000000E+00  0.143525E-04  0.393341E+02
  0.569246E+02  0.389433E+02  0.380534E+02  0.000000E+00  0.000000E+00  0.138095E-04  0.386103E+02
  0.574967E+02  0.382284E+02  0.373437E+02  0.000000E+00  0.000000E+00  0.132875E-04  0.378996E+02
  0.580746E+02  0.375265E+02  0.366469E+02  0.000000E+00  0.000000E+00  0.127857E-04  0.372019E+02
  0.586582E+02  0.368375E+02  0.359628E+02  0.000000E+00  0.000000E+00  0.123010E-04  0.365169E+02
  0.592477E+02  0.361608E+02  0.352911E+02  0.000000E+00  0.000000E+00  0.118361E-04  0.358443E+02
  0.598432E+02  0.354965E+02  0.346316E+02  0.000000E+00  0.000000E+00  0.113860E-04  0.351840E+02
  0.604446E+02  0.348443E+02  0.339841E+02  0.000000E+00  0.000000E+00  0.109558E-04  0.345356E+02
  0.610521E+02  0.342039E+02  0.333483E+02  0.000000E+00  0.000000E+00  0.105421E-04  0.338991E+02
  0.616657E+02  0.335753E+02  0.327242E+02  0.000000E+00  0.000000E+00  0.101415E-04  0.332741E+02
  0.622854E+02  0.329580E+02  0.321113E+02  0.000000E+00  0.000000E+00  0.975746E-05  0.326605E+02
  0.629114E+02  0.323520E+02  0.315096E+02  0.000000E+00  0.000000E+00  0.938702E-05  0.320581E+02
  0.635437E+02  0.317570E+02  0.309188E+02  0.000000E+00  0.000000E+00  0.903219E-05  0.314666E+02
  0.641823E+02  0.311728E+02  0.303388E+02  0.000000E+00  0.000000E+00  0.868877E-05  0.308859E+02
  0.648274E+02  0.305993E+02  0.297693E+02  0.000000E+00  0.000000E+00  0.836043E-05  0.303158E+02
  0.654789E+02  0.300362E+02  0.292102E+02  0.000000E+00  0.000000E+00  0.804396E-05  0.297560E+02
  0.661370E+02  0.294833E+02  0.286613E+02  0.000000E+00  0.000000E+00  0.774050E-05  0.292064E+02
  0.668016E+02  0.289406E+02  0.281224E+02  0.000000E+00  0.000000E+00  0.744568E-05  0.286669E+02
  0.674730E+02  0.284077E+02  0.275932E+02  0.000000E+00  0.000000E+00  0.716411E-05  0.281371E+02
  0.681511E+02  0.278845E+02  0.270737E+02  0.000000E+00  0.000000E+00  0.689258E-05  0.276170E+02
  0.688361E+02  0.273708E+02  0.265636E+02  0.000000E+00  0.000000E+00  0.663162E-05  0.271064E+02
  0.695279E+02  0.268666E+02  0.260629E+02  0.000000E+00  0.000000E+00  0.637992E-05  0.266051E+02
  0.702266E+02  0.263715E+02  0.255712E+02  0.000000E+00  0.000000E+00  0.613668E-05  0.261129E+02
  0.709324E+02  0.258854E+02  0.250885E+02  0.000000E+00  0.000000E+00  0.590467E-05  0.256297E+02
  0.716453E+02  0.254082E+02  0.246146E+02  0.000000E+00  0.000000E+00  0.567989E-05  0.251553E+02
  0.723653E+02  0.249397E+02  0.241493E+02  0.000000E+00  0.000000E+00  0.546509E-05  0.246896E+02
  0.730926E+02  0.244797E+02  0.236925E+02  0.000000E+00  0.000000E+00  0.525680E-05  0.242323E+02
  0.738272E+02  0.240281E+02  0.232440E+02  0.000000E+00  0.000000E+00  0.505757E-05  0.237833E+02
  0.745692E+02  0.235848E+02  0.228037E+02  0.000000E+00  0.000000E+00  0.486596E-05  0.233426E+02
  0.753186E+02  0.231495E+02  0.223714E+02  0.000000E+00  0.000000E+00  0.468079E-05  0.229099E+02
  0.760756E+02  0.227222E+02  0.219470E+02  0.000000E+00  0.000000E+00  0.450257E-05  0.224851E+02
  0.768402E+02  0.223027E+02  0.215304E+02  0.000000E+00  0.000000E+00  0.433234E-05  0.220680E+02
  0.776125E+02  0.218908E+02  0.211213E+02  0.000000E+00  0.000000E+00  0.416677E-05  0.216586E+02
  0.783925E+02  0.214864E+02  0.207196E+02  0.000000E+00  0.000000E+00  0.400844E-05  0.212566E+02
  0.791803E+02  0.210895E+02  0.203254E+02  0.000000E+00  0.000000E+00  0.385683E-05  0.208620E+02
  0.799761E+02  0.206997E+02  0.199383E+02  0.000000E+00  0.000000E+00  0.371066E-05  0.204745E+02
  0.807799E+02  0.203171E+02  0.195582E+02  0.000000E+00  0.000000E+00  0.356950E-05  0.200941E+02
  0.815918E+02  0.199415E+02  0.191851E+02  0.000000E+00  0.000000E+00  0.343412E-05  0.197207E+02
  0.824117E+02  0.195728E+02  0.188189E+02  0.000000E+00  0.000000E+00  0.330290E-05  0.193541E+02
  0.832400E+02  0.192107E+02  0.184592E+02  0.000000E+00  0.000000E+00  0.317721E-05  0.189942E+02
  0.840766E+02  0.188553E+02  0.181062E+02  0.000000E+00  0.000000E+00  0.305669E-05  0.186409E+02
  0.849216E+02  0.185064E+02  0.177596E+02  0.000000E+00  0.000000E+00  0.294071E-05  0.182940E+02
  0.857750E+02  0.181639E+02  0.174193E+02  0.000000E+00  0.000000E+00  0.282865E-05  0.179535E+02
  0.866371E+02  0.178276E+02  0.170853E+02  0.000000E+00  0.000000E+00  0.272050E-05  0.176191E+02
  0.875078E+02  0.174974E+02  0.167573E+02  0.000000E+00  0.000000E+00  0.261726E-05  0.172909E+02
  0.883873E+02  0.171733E+02  0.164353E+02  0.000000E+00  0.000000E+00  0.251772E-05  0.169687E+02
  0.892756E+02  0.168551E+02  0.161192E+02  0.000000E+00  0.000000E+00  0.242204E-05  0.166524E+02
  0.901729E+02  0.165427E+02  0.158089E+02  0.000000E+00  0.000000E+00  0.232923E-05  0.163418E+02
  0.910790E+02  0.162361E+02  0.155043E+02  0.000000E+00  0.000000E+00  0.224103E-05  0.160370E+02
  0.919943E+02  0.159351E+02  0.152052E+02  0.000000E+00  0.000000E+00  0.215529E-05  0.157377E+02
  0.929189E+02  0.156395E+02  0.149116E+02  0.000000E+00  0.000000E+00  0.207336E-05  0.154439E+02
  0.938528E+02  0.153494E+02  0.146234E+02  0.000000E+00  0.000000E+00  0.199435E-05  0.151554E+02
  0.947961E+02  0.150646E+02  0.143404E+02  0.000000E+00  0.000000E+00  0.191809E-05  0.148722E+02
  0.957488E+02  0.147849E+02  0.140626E+02  0.000000E+00  0.000000E+00  0.184546E-05  0.145943E+02
  0.967111E+02  0.145104E+02  0.137899E+02  0.000000E+00  0.000000E+00  0.177453E-05  0.143213E+02
  0.976831E+02  0.142410E+02  0.135222E+02  0.000000E+00  0.000000E+00  0.170736E-05  0.140534E+02
  0.986647E+02  0.139765E+02  0.132594E+02  0.000000E+00  0.000000E+00  0.164180E-05  0.137905E+02
  0.996563E+02  0.137168E+02  0.130014E+02  0.000000E+00  0.000000E+00  0.157970E-05  0.135323E+02
  0.100658E+03  0.134618E+02  0.127481E+02  0.000000E+00  0.000000E+00  0.151911E-05  0.132788E+02
