  0.994668E-05  0.202951E+08  0.202951E+08  0.270459E+08  0.270455E+08  0.202974E+08  0.202951E+08
  0.109829E-04  0.202951E+08  0.202951E+08  0.270428E+08  0.270423E+08  0.202974E+08  0.202951E+08
  0.121270E-04  0.202951E+08  0.202951E+08  0.270390E+08  0.270384E+08  0.202974E+08  0.202951E+08
  0.133904E-04  0.202950E+08  0.202950E+08  0.270344E+08  0.270337E+08  0.202974E+08  0.202951E+08
  0.147854E-04  0.202950E+08  0.202950E+08  0.270288E+08  0.270279E+08  0.202973E+08  0.202950E+08
  0.163257E-04  0.202950E+08  0.202950E+08  0.270219E+08  0.270208E+08  0.202973E+08  0.202950E+08
  0.180264E-04  0.202950E+08  0.202950E+08  0.270136E+08  0.270122E+08  0.202973E+08  0.202950E+08
  0.199043E-04  0.202950E+08  0.202950E+08  0.270034E+08  0.270017E+08  0.202972E+08  0.202950E+08
  0.219779E-04  0.202950E+08  0.202950E+08  0.269910E+08  0.269889E+08  0.202972E+08  0.202950E+08
  0.242675E-04  0.202949E+08  0.202949E+08  0.269758E+08  0.269733E+08  0.202971E+08  0.202949E+08
  0.267956E-04  0.202949E+08  0.202949E+08  0.269574E+08  0.269543E+08  0.202970E+08  0.202949E+08
  0.295871E-04  0.202949E+08  0.202948E+08  0.269349E+08  0.269311E+08  0.202969E+08  0.202949E+08
  0.326693E-04  0.202948E+08  0.202948E+08  0.269075E+08  0.269029E+08  0.202967E+08  0.202948E+08
  0.360727E-04  0.202947E+08  0.202947E+08  0.268741E+08  0.268686E+08  0.202966E+08  0.202947E+08
  0.398307E-04  0.202947E+08  0.202946E+08  0.268335E+08  0.268268E+08  0.202964E+08  0.202947E+08
  0.439801E-04  0.202946E+08  0.202945E+08  0.267841E+08  0.267759E+08  0.202961E+08  0.202946E+08
  0.485618E-04  0.202944E+08  0.202944E+08  0.267239E+08  0.267139E+08  0.202958E+08  0.202944E+08
  0.536208E-04  0.202943E+08  0.202943E+08  0.266508E+08  0.266385E+08  0.202955E+08  0.202943E+08
  0.592068E-04  0.202941E+08  0.202941E+08  0.265618E+08  0.265469E+08  0.202950E+08  0.202941E+08
  0.653748E-04  0.202939E+08  0.202939E+08  0.264537E+08  0.264356E+08  0.202945E+08  0.202939E+08
  0.721853E-04  0.202936E+08  0.202936E+08  0.263224E+08  0.263005E+08  0.202938E+08  0.202936E+08
  0.797053E-04  0.202933E+08  0.202933E+08  0.261632E+08  0.261366E+08  0.202930E+08  0.202933E+08
  0.880087E-04  0.202929E+08  0.202929E+08  0.259702E+08  0.259380E+08  0.202921E+08  0.202929E+08
  0.971772E-04  0.202925E+08  0.202924E+08  0.257368E+08  0.256978E+08  0.202909E+08  0.202924E+08
  0.107301E-03  0.202919E+08  0.202918E+08  0.254547E+08  0.254076E+08  0.202894E+08  0.202919E+08
  0.118479E-03  0.202912E+08  0.202911E+08  0.251147E+08  0.250579E+08  0.202877E+08  0.202912E+08
  0.130822E-03  0.202903E+08  0.202902E+08  0.247058E+08  0.246375E+08  0.202855E+08  0.202903E+08
  0.144450E-03  0.202893E+08  0.202892E+08  0.242155E+08  0.241336E+08  0.202829E+08  0.202892E+08
  0.159499E-03  0.202880E+08  0.202879E+08  0.236299E+08  0.235319E+08  0.202798E+08  0.202880E+08
  0.176115E-03  0.202865E+08  0.202863E+08  0.229336E+08  0.228170E+08  0.202759E+08  0.202864E+08
  0.194462E-03  0.202846E+08  0.202844E+08  0.221102E+08  0.219722E+08  0.202712E+08  0.202845E+08
  0.214720E-03  0.202824E+08  0.202821E+08  0.211432E+08  0.209810E+08  0.202654E+08  0.202822E+08
  0.237089E-03  0.202796E+08  0.202793E+08  0.200173E+08  0.198280E+08  0.202585E+08  0.202795E+08
  0.261788E-03  0.202763E+08  0.202759E+08  0.187197E+08  0.185013E+08  0.202500E+08  0.202761E+08
  0.289060E-03  0.202723E+08  0.202718E+08  0.172437E+08  0.169947E+08  0.202398E+08  0.202721E+08
  0.319173E-03  0.202674E+08  0.202668E+08  0.155912E+08  0.153118E+08  0.202273E+08  0.202671E+08
  0.352424E-03  0.202616E+08  0.202608E+08  0.137779E+08  0.134704E+08  0.202122E+08  0.202612E+08
  0.389138E-03  0.202546E+08  0.202536E+08  0.118374E+08  0.115071E+08  0.201940E+08  0.202541E+08
  0.429677E-03  0.202461E+08  0.202450E+08  0.982534E+07  0.948166E+07  0.201719E+08  0.202456E+08
  0.474439E-03  0.202360E+08  0.202347E+08  0.782176E+07  0.747822E+07  0.201454E+08  0.202353E+08
  0.523865E-03  0.202239E+08  0.202224E+08  0.592788E+07  0.560219E+07  0.201133E+08  0.202232E+08
  0.578439E-03  0.202096E+08  0.202078E+08  0.425586E+07  0.396843E+07  0.200749E+08  0.202087E+08
  0.638699E-03  0.201926E+08  0.201906E+08  0.290843E+07  0.267926E+07  0.200288E+08  0.201915E+08
  0.705236E-03  0.201726E+08  0.201702E+08  0.194951E+07  0.179334E+07  0.199737E+08  0.201712E+08
  0.778705E-03  0.201490E+08  0.201464E+08  0.137340E+07  0.129397E+07  0.199080E+08  0.201474E+08
  0.859828E-03  0.201215E+08  0.201185E+08  0.108900E+07  0.107466E+07  0.198301E+08  0.201196E+08
  0.949402E-03  0.200893E+08  0.200861E+08  0.940817E+06  0.965087E+06  0.197379E+08  0.200871E+08
  0.104831E-02  0.200520E+08  0.200484E+08  0.777914E+06  0.807782E+06  0.196293E+08  0.200494E+08
  0.115752E-02  0.200087E+08  0.200049E+08  0.544013E+06  0.554436E+06  0.195019E+08  0.200057E+08
  0.127810E-02  0.199587E+08  0.199548E+08  0.312301E+06  0.298460E+06  0.193535E+08  0.199552E+08
  0.141125E-02  0.199011E+08  0.198971E+08  0.193672E+06  0.169543E+06  0.191825E+08  0.198971E+08
  0.155827E-02  0.198350E+08  0.198308E+08  0.179555E+06  0.000000E+00  0.189867E+08  0.198303E+08
  0.172061E-02  0.197593E+08  0.197551E+08  0.140691E+06  0.000000E+00  0.187643E+08  0.197539E+08
  0.189985E-02  0.196728E+08  0.196687E+08  0.475193E+05  0.000000E+00  0.185141E+08  0.196666E+08
  0.209777E-02  0.195745E+08  0.195703E+08  0.197598E+05  0.000000E+00  0.182354E+08  0.195674E+08
  0.231631E-02  0.194629E+08  0.194588E+08  0.358538E+05  0.000000E+00  0.179278E+08  0.194550E+08
  0.255762E-02  0.193370E+08  0.193327E+08  0.953462E+03  0.000000E+00  0.175912E+08  0.193280E+08
  0.282406E-02  0.191952E+08  0.191907E+08  0.164923E+04  0.000000E+00  0.172258E+08  0.191851E+08
  0.311826E-02  0.190363E+08  0.190316E+08 -0.615841E+04  0.000000E+00  0.168310E+08  0.190251E+08
  0.344311E-02  0.188590E+08  0.188540E+08 -0.106281E+05  0.000000E+00  0.164062E+08  0.188466E+08
  0.380180E-02  0.186619E+08  0.186567E+08 -0.170156E+05  0.000000E+00  0.159503E+08  0.186482E+08
  0.419786E-02  0.184437E+08  0.184381E+08 -0.713585E+04  0.000000E+00  0.154625E+08  0.184287E+08
  0.463518E-02  0.182031E+08  0.181971E+08 -0.851745E+04  0.000000E+00  0.149424E+08  0.181866E+08
  0.511806E-02  0.179386E+08  0.179321E+08 -0.103887E+05  0.000000E+00  0.143915E+08  0.179207E+08
  0.565124E-02  0.176495E+08  0.176424E+08 -0.729134E+04  0.000000E+00  0.137861E+08  0.176301E+08
  0.623997E-02  0.173335E+08  0.173256E+08 -0.693018E+04  0.000000E+00  0.131593E+08  0.173124E+08
  0.689002E-02  0.169895E+08  0.169808E+08 -0.554536E+04  0.000000E+00  0.124989E+08  0.169668E+08
  0.760780E-02  0.166161E+08  0.166063E+08 -0.562338E+04  0.000000E+00  0.118135E+08  0.165918E+08
  0.840036E-02  0.162125E+08  0.162014E+08 -0.464867E+04  0.000000E+00  0.111121E+08  0.161865E+08
  0.927548E-02  0.157773E+08  0.157647E+08 -0.346211E+04  0.000000E+00  0.103948E+08  0.157497E+08
  0.102418E-01  0.153092E+08  0.152949E+08 -0.322922E+04  0.000000E+00  0.966167E+07  0.152800E+08
  0.113087E-01  0.148069E+08  0.147906E+08 -0.263790E+04  0.000000E+00  0.891928E+07  0.147763E+08
  0.124868E-01  0.142696E+08  0.142508E+08 -0.197228E+04  0.000000E+00  0.817583E+07  0.142376E+08
  0.137877E-01  0.136962E+08  0.136748E+08 -0.179367E+04  0.000000E+00  0.743722E+07  0.136630E+08
  0.152240E-01  0.130865E+08  0.130620E+08 -0.141906E+04  0.000000E+00  0.670662E+07  0.130522E+08
  0.168100E-01  0.124406E+08  0.124127E+08 -0.107685E+04  0.000000E+00  0.599380E+07  0.124054E+08
  0.185612E-01  0.117597E+08  0.117281E+08 -0.944178E+03  0.000000E+00  0.530389E+07  0.117238E+08
  0.204948E-01  0.110465E+08  0.110112E+08 -0.587077E+03  0.000000E+00  0.464437E+07  0.110103E+08
  0.226299E-01  0.103060E+08  0.102668E+08 -0.516818E+03  0.000000E+00  0.402159E+07  0.102697E+08
  0.249874E-01  0.954590E+07  0.950311E+07 -0.398342E+03  0.000000E+00  0.344246E+07  0.950987E+07
  0.275905E-01  0.877732E+07  0.873150E+07 -0.281852E+03  0.000000E+00  0.291242E+07  0.874191E+07
  0.304648E-01  0.801531E+07  0.796744E+07 -0.243049E+03  0.000000E+00  0.243639E+07  0.798091E+07
  0.336385E-01  0.727841E+07  0.722993E+07 -0.164304E+03  0.000000E+00  0.201792E+07  0.724541E+07
  0.371429E-01  0.658732E+07  0.654010E+07 -0.123585E+03  0.000000E+00  0.165859E+07  0.655610E+07
  0.410123E-01  0.596192E+07  0.591809E+07 -0.106490E+03  0.000000E+00  0.135744E+07  0.593280E+07
  0.451135E-01  0.543398E+07  0.539540E+07  0.000000E+00  0.000000E+00  0.111869E+07  0.540711E+07
  0.492148E-01  0.502330E+07  0.499083E+07  0.000000E+00  0.000000E+00  0.940159E+06  0.499855E+07
  0.533160E-01  0.469326E+07  0.466689E+07  0.000000E+00  0.000000E+00  0.802444E+06  0.467044E+07
  0.574172E-01  0.441604E+07  0.439503E+07  0.000000E+00  0.000000E+00  0.692781E+06  0.439491E+07
  0.615185E-01  0.417106E+07  0.415416E+07  0.000000E+00  0.000000E+00  0.602747E+06  0.415135E+07
  0.656197E-01  0.393949E+07  0.392521E+07  0.000000E+00  0.000000E+00  0.526257E+06  0.392095E+07
  0.697209E-01  0.370961E+07  0.369649E+07  0.000000E+00  0.000000E+00  0.459577E+06  0.369203E+07
  0.738221E-01  0.347788E+07  0.346472E+07  0.000000E+00  0.000000E+00  0.400780E+06  0.346111E+07
  0.779234E-01  0.324752E+07  0.323351E+07  0.000000E+00  0.000000E+00  0.349055E+06  0.323146E+07
  0.820246E-01  0.302512E+07  0.300992E+07  0.000000E+00  0.000000E+00  0.304045E+06  0.300971E+07
  0.861258E-01  0.281722E+07  0.280090E+07  0.000000E+00  0.000000E+00  0.265400E+06  0.280241E+07
  0.912474E-01  0.258610E+07  0.256902E+07  0.000000E+00  0.000000E+00  0.225406E+06  0.257208E+07
  0.963690E-01  0.239380E+07  0.237697E+07  0.000000E+00  0.000000E+00  0.193664E+06  0.238057E+07
  0.101491E+00  0.224269E+07  0.222711E+07  0.000000E+00  0.000000E+00  0.168916E+06  0.223027E+07
  0.106612E+00  0.212716E+07  0.211356E+07  0.000000E+00  0.000000E+00  0.149570E+06  0.211553E+07
  0.111734E+00  0.203555E+07  0.202418E+07  0.000000E+00  0.000000E+00  0.133955E+06  0.202465E+07
  0.116855E+00  0.195519E+07  0.194586E+07  0.000000E+00  0.000000E+00  0.120698E+06  0.194495E+07
  0.121977E+00  0.187619E+07  0.186835E+07  0.000000E+00  0.000000E+00  0.108876E+06  0.186652E+07
  0.127098E+00  0.179273E+07  0.178566E+07  0.000000E+00  0.000000E+00  0.979834E+05  0.178353E+07
  0.132220E+00  0.170321E+07  0.169625E+07  0.000000E+00  0.000000E+00  0.878359E+05  0.169440E+07
  0.137342E+00  0.160954E+07  0.160223E+07  0.000000E+00  0.000000E+00  0.784528E+05  0.160108E+07
  0.142463E+00  0.151596E+07  0.150809E+07  0.000000E+00  0.000000E+00  0.699509E+05  0.150780E+07
  0.147585E+00  0.142773E+07  0.141939E+07  0.000000E+00  0.000000E+00  0.624626E+05  0.141988E+07
  0.152706E+00  0.134980E+07  0.134128E+07  0.000000E+00  0.000000E+00  0.560736E+05  0.134225E+07
  0.157828E+00  0.128491E+07  0.127658E+07  0.000000E+00  0.000000E+00  0.507564E+05  0.127768E+07
  0.162949E+00  0.123262E+07  0.122482E+07  0.000000E+00  0.000000E+00  0.463624E+05  0.122571E+07
  0.168071E+00  0.119020E+07  0.118316E+07  0.000000E+00  0.000000E+00  0.426801E+05  0.118359E+07
  0.173193E+00  0.115408E+07  0.114787E+07  0.000000E+00  0.000000E+00  0.395030E+05  0.114777E+07
  0.178314E+00  0.112070E+07  0.111522E+07  0.000000E+00  0.000000E+00  0.366561E+05  0.111465E+07
  0.183436E+00  0.108675E+07  0.108182E+07  0.000000E+00  0.000000E+00  0.340015E+05  0.108094E+07
  0.188557E+00  0.105014E+07  0.104549E+07  0.000000E+00  0.000000E+00  0.314591E+05  0.104454E+07
  0.193679E+00  0.101063E+07  0.100604E+07  0.000000E+00  0.000000E+00  0.290149E+05  0.100521E+07
  0.198800E+00  0.969538E+06  0.964844E+06  0.000000E+00  0.000000E+00  0.266999E+05  0.964291E+06
  0.203922E+00  0.928732E+06  0.923874E+06  0.000000E+00  0.000000E+00  0.245540E+05  0.923641E+06
  0.209044E+00  0.890038E+06  0.885051E+06  0.000000E+00  0.000000E+00  0.226095E+05  0.885100E+06
  0.214165E+00  0.854996E+06  0.849981E+06  0.000000E+00  0.000000E+00  0.208860E+05  0.850210E+06
  0.219287E+00  0.824527E+06  0.819615E+06  0.000000E+00  0.000000E+00  0.193843E+05  0.819896E+06
  0.224408E+00  0.798621E+06  0.793935E+06  0.000000E+00  0.000000E+00  0.180832E+05  0.794144E+06
  0.229530E+00  0.776426E+06  0.772047E+06  0.000000E+00  0.000000E+00  0.169449E+05  0.772100E+06
  0.234651E+00  0.756648E+06  0.752601E+06  0.000000E+00  0.000000E+00  0.159272E+05  0.752466E+06
  0.239773E+00  0.737924E+06  0.734178E+06  0.000000E+00  0.000000E+00  0.149916E+05  0.733877E+06
  0.244895E+00  0.719098E+06  0.715584E+06  0.000000E+00  0.000000E+00  0.141085E+05  0.715174E+06
  0.250016E+00  0.699478E+06  0.696108E+06  0.000000E+00  0.000000E+00  0.132612E+05  0.695667E+06
  0.255138E+00  0.678973E+06  0.675665E+06  0.000000E+00  0.000000E+00  0.124457E+05  0.675266E+06
  0.260259E+00  0.657977E+06  0.654672E+06  0.000000E+00  0.000000E+00  0.116675E+05  0.654366E+06
  0.265381E+00  0.637124E+06  0.633797E+06  0.000000E+00  0.000000E+00  0.109351E+05  0.633605E+06
  0.270502E+00  0.617094E+06  0.613752E+06  0.000000E+00  0.000000E+00  0.102568E+05  0.613663E+06
  0.275624E+00  0.598466E+06  0.595141E+06  0.000000E+00  0.000000E+00  0.963805E+04  0.595124E+06
  0.280746E+00  0.581584E+06  0.578319E+06  0.000000E+00  0.000000E+00  0.907971E+04  0.578329E+06
  0.285867E+00  0.566468E+06  0.563306E+06  0.000000E+00  0.000000E+00  0.857746E+04  0.563299E+06
  0.290989E+00  0.552849E+06  0.549821E+06  0.000000E+00  0.000000E+00  0.812309E+04  0.549765E+06
  0.296110E+00  0.540298E+06  0.537414E+06  0.000000E+00  0.000000E+00  0.770685E+04  0.537296E+06
  0.301232E+00  0.528341E+06  0.525593E+06  0.000000E+00  0.000000E+00  0.731940E+04  0.525416E+06
  0.306353E+00  0.516560E+06  0.513926E+06  0.000000E+00  0.000000E+00  0.695315E+04  0.513708E+06
  0.311475E+00  0.504681E+06  0.502130E+06  0.000000E+00  0.000000E+00  0.660315E+04  0.501898E+06
  0.316597E+00  0.492622E+06  0.490125E+06  0.000000E+00  0.000000E+00  0.626744E+04  0.489903E+06
  0.321718E+00  0.480478E+06  0.478012E+06  0.000000E+00  0.000000E+00  0.594645E+04  0.477821E+06
  0.326840E+00  0.468460E+06  0.466013E+06  0.000000E+00  0.000000E+00  0.564189E+04  0.465861E+06
  0.331961E+00  0.456806E+06  0.454378E+06  0.000000E+00  0.000000E+00  0.535565E+04  0.454264E+06
  0.337083E+00  0.445724E+06  0.443321E+06  0.000000E+00  0.000000E+00  0.508897E+04  0.443237E+06
  0.342204E+00  0.435338E+06  0.432976E+06  0.000000E+00  0.000000E+00  0.484204E+04  0.432906E+06
  0.347326E+00  0.425676E+06  0.423368E+06  0.000000E+00  0.000000E+00  0.461389E+04  0.423297E+06
  0.352448E+00  0.416666E+06  0.414423E+06  0.000000E+00  0.000000E+00  0.440258E+04  0.414340E+06
  0.357569E+00  0.408174E+06  0.406002E+06  0.000000E+00  0.000000E+00  0.420569E+04  0.405899E+06
  0.362691E+00  0.400042E+06  0.397939E+06  0.000000E+00  0.000000E+00  0.402075E+04  0.397816E+06
  0.367812E+00  0.392120E+06  0.390079E+06  0.000000E+00  0.000000E+00  0.384557E+04  0.389942E+06
  0.372934E+00  0.384295E+06  0.382305E+06  0.000000E+00  0.000000E+00  0.367852E+04  0.382161E+06
  0.378055E+00  0.376507E+06  0.374558E+06  0.000000E+00  0.000000E+00  0.351862E+04  0.374416E+06
  0.383177E+00  0.368768E+06  0.366852E+06  0.000000E+00  0.000000E+00  0.336562E+04  0.366718E+06
  0.388299E+00  0.361144E+06  0.359254E+06  0.000000E+00  0.000000E+00  0.321976E+04  0.359135E+06
  0.393420E+00  0.353715E+06  0.351849E+06  0.000000E+00  0.000000E+00  0.308137E+04  0.351744E+06
  0.398542E+00  0.346541E+06  0.344701E+06  0.000000E+00  0.000000E+00  0.295058E+04  0.344608E+06
  0.403663E+00  0.339666E+06  0.337854E+06  0.000000E+00  0.000000E+00  0.282735E+04  0.337769E+06
  0.408785E+00  0.333112E+06  0.331334E+06  0.000000E+00  0.000000E+00  0.271146E+04  0.331251E+06
  0.413906E+00  0.326874E+06  0.325133E+06  0.000000E+00  0.000000E+00  0.260248E+04  0.325049E+06
  0.419028E+00  0.320910E+06  0.319209E+06  0.000000E+00  0.000000E+00  0.249970E+04  0.319119E+06
  0.424150E+00  0.315158E+06  0.313496E+06  0.000000E+00  0.000000E+00  0.240235E+04  0.313400E+06
  0.429271E+00  0.309565E+06  0.307939E+06  0.000000E+00  0.000000E+00  0.230972E+04  0.307839E+06
  0.434393E+00  0.304091E+06  0.302500E+06  0.000000E+00  0.000000E+00  0.222132E+04  0.302397E+06
  0.439514E+00  0.298712E+06  0.297151E+06  0.000000E+00  0.000000E+00  0.213675E+04  0.297048E+06
  0.444636E+00  0.293416E+06  0.291880E+06  0.000000E+00  0.000000E+00  0.205574E+04  0.291780E+06
  0.449757E+00  0.288208E+06  0.286696E+06  0.000000E+00  0.000000E+00  0.197819E+04  0.286601E+06
  0.454879E+00  0.283113E+06  0.281623E+06  0.000000E+00  0.000000E+00  0.190410E+04  0.281533E+06
  0.460001E+00  0.278159E+06  0.276690E+06  0.000000E+00  0.000000E+00  0.183349E+04  0.276606E+06
  0.465122E+00  0.273361E+06  0.271915E+06  0.000000E+00  0.000000E+00  0.176630E+04  0.271834E+06
  0.470244E+00  0.268724E+06  0.267301E+06  0.000000E+00  0.000000E+00  0.170239E+04  0.267222E+06
  0.475365E+00  0.264243E+06  0.262844E+06  0.000000E+00  0.000000E+00  0.164160E+04  0.262767E+06
  0.480487E+00  0.259911E+06  0.258537E+06  0.000000E+00  0.000000E+00  0.158373E+04  0.258459E+06
  0.485608E+00  0.255715E+06  0.254366E+06  0.000000E+00  0.000000E+00  0.152857E+04  0.254286E+06
  0.490730E+00  0.251634E+06  0.250309E+06  0.000000E+00  0.000000E+00  0.147587E+04  0.250229E+06
  0.495852E+00  0.247647E+06  0.246345E+06  0.000000E+00  0.000000E+00  0.142541E+04  0.246264E+06
  0.500973E+00  0.243739E+06  0.242458E+06  0.000000E+00  0.000000E+00  0.137699E+04  0.242378E+06
  0.506095E+00  0.239906E+06  0.238645E+06  0.000000E+00  0.000000E+00  0.133053E+04  0.238566E+06
  0.511216E+00  0.236150E+06  0.234909E+06  0.000000E+00  0.000000E+00  0.128594E+04  0.234831E+06
  0.516338E+00  0.232475E+06  0.231252E+06  0.000000E+00  0.000000E+00  0.124316E+04  0.231177E+06
  0.521459E+00  0.228883E+06  0.227677E+06  0.000000E+00  0.000000E+00  0.120214E+04  0.227604E+06
  0.526581E+00  0.225378E+06  0.224189E+06  0.000000E+00  0.000000E+00  0.116282E+04  0.224118E+06
  0.531703E+00  0.221966E+06  0.220794E+06  0.000000E+00  0.000000E+00  0.112515E+04  0.220725E+06
  0.536824E+00  0.218648E+06  0.217494E+06  0.000000E+00  0.000000E+00  0.108909E+04  0.217425E+06
  0.541946E+00  0.215419E+06  0.214282E+06  0.000000E+00  0.000000E+00  0.105453E+04  0.214214E+06
  0.547067E+00  0.212271E+06  0.211152E+06  0.000000E+00  0.000000E+00  0.102139E+04  0.211084E+06
  0.549761E+00  0.210650E+06  0.209540E+06  0.000000E+00  0.000000E+00  0.100451E+04  0.209473E+06
  0.555286E+00  0.207381E+06  0.206289E+06  0.000000E+00  0.000000E+00  0.970957E+03  0.206221E+06
  0.560867E+00  0.204157E+06  0.203082E+06  0.000000E+00  0.000000E+00  0.938484E+03  0.203015E+06
  0.566504E+00  0.200972E+06  0.199915E+06  0.000000E+00  0.000000E+00  0.907031E+03  0.199849E+06
  0.572197E+00  0.197825E+06  0.196784E+06  0.000000E+00  0.000000E+00  0.876565E+03  0.196719E+06
  0.577947E+00  0.194719E+06  0.193694E+06  0.000000E+00  0.000000E+00  0.847074E+03  0.193631E+06
  0.583756E+00  0.191658E+06  0.190649E+06  0.000000E+00  0.000000E+00  0.818541E+03  0.190586E+06
  0.589623E+00  0.188642E+06  0.187648E+06  0.000000E+00  0.000000E+00  0.790948E+03  0.187587E+06
  0.595549E+00  0.185672E+06  0.184694E+06  0.000000E+00  0.000000E+00  0.764263E+03  0.184634E+06
  0.601534E+00  0.182751E+06  0.181788E+06  0.000000E+00  0.000000E+00  0.738474E+03  0.181729E+06
  0.607579E+00  0.179881E+06  0.178933E+06  0.000000E+00  0.000000E+00  0.713563E+03  0.178875E+06
  0.613686E+00  0.177056E+06  0.176124E+06  0.000000E+00  0.000000E+00  0.689485E+03  0.176066E+06
  0.619854E+00  0.174272E+06  0.173355E+06  0.000000E+00  0.000000E+00  0.666195E+03  0.173297E+06
  0.626083E+00  0.171528E+06  0.170625E+06  0.000000E+00  0.000000E+00  0.643667E+03  0.170569E+06
  0.632375E+00  0.168825E+06  0.167936E+06  0.000000E+00  0.000000E+00  0.621880E+03  0.167880E+06
  0.638731E+00  0.166159E+06  0.165284E+06  0.000000E+00  0.000000E+00  0.600801E+03  0.165229E+06
  0.645150E+00  0.163529E+06  0.162668E+06  0.000000E+00  0.000000E+00  0.580409E+03  0.162614E+06
  0.651634E+00  0.160939E+06  0.160092E+06  0.000000E+00  0.000000E+00  0.560694E+03  0.160039E+06
  0.658183E+00  0.158390E+06  0.157556E+06  0.000000E+00  0.000000E+00  0.541640E+03  0.157504E+06
  0.664798E+00  0.155880E+06  0.155059E+06  0.000000E+00  0.000000E+00  0.523218E+03  0.155008E+06
  0.671479E+00  0.153409E+06  0.152601E+06  0.000000E+00  0.000000E+00  0.505414E+03  0.152550E+06
  0.678228E+00  0.150977E+06  0.150182E+06  0.000000E+00  0.000000E+00  0.488211E+03  0.150132E+06
  0.685044E+00  0.148583E+06  0.147801E+06  0.000000E+00  0.000000E+00  0.471581E+03  0.147752E+06
  0.691929E+00  0.146223E+06  0.145453E+06  0.000000E+00  0.000000E+00  0.455499E+03  0.145404E+06
  0.698883E+00  0.143898E+06  0.143140E+06  0.000000E+00  0.000000E+00  0.439951E+03  0.143092E+06
  0.705907E+00  0.141609E+06  0.140863E+06  0.000000E+00  0.000000E+00  0.424925E+03  0.140816E+06
  0.713001E+00  0.139353E+06  0.138620E+06  0.000000E+00  0.000000E+00  0.410399E+03  0.138573E+06
  0.720167E+00  0.137131E+06  0.136409E+06  0.000000E+00  0.000000E+00  0.396355E+03  0.136363E+06
  0.727405E+00  0.134944E+06  0.134234E+06  0.000000E+00  0.000000E+00  0.382786E+03  0.134189E+06
  0.734716E+00  0.132792E+06  0.132093E+06  0.000000E+00  0.000000E+00  0.369675E+03  0.132048E+06
  0.742099E+00  0.130671E+06  0.129983E+06  0.000000E+00  0.000000E+00  0.357001E+03  0.129939E+06
  0.749557E+00  0.128583E+06  0.127906E+06  0.000000E+00  0.000000E+00  0.344754E+03  0.127863E+06
  0.757091E+00  0.126527E+06  0.125861E+06  0.000000E+00  0.000000E+00  0.332918E+03  0.125818E+06
  0.764700E+00  0.124501E+06  0.123846E+06  0.000000E+00  0.000000E+00  0.321478E+03  0.123804E+06
  0.772385E+00  0.122507E+06  0.121862E+06  0.000000E+00  0.000000E+00  0.310424E+03  0.121821E+06
  0.780147E+00  0.120543E+06  0.119909E+06  0.000000E+00  0.000000E+00  0.299744E+03  0.119868E+06
  0.787988E+00  0.118609E+06  0.117984E+06  0.000000E+00  0.000000E+00  0.289420E+03  0.117944E+06
  0.795908E+00  0.116705E+06  0.116090E+06  0.000000E+00  0.000000E+00  0.279448E+03  0.116051E+06
  0.803907E+00  0.114831E+06  0.114227E+06  0.000000E+00  0.000000E+00  0.269814E+03  0.114188E+06
  0.811986E+00  0.112985E+06  0.112390E+06  0.000000E+00  0.000000E+00  0.260504E+03  0.112352E+06
  0.820147E+00  0.111167E+06  0.110582E+06  0.000000E+00  0.000000E+00  0.251508E+03  0.110544E+06
  0.828389E+00  0.109378E+06  0.108803E+06  0.000000E+00  0.000000E+00  0.242820E+03  0.108766E+06
  0.836715E+00  0.107616E+06  0.107049E+06  0.000000E+00  0.000000E+00  0.234424E+03  0.107013E+06
  0.845124E+00  0.105881E+06  0.105324E+06  0.000000E+00  0.000000E+00  0.226312E+03  0.105288E+06
  0.853617E+00  0.104173E+06  0.103625E+06  0.000000E+00  0.000000E+00  0.218479E+03  0.103590E+06
  0.862197E+00  0.102491E+06  0.101952E+06  0.000000E+00  0.000000E+00  0.210909E+03  0.101917E+06
  0.870862E+00  0.100836E+06  0.100305E+06  0.000000E+00  0.000000E+00  0.203598E+03  0.100271E+06
  0.879614E+00  0.992066E+05  0.986844E+05  0.000000E+00  0.000000E+00  0.196536E+03  0.986508E+05
  0.888454E+00  0.976018E+05  0.970880E+05  0.000000E+00  0.000000E+00  0.189714E+03  0.970549E+05
  0.897383E+00  0.960228E+05  0.955174E+05  0.000000E+00  0.000000E+00  0.183126E+03  0.954848E+05
  0.906403E+00  0.944675E+05  0.939702E+05  0.000000E+00  0.000000E+00  0.176761E+03  0.939381E+05
  0.915511E+00  0.929366E+05  0.924474E+05  0.000000E+00  0.000000E+00  0.170614E+03  0.924158E+05
  0.924713E+00  0.914302E+05  0.909489E+05  0.000000E+00  0.000000E+00  0.164679E+03  0.909178E+05
  0.934006E+00  0.899461E+05  0.894726E+05  0.000000E+00  0.000000E+00  0.158944E+03  0.894421E+05
  0.943393E+00  0.884860E+05  0.880202E+05  0.000000E+00  0.000000E+00  0.153406E+03  0.879901E+05
  0.952874E+00  0.870487E+05  0.865904E+05  0.000000E+00  0.000000E+00  0.148059E+03  0.865608E+05
  0.962451E+00  0.856333E+05  0.851825E+05  0.000000E+00  0.000000E+00  0.142894E+03  0.851534E+05
  0.972124E+00  0.842406E+05  0.837971E+05  0.000000E+00  0.000000E+00  0.137907E+03  0.837685E+05
  0.981894E+00  0.828690E+05  0.824328E+05  0.000000E+00  0.000000E+00  0.133091E+03  0.824046E+05
  0.991762E+00  0.815197E+05  0.810906E+05  0.000000E+00  0.000000E+00  0.128441E+03  0.810628E+05
  0.100173E+01  0.801908E+05  0.797686E+05  0.000000E+00  0.000000E+00  0.123949E+03  0.797413E+05
  0.101180E+01  0.788829E+05  0.784677E+05  0.000000E+00  0.000000E+00  0.119613E+03  0.784408E+05
  0.102197E+01  0.775958E+05  0.771873E+05  0.000000E+00  0.000000E+00  0.115426E+03  0.771609E+05
  0.103224E+01  0.763282E+05  0.759264E+05  0.000000E+00  0.000000E+00  0.111382E+03  0.759004E+05
  0.104261E+01  0.750815E+05  0.746863E+05  0.000000E+00  0.000000E+00  0.107480E+03  0.746607E+05
  0.105309E+01  0.738536E+05  0.734649E+05  0.000000E+00  0.000000E+00  0.103710E+03  0.734396E+05
  0.106367E+01  0.726456E+05  0.722631E+05  0.000000E+00  0.000000E+00  0.100072E+03  0.722383E+05
  0.107436E+01  0.714563E+05  0.710801E+05  0.000000E+00  0.000000E+00  0.965586E+02  0.710557E+05
  0.108516E+01  0.702860E+05  0.699160E+05  0.000000E+00  0.000000E+00  0.931672E+02  0.698920E+05
  0.109607E+01  0.691341E+05  0.687701E+05  0.000000E+00  0.000000E+00  0.898927E+02  0.687465E+05
  0.110708E+01  0.680004E+05  0.676424E+05  0.000000E+00  0.000000E+00  0.867318E+02  0.676191E+05
  0.111821E+01  0.668847E+05  0.665326E+05  0.000000E+00  0.000000E+00  0.836805E+02  0.665098E+05
  0.112945E+01  0.657866E+05  0.654402E+05  0.000000E+00  0.000000E+00  0.807352E+02  0.654178E+05
  0.114080E+01  0.647063E+05  0.643656E+05  0.000000E+00  0.000000E+00  0.778923E+02  0.643435E+05
  0.115226E+01  0.636425E+05  0.633075E+05  0.000000E+00  0.000000E+00  0.751471E+02  0.632857E+05
  0.116384E+01  0.625963E+05  0.622667E+05  0.000000E+00  0.000000E+00  0.724982E+02  0.622453E+05
  0.117554E+01  0.615662E+05  0.612420E+05  0.000000E+00  0.000000E+00  0.699412E+02  0.612210E+05
  0.118735E+01  0.605528E+05  0.602340E+05  0.000000E+00  0.000000E+00  0.674730E+02  0.602132E+05
  0.119929E+01  0.595551E+05  0.592416E+05  0.000000E+00  0.000000E+00  0.650904E+02  0.592212E+05
  0.121134E+01  0.585737E+05  0.582653E+05  0.000000E+00  0.000000E+00  0.627912E+02  0.582453E+05
  0.122351E+01  0.576076E+05  0.573043E+05  0.000000E+00  0.000000E+00  0.605719E+02  0.572846E+05
  0.123581E+01  0.566572E+05  0.563589E+05  0.000000E+00  0.000000E+00  0.584301E+02  0.563395E+05
  0.124823E+01  0.557215E+05  0.554282E+05  0.000000E+00  0.000000E+00  0.563627E+02  0.554091E+05
  0.126078E+01  0.548012E+05  0.545127E+05  0.000000E+00  0.000000E+00  0.543678E+02  0.544939E+05
  0.127345E+01  0.538953E+05  0.536115E+05  0.000000E+00  0.000000E+00  0.524423E+02  0.535930E+05
  0.128625E+01  0.530040E+05  0.527249E+05  0.000000E+00  0.000000E+00  0.505842E+02  0.527067E+05
  0.129917E+01  0.521268E+05  0.518523E+05  0.000000E+00  0.000000E+00  0.487910E+02  0.518345E+05
  0.131223E+01  0.512637E+05  0.509938E+05  0.000000E+00  0.000000E+00  0.470605E+02  0.509762E+05
  0.132542E+01  0.504146E+05  0.501491E+05  0.000000E+00  0.000000E+00  0.453910E+02  0.501319E+05
  0.133874E+01  0.495789E+05  0.493178E+05  0.000000E+00  0.000000E+00  0.437794E+02  0.493009E+05
  0.135219E+01  0.487569E+05  0.485002E+05  0.000000E+00  0.000000E+00  0.422249E+02  0.484835E+05
  0.136578E+01  0.479477E+05  0.476952E+05  0.000000E+00  0.000000E+00  0.407243E+02  0.476788E+05
  0.137951E+01  0.471520E+05  0.469037E+05  0.000000E+00  0.000000E+00  0.392768E+02  0.468875E+05
  0.139337E+01  0.463688E+05  0.461246E+05  0.000000E+00  0.000000E+00  0.378801E+02  0.461087E+05
  0.140738E+01  0.455983E+05  0.453581E+05  0.000000E+00  0.000000E+00  0.365324E+02  0.453425E+05
  0.142152E+01  0.448402E+05  0.446041E+05  0.000000E+00  0.000000E+00  0.352320E+02  0.445887E+05
  0.143581E+01  0.440942E+05  0.438619E+05  0.000000E+00  0.000000E+00  0.466559E+02  0.438469E+05
  0.145024E+01  0.433605E+05  0.431321E+05  0.000000E+00  0.000000E+00  0.450085E+02  0.431173E+05
  0.146481E+01  0.426383E+05  0.424138E+05  0.000000E+00  0.000000E+00  0.434179E+02  0.423992E+05
  0.147954E+01  0.419279E+05  0.417071E+05  0.000000E+00  0.000000E+00  0.418829E+02  0.416928E+05
  0.149441E+01  0.412291E+05  0.410119E+05  0.000000E+00  0.000000E+00  0.404013E+02  0.409979E+05
  0.150942E+01  0.405414E+05  0.403279E+05  0.000000E+00  0.000000E+00  0.389713E+02  0.403140E+05
  0.152459E+01  0.398650E+05  0.396550E+05  0.000000E+00  0.000000E+00  0.375915E+02  0.396414E+05
  0.153992E+01  0.391995E+05  0.389930E+05  0.000000E+00  0.000000E+00  0.362598E+02  0.389796E+05
  0.155539E+01  0.385446E+05  0.383416E+05  0.000000E+00  0.000000E+00  0.349745E+02  0.383285E+05
  0.157102E+01  0.379007E+05  0.377010E+05  0.000000E+00  0.000000E+00  0.337344E+02  0.376881E+05
  0.158681E+01  0.372670E+05  0.370707E+05  0.000000E+00  0.000000E+00  0.325375E+02  0.370580E+05
  0.160276E+01  0.366436E+05  0.364505E+05  0.000000E+00  0.000000E+00  0.313825E+02  0.364380E+05
  0.161887E+01  0.360304E+05  0.358406E+05  0.000000E+00  0.000000E+00  0.302681E+02  0.358283E+05
  0.163514E+01  0.354272E+05  0.352405E+05  0.000000E+00  0.000000E+00  0.291927E+02  0.352285E+05
  0.165157E+01  0.348337E+05  0.346501E+05  0.000000E+00  0.000000E+00  0.281549E+02  0.346383E+05
  0.166817E+01  0.342499E+05  0.340694E+05  0.000000E+00  0.000000E+00  0.271537E+02  0.340578E+05
  0.168494E+01  0.336756E+05  0.334982E+05  0.000000E+00  0.000000E+00  0.261874E+02  0.334867E+05
  0.170187E+01  0.331106E+05  0.329361E+05  0.000000E+00  0.000000E+00  0.252552E+02  0.329249E+05
  0.171897E+01  0.325549E+05  0.323833E+05  0.000000E+00  0.000000E+00  0.243558E+02  0.323723E+05
  0.173625E+01  0.320083E+05  0.318396E+05  0.000000E+00  0.000000E+00  0.234880E+02  0.318287E+05
  0.175370E+01  0.314705E+05  0.313046E+05  0.000000E+00  0.000000E+00  0.226507E+02  0.312939E+05
  0.177133E+01  0.309414E+05  0.307784E+05  0.000000E+00  0.000000E+00  0.218429E+02  0.307679E+05
  0.178913E+01  0.304212E+05  0.302609E+05  0.000000E+00  0.000000E+00  0.210636E+02  0.302505E+05
  0.180711E+01  0.299095E+05  0.297518E+05  0.000000E+00  0.000000E+00  0.203118E+02  0.297417E+05
  0.182527E+01  0.294060E+05  0.292510E+05  0.000000E+00  0.000000E+00  0.195864E+02  0.292410E+05
  0.184361E+01  0.289108E+05  0.287584E+05  0.000000E+00  0.000000E+00  0.188867E+02  0.287486E+05
  0.186214E+01  0.284238E+05  0.282740E+05  0.000000E+00  0.000000E+00  0.182117E+02  0.282644E+05
  0.188086E+01  0.279448E+05  0.277975E+05  0.000000E+00  0.000000E+00  0.175605E+02  0.277881E+05
  0.189976E+01  0.274737E+05  0.273288E+05  0.000000E+00  0.000000E+00  0.169324E+02  0.273195E+05
  0.191885E+01  0.270102E+05  0.268677E+05  0.000000E+00  0.000000E+00  0.163264E+02  0.268586E+05
  0.193814E+01  0.265543E+05  0.264143E+05  0.000000E+00  0.000000E+00  0.157419E+02  0.264053E+05
  0.195762E+01  0.261060E+05  0.259683E+05  0.000000E+00  0.000000E+00  0.151780E+02  0.259595E+05
  0.197729E+01  0.256650E+05  0.255297E+05  0.000000E+00  0.000000E+00  0.146342E+02  0.255210E+05
  0.199716E+01  0.252313E+05  0.250983E+05  0.000000E+00  0.000000E+00  0.141097E+02  0.250898E+05
  0.201723E+01  0.248048E+05  0.246739E+05  0.000000E+00  0.000000E+00  0.136037E+02  0.246656E+05
  0.203751E+01  0.243852E+05  0.242566E+05  0.000000E+00  0.000000E+00  0.131156E+02  0.242484E+05
  0.205799E+01  0.239726E+05  0.238461E+05  0.000000E+00  0.000000E+00  0.126449E+02  0.238380E+05
  0.207867E+01  0.235667E+05  0.234424E+05  0.000000E+00  0.000000E+00  0.121909E+02  0.234345E+05
  0.209956E+01  0.231677E+05  0.230454E+05  0.000000E+00  0.000000E+00  0.117531E+02  0.230377E+05
  0.212066E+01  0.227751E+05  0.226550E+05  0.000000E+00  0.000000E+00  0.113308E+02  0.226473E+05
  0.214197E+01  0.223891E+05  0.222710E+05  0.000000E+00  0.000000E+00  0.109235E+02  0.222634E+05
  0.216350E+01  0.220094E+05  0.218933E+05  0.000000E+00  0.000000E+00  0.105306E+02  0.218859E+05
  0.218525E+01  0.216360E+05  0.215218E+05  0.000000E+00  0.000000E+00  0.101518E+02  0.215146E+05
  0.220721E+01  0.212688E+05  0.211565E+05  0.000000E+00  0.000000E+00  0.978650E+01  0.211494E+05
  0.222939E+01  0.209077E+05  0.207973E+05  0.000000E+00  0.000000E+00  0.943416E+01  0.207903E+05
  0.225180E+01  0.205525E+05  0.204440E+05  0.000000E+00  0.000000E+00  0.909439E+01  0.204371E+05
  0.227443E+01  0.202032E+05  0.200966E+05  0.000000E+00  0.000000E+00  0.876674E+01  0.200898E+05
  0.229728E+01  0.198598E+05  0.197549E+05  0.000000E+00  0.000000E+00  0.845083E+01  0.197483E+05
  0.232037E+01  0.195220E+05  0.194189E+05  0.000000E+00  0.000000E+00  0.814612E+01  0.194124E+05
  0.234369E+01  0.191899E+05  0.190885E+05  0.000000E+00  0.000000E+00  0.785232E+01  0.190822E+05
  0.236725E+01  0.188632E+05  0.187636E+05  0.000000E+00  0.000000E+00  0.756901E+01  0.187574E+05
  0.239104E+01  0.185421E+05  0.184441E+05  0.000000E+00  0.000000E+00  0.729585E+01  0.184380E+05
  0.241507E+01  0.182262E+05  0.181299E+05  0.000000E+00  0.000000E+00  0.703243E+01  0.181239E+05
  0.243934E+01  0.179156E+05  0.178209E+05  0.000000E+00  0.000000E+00  0.677842E+01  0.178150E+05
  0.246386E+01  0.176102E+05  0.175171E+05  0.000000E+00  0.000000E+00  0.653354E+01  0.175113E+05
  0.248862E+01  0.173098E+05  0.172184E+05  0.000000E+00  0.000000E+00  0.629740E+01  0.172127E+05
  0.251363E+01  0.170145E+05  0.169246E+05  0.000000E+00  0.000000E+00  0.606974E+01  0.169190E+05
  0.253889E+01  0.167241E+05  0.166357E+05  0.000000E+00  0.000000E+00  0.585021E+01  0.166302E+05
  0.256441E+01  0.164385E+05  0.163516E+05  0.000000E+00  0.000000E+00  0.563854E+01  0.163462E+05
  0.259018E+01  0.161577E+05  0.160723E+05  0.000000E+00  0.000000E+00  0.543452E+01  0.160670E+05
  0.261621E+01  0.158816E+05  0.157977E+05  0.000000E+00  0.000000E+00  0.523777E+01  0.157925E+05
  0.264251E+01  0.156101E+05  0.155276E+05  0.000000E+00  0.000000E+00  0.504806E+01  0.155225E+05
  0.266906E+01  0.153431E+05  0.152620E+05  0.000000E+00  0.000000E+00  0.486520E+01  0.152570E+05
  0.269589E+01  0.150806E+05  0.150009E+05  0.000000E+00  0.000000E+00  0.468890E+01  0.149960E+05
  0.272298E+01  0.148225E+05  0.147441E+05  0.000000E+00  0.000000E+00  0.451893E+01  0.147393E+05
  0.275035E+01  0.145687E+05  0.144917E+05  0.000000E+00  0.000000E+00  0.435506E+01  0.144869E+05
  0.277799E+01  0.143192E+05  0.142434E+05  0.000000E+00  0.000000E+00  0.419709E+01  0.142388E+05
  0.280591E+01  0.140738E+05  0.139994E+05  0.000000E+00  0.000000E+00  0.404481E+01  0.139948E+05
  0.283411E+01  0.138326E+05  0.137594E+05  0.000000E+00  0.000000E+00  0.389802E+01  0.137549E+05
  0.286259E+01  0.135954E+05  0.135234E+05  0.000000E+00  0.000000E+00  0.375650E+01  0.135191E+05
  0.289136E+01  0.133622E+05  0.132914E+05  0.000000E+00  0.000000E+00  0.362007E+01  0.132871E+05
  0.292042E+01  0.131329E+05  0.130634E+05  0.000000E+00  0.000000E+00  0.348855E+01  0.130591E+05
  0.294977E+01  0.129075E+05  0.128391E+05  0.000000E+00  0.000000E+00  0.336179E+01  0.128350E+05
  0.297942E+01  0.126858E+05  0.126186E+05  0.000000E+00  0.000000E+00  0.323959E+01  0.126146E+05
  0.300936E+01  0.124679E+05  0.124018E+05  0.000000E+00  0.000000E+00  0.312181E+01  0.123978E+05
  0.303961E+01  0.122536E+05  0.121887E+05  0.000000E+00  0.000000E+00  0.300825E+01  0.121848E+05
  0.307015E+01  0.120430E+05  0.119792E+05  0.000000E+00  0.000000E+00  0.289883E+01  0.119753E+05
  0.310101E+01  0.118359E+05  0.117731E+05  0.000000E+00  0.000000E+00  0.279332E+01  0.117694E+05
  0.313218E+01  0.116322E+05  0.115706E+05  0.000000E+00  0.000000E+00  0.269165E+01  0.115669E+05
  0.316366E+01  0.114321E+05  0.113715E+05  0.000000E+00  0.000000E+00  0.259364E+01  0.113678E+05
  0.319545E+01  0.112352E+05  0.111757E+05  0.000000E+00  0.000000E+00  0.249918E+01  0.111721E+05
  0.322756E+01  0.110417E+05  0.109832E+05  0.000000E+00  0.000000E+00  0.240813E+01  0.109797E+05
  0.326000E+01  0.108515E+05  0.107940E+05  0.000000E+00  0.000000E+00  0.232038E+01  0.107905E+05
  0.329277E+01  0.106645E+05  0.106079E+05  0.000000E+00  0.000000E+00  0.223578E+01  0.106046E+05
  0.332586E+01  0.104806E+05  0.104250E+05  0.000000E+00  0.000000E+00  0.215427E+01  0.104217E+05
  0.335928E+01  0.102999E+05  0.102452E+05  0.000000E+00  0.000000E+00  0.207570E+01  0.102420E+05
  0.339305E+01  0.101222E+05  0.100684E+05  0.000000E+00  0.000000E+00  0.199997E+01  0.100653E+05
  0.342715E+01  0.994748E+04  0.989467E+04  0.000000E+00  0.000000E+00  0.192700E+01  0.989159E+04
  0.346159E+01  0.977575E+04  0.972384E+04  0.000000E+00  0.000000E+00  0.185666E+01  0.972082E+04
  0.349638E+01  0.960693E+04  0.955591E+04  0.000000E+00  0.000000E+00  0.178887E+01  0.955295E+04
  0.353152E+01  0.944095E+04  0.939080E+04  0.000000E+00  0.000000E+00  0.172355E+01  0.938790E+04
  0.356701E+01  0.927780E+04  0.922851E+04  0.000000E+00  0.000000E+00  0.166059E+01  0.922566E+04
  0.360286E+01  0.911742E+04  0.906897E+04  0.000000E+00  0.000000E+00  0.159992E+01  0.906618E+04
  0.363907E+01  0.895976E+04  0.891213E+04  0.000000E+00  0.000000E+00  0.154145E+01  0.890940E+04
  0.367564E+01  0.880475E+04  0.875794E+04  0.000000E+00  0.000000E+00  0.148509E+01  0.875527E+04
  0.371258E+01  0.865239E+04  0.860638E+04  0.000000E+00  0.000000E+00  0.143079E+01  0.860376E+04
  0.374990E+01  0.850260E+04  0.845738E+04  0.000000E+00  0.000000E+00  0.137846E+01  0.845481E+04
  0.378758E+01  0.835539E+04  0.831093E+04  0.000000E+00  0.000000E+00  0.132803E+01  0.830842E+04
  0.382565E+01  0.821064E+04  0.816695E+04  0.000000E+00  0.000000E+00  0.127944E+01  0.816449E+04
  0.386410E+01  0.806837E+04  0.802542E+04  0.000000E+00  0.000000E+00  0.123261E+01  0.802301E+04
  0.390293E+01  0.792851E+04  0.788630E+04  0.000000E+00  0.000000E+00  0.118749E+01  0.788394E+04
  0.394216E+01  0.779104E+04  0.774955E+04  0.000000E+00  0.000000E+00  0.114401E+01  0.774724E+04
  0.398178E+01  0.765591E+04  0.761512E+04  0.000000E+00  0.000000E+00  0.110211E+01  0.761287E+04
  0.402179E+01  0.752308E+04  0.748299E+04  0.000000E+00  0.000000E+00  0.106173E+01  0.748078E+04
  0.406221E+01  0.739250E+04  0.735309E+04  0.000000E+00  0.000000E+00  0.102282E+01  0.735093E+04
  0.410304E+01  0.726417E+04  0.722544E+04  0.000000E+00  0.000000E+00  0.985334E+00  0.722332E+04
  0.414427E+01  0.713802E+04  0.709994E+04  0.000000E+00  0.000000E+00  0.949211E+00  0.709788E+04
  0.418593E+01  0.701401E+04  0.697659E+04  0.000000E+00  0.000000E+00  0.914411E+00  0.697457E+04
  0.422800E+01  0.689212E+04  0.685534E+04  0.000000E+00  0.000000E+00  0.880870E+00  0.685336E+04
  0.427049E+01  0.677233E+04  0.673617E+04  0.000000E+00  0.000000E+00  0.848557E+00  0.673424E+04
  0.431341E+01  0.665457E+04  0.661903E+04  0.000000E+00  0.000000E+00  0.817424E+00  0.661714E+04
  0.435676E+01  0.653882E+04  0.650388E+04  0.000000E+00  0.000000E+00  0.787426E+00  0.650204E+04
  0.440054E+01  0.642504E+04  0.639071E+04  0.000000E+00  0.000000E+00  0.758521E+00  0.638890E+04
  0.444477E+01  0.631322E+04  0.627947E+04  0.000000E+00  0.000000E+00  0.730669E+00  0.627771E+04
  0.448944E+01  0.620330E+04  0.617013E+04  0.000000E+00  0.000000E+00  0.703839E+00  0.616841E+04
  0.453456E+01  0.609527E+04  0.606266E+04  0.000000E+00  0.000000E+00  0.677984E+00  0.606098E+04
  0.458013E+01  0.598908E+04  0.595703E+04  0.000000E+00  0.000000E+00  0.653075E+00  0.595538E+04
  0.462616E+01  0.588472E+04  0.585322E+04  0.000000E+00  0.000000E+00  0.629078E+00  0.585161E+04
  0.467266E+01  0.578214E+04  0.575117E+04  0.000000E+00  0.000000E+00  0.605959E+00  0.574960E+04
  0.471962E+01  0.568132E+04  0.565088E+04  0.000000E+00  0.000000E+00  0.583680E+00  0.564935E+04
  0.476705E+01  0.558222E+04  0.555231E+04  0.000000E+00  0.000000E+00  0.562218E+00  0.555081E+04
  0.481496E+01  0.548483E+04  0.545542E+04  0.000000E+00  0.000000E+00  0.541544E+00  0.545396E+04
  0.486335E+01  0.538912E+04  0.536021E+04  0.000000E+00  0.000000E+00  0.521622E+00  0.535878E+04
  0.491223E+01  0.529504E+04  0.526662E+04  0.000000E+00  0.000000E+00  0.502432E+00  0.526523E+04
  0.496160E+01  0.520257E+04  0.517464E+04  0.000000E+00  0.000000E+00  0.483944E+00  0.517329E+04
  0.501147E+01  0.511169E+04  0.508424E+04  0.000000E+00  0.000000E+00  0.466133E+00  0.508292E+04
  0.506183E+01  0.502239E+04  0.499540E+04  0.000000E+00  0.000000E+00  0.448976E+00  0.499411E+04
  0.511270E+01  0.493461E+04  0.490808E+04  0.000000E+00  0.000000E+00  0.432444E+00  0.490682E+04
  0.516409E+01  0.484834E+04  0.482226E+04  0.000000E+00  0.000000E+00  0.416518E+00  0.482104E+04
  0.521599E+01  0.476355E+04  0.473792E+04  0.000000E+00  0.000000E+00  0.401177E+00  0.473672E+04
  0.526840E+01  0.468022E+04  0.465503E+04  0.000000E+00  0.000000E+00  0.386397E+00  0.465387E+04
  0.532135E+01  0.459832E+04  0.457356E+04  0.000000E+00  0.000000E+00  0.372158E+00  0.457243E+04
  0.537484E+01  0.451784E+04  0.449350E+04  0.000000E+00  0.000000E+00  0.358442E+00  0.449239E+04
  0.542885E+01  0.443874E+04  0.441481E+04  0.000000E+00  0.000000E+00  0.345230E+00  0.441374E+04
  0.548341E+01  0.436101E+04  0.433749E+04  0.000000E+00  0.000000E+00  0.332506E+00  0.433644E+04
  0.553852E+01  0.428461E+04  0.426149E+04  0.000000E+00  0.000000E+00  0.320243E+00  0.426047E+04
  0.559419E+01  0.420954E+04  0.418681E+04  0.000000E+00  0.000000E+00  0.308433E+00  0.418582E+04
  0.565041E+01  0.413575E+04  0.411341E+04  0.000000E+00  0.000000E+00  0.297056E+00  0.411245E+04
  0.570719E+01  0.406325E+04  0.404129E+04  0.000000E+00  0.000000E+00  0.286096E+00  0.404035E+04
  0.576455E+01  0.399199E+04  0.397040E+04  0.000000E+00  0.000000E+00  0.275539E+00  0.396950E+04
  0.582249E+01  0.392196E+04  0.390074E+04  0.000000E+00  0.000000E+00  0.265370E+00  0.389986E+04
  0.588101E+01  0.385315E+04  0.383228E+04  0.000000E+00  0.000000E+00  0.255575E+00  0.383143E+04
  0.594011E+01  0.378552E+04  0.376501E+04  0.000000E+00  0.000000E+00  0.246138E+00  0.376418E+04
  0.599981E+01  0.371906E+04  0.369890E+04  0.000000E+00  0.000000E+00  0.237051E+00  0.369809E+04
  0.606011E+01  0.365374E+04  0.363392E+04  0.000000E+00  0.000000E+00  0.228296E+00  0.363314E+04
  0.612102E+01  0.358956E+04  0.357008E+04  0.000000E+00  0.000000E+00  0.219862E+00  0.356932E+04
  0.618253E+01  0.352649E+04  0.350733E+04  0.000000E+00  0.000000E+00  0.211739E+00  0.350660E+04
  0.624467E+01  0.346451E+04  0.344568E+04  0.000000E+00  0.000000E+00  0.203917E+00  0.344497E+04
  0.630743E+01  0.340361E+04  0.338509E+04  0.000000E+00  0.000000E+00  0.196381E+00  0.338440E+04
  0.637082E+01  0.334375E+04  0.332555E+04  0.000000E+00  0.000000E+00  0.189122E+00  0.332489E+04
  0.643485E+01  0.328494E+04  0.326705E+04  0.000000E+00  0.000000E+00  0.182131E+00  0.326640E+04
  0.649952E+01  0.322715E+04  0.320956E+04  0.000000E+00  0.000000E+00  0.175397E+00  0.320894E+04
  0.656484E+01  0.317035E+04  0.315306E+04  0.000000E+00  0.000000E+00  0.168911E+00  0.315246E+04
  0.663082E+01  0.311454E+04  0.309754E+04  0.000000E+00  0.000000E+00  0.162664E+00  0.309696E+04
  0.669746E+01  0.305970E+04  0.304299E+04  0.000000E+00  0.000000E+00  0.156645E+00  0.304243E+04
  0.676476E+01  0.300582E+04  0.298939E+04  0.000000E+00  0.000000E+00  0.150850E+00  0.298885E+04
  0.683275E+01  0.295286E+04  0.293671E+04  0.000000E+00  0.000000E+00  0.145269E+00  0.293619E+04
  0.690143E+01  0.290083E+04  0.288494E+04  0.000000E+00  0.000000E+00  0.139892E+00  0.288444E+04
  0.697079E+01  0.284969E+04  0.283408E+04  0.000000E+00  0.000000E+00  0.134715E+00  0.283360E+04
  0.704084E+01  0.279946E+04  0.278410E+04  0.000000E+00  0.000000E+00  0.129727E+00  0.278364E+04
  0.711160E+01  0.275009E+04  0.273499E+04  0.000000E+00  0.000000E+00  0.124924E+00  0.273455E+04
  0.718308E+01  0.270157E+04  0.268673E+04  0.000000E+00  0.000000E+00  0.120297E+00  0.268631E+04
  0.725527E+01  0.265391E+04  0.263931E+04  0.000000E+00  0.000000E+00  0.115842E+00  0.263891E+04
  0.732818E+01  0.260707E+04  0.259272E+04  0.000000E+00  0.000000E+00  0.111552E+00  0.259234E+04
  0.740183E+01  0.256105E+04  0.254694E+04  0.000000E+00  0.000000E+00  0.107418E+00  0.254657E+04
  0.747622E+01  0.251583E+04  0.250196E+04  0.000000E+00  0.000000E+00  0.103438E+00  0.250161E+04
  0.755136E+01  0.247140E+04  0.245775E+04  0.000000E+00  0.000000E+00  0.996052E-01  0.245742E+04
  0.762725E+01  0.242774E+04  0.241432E+04  0.000000E+00  0.000000E+00  0.959141E-01  0.241401E+04
  0.770391E+01  0.238484E+04  0.237165E+04  0.000000E+00  0.000000E+00  0.923585E-01  0.237135E+04
  0.778133E+01  0.234268E+04  0.232971E+04  0.000000E+00  0.000000E+00  0.889342E-01  0.232943E+04
  0.785954E+01  0.230127E+04  0.228851E+04  0.000000E+00  0.000000E+00  0.856361E-01  0.228824E+04
  0.793853E+01  0.226057E+04  0.224803E+04  0.000000E+00  0.000000E+00  0.824601E-01  0.224778E+04
  0.801831E+01  0.222059E+04  0.220825E+04  0.000000E+00  0.000000E+00  0.794024E-01  0.220802E+04
  0.809890E+01  0.218130E+04  0.216917E+04  0.000000E+00  0.000000E+00  0.764561E-01  0.216895E+04
  0.818029E+01  0.214270E+04  0.213077E+04  0.000000E+00  0.000000E+00  0.736198E-01  0.213057E+04
  0.826251E+01  0.210477E+04  0.209304E+04  0.000000E+00  0.000000E+00  0.708884E-01  0.209285E+04
  0.834554E+01  0.206751E+04  0.205598E+04  0.000000E+00  0.000000E+00  0.682575E-01  0.205580E+04
  0.842942E+01  0.203090E+04  0.201955E+04  0.000000E+00  0.000000E+00  0.657245E-01  0.201939E+04
  0.851414E+01  0.199492E+04  0.198376E+04  0.000000E+00  0.000000E+00  0.632845E-01  0.198362E+04
  0.859971E+01  0.195958E+04  0.194860E+04  0.000000E+00  0.000000E+00  0.609344E-01  0.194847E+04
  0.868613E+01  0.192485E+04  0.191406E+04  0.000000E+00  0.000000E+00  0.586724E-01  0.191394E+04
  0.877343E+01  0.189073E+04  0.188012E+04  0.000000E+00  0.000000E+00  0.564938E-01  0.188001E+04
  0.886161E+01  0.185721E+04  0.184677E+04  0.000000E+00  0.000000E+00  0.543954E-01  0.184667E+04
  0.895067E+01  0.182427E+04  0.181400E+04  0.000000E+00  0.000000E+00  0.523745E-01  0.181392E+04
  0.904062E+01  0.179191E+04  0.178181E+04  0.000000E+00  0.000000E+00  0.504292E-01  0.178174E+04
  0.913148E+01  0.176012E+04  0.175018E+04  0.000000E+00  0.000000E+00  0.485554E-01  0.175013E+04
  0.922325E+01  0.172888E+04  0.171911E+04  0.000000E+00  0.000000E+00  0.467513E-01  0.171907E+04
  0.931595E+01  0.169819E+04  0.168858E+04  0.000000E+00  0.000000E+00  0.450138E-01  0.168855E+04
  0.940957E+01  0.166804E+04  0.165859E+04  0.000000E+00  0.000000E+00  0.433408E-01  0.165857E+04
  0.950414E+01  0.163842E+04  0.162912E+04  0.000000E+00  0.000000E+00  0.417294E-01  0.162911E+04
  0.959966E+01  0.160932E+04  0.160017E+04  0.000000E+00  0.000000E+00  0.401778E-01  0.160017E+04
  0.969614E+01  0.158072E+04  0.157172E+04  0.000000E+00  0.000000E+00  0.386839E-01  0.157174E+04
  0.979358E+01  0.155263E+04  0.154378E+04  0.000000E+00  0.000000E+00  0.372452E-01  0.154381E+04
  0.989201E+01  0.152504E+04  0.151632E+04  0.000000E+00  0.000000E+00  0.358603E-01  0.151636E+04
  0.999143E+01  0.149792E+04  0.148935E+04  0.000000E+00  0.000000E+00  0.345262E-01  0.148940E+04
  0.100918E+02  0.147128E+04  0.146285E+04  0.000000E+00  0.000000E+00  0.332419E-01  0.146291E+04
  0.101933E+02  0.144511E+04  0.143682E+04  0.000000E+00  0.000000E+00  0.320048E-01  0.143689E+04
  0.102957E+02  0.141941E+04  0.141124E+04  0.000000E+00  0.000000E+00  0.308143E-01  0.141133E+04
  0.103992E+02  0.139415E+04  0.138612E+04  0.000000E+00  0.000000E+00  0.296674E-01  0.138621E+04
  0.105037E+02  0.136933E+04  0.136143E+04  0.000000E+00  0.000000E+00  0.285631E-01  0.136153E+04
  0.106093E+02  0.134496E+04  0.133718E+04  0.000000E+00  0.000000E+00  0.275000E-01  0.133729E+04
  0.107159E+02  0.132101E+04  0.131336E+04  0.000000E+00  0.000000E+00  0.264761E-01  0.131348E+04
  0.108236E+02  0.129748E+04  0.128995E+04  0.000000E+00  0.000000E+00  0.254902E-01  0.129008E+04
  0.109324E+02  0.127436E+04  0.126696E+04  0.000000E+00  0.000000E+00  0.245413E-01  0.126710E+04
  0.110422E+02  0.125166E+04  0.124437E+04  0.000000E+00  0.000000E+00  0.236272E-01  0.124452E+04
  0.111532E+02  0.122935E+04  0.122218E+04  0.000000E+00  0.000000E+00  0.227472E-01  0.122234E+04
  0.112653E+02  0.120744E+04  0.120038E+04  0.000000E+00  0.000000E+00  0.219000E-01  0.120054E+04
  0.113785E+02  0.118591E+04  0.117896E+04  0.000000E+00  0.000000E+00  0.210841E-01  0.117914E+04
  0.114929E+02  0.116476E+04  0.115792E+04  0.000000E+00  0.000000E+00  0.202984E-01  0.115810E+04
  0.116084E+02  0.114399E+04  0.113725E+04  0.000000E+00  0.000000E+00  0.195421E-01  0.113745E+04
  0.117251E+02  0.112357E+04  0.111695E+04  0.000000E+00  0.000000E+00  0.188138E-01  0.111715E+04
  0.118429E+02  0.110352E+04  0.109700E+04  0.000000E+00  0.000000E+00  0.181126E-01  0.109721E+04
  0.119619E+02  0.108383E+04  0.107741E+04  0.000000E+00  0.000000E+00  0.174374E-01  0.107762E+04
  0.120821E+02  0.106448E+04  0.105816E+04  0.000000E+00  0.000000E+00  0.167873E-01  0.105839E+04
  0.122036E+02  0.104547E+04  0.103925E+04  0.000000E+00  0.000000E+00  0.161615E-01  0.103948E+04
  0.123262E+02  0.102680E+04  0.102067E+04  0.000000E+00  0.000000E+00  0.155587E-01  0.102092E+04
  0.124501E+02  0.100846E+04  0.100242E+04  0.000000E+00  0.000000E+00  0.149785E-01  0.100268E+04
  0.125752E+02  0.990439E+03  0.984501E+03  0.000000E+00  0.000000E+00  0.144200E-01  0.984760E+03
  0.127016E+02  0.972739E+03  0.966892E+03  0.000000E+00  0.000000E+00  0.138821E-01  0.967158E+03
  0.128293E+02  0.955351E+03  0.949594E+03  0.000000E+00  0.000000E+00  0.133641E-01  0.949868E+03
  0.129582E+02  0.938270E+03  0.932601E+03  0.000000E+00  0.000000E+00  0.128656E-01  0.932882E+03
  0.130884E+02  0.921491E+03  0.915909E+03  0.000000E+00  0.000000E+00  0.123855E-01  0.916198E+03
  0.132200E+02  0.905011E+03  0.899514E+03  0.000000E+00  0.000000E+00  0.119235E-01  0.899809E+03
  0.133528E+02  0.888820E+03  0.883407E+03  0.000000E+00  0.000000E+00  0.114783E-01  0.883709E+03
  0.134870E+02  0.872916E+03  0.867585E+03  0.000000E+00  0.000000E+00  0.110499E-01  0.867894E+03
  0.136226E+02  0.857294E+03  0.852043E+03  0.000000E+00  0.000000E+00  0.106373E-01  0.852359E+03
  0.137595E+02  0.841949E+03  0.836778E+03  0.000000E+00  0.000000E+00  0.102404E-01  0.837101E+03
  0.138978E+02  0.826875E+03  0.821781E+03  0.000000E+00  0.000000E+00  0.985797E-02  0.822110E+03
  0.140374E+02  0.812067E+03  0.807049E+03  0.000000E+00  0.000000E+00  0.948979E-02  0.807385E+03
  0.141785E+02  0.797522E+03  0.792579E+03  0.000000E+00  0.000000E+00  0.913553E-02  0.792921E+03
  0.143210E+02  0.783235E+03  0.778366E+03  0.000000E+00  0.000000E+00  0.879440E-02  0.778715E+03
  0.144649E+02  0.769201E+03  0.764404E+03  0.000000E+00  0.000000E+00  0.846587E-02  0.764759E+03
  0.146103E+02  0.755415E+03  0.750689E+03  0.000000E+00  0.000000E+00  0.814956E-02  0.751050E+03
  0.147572E+02  0.741874E+03  0.737217E+03  0.000000E+00  0.000000E+00  0.784511E-02  0.737585E+03
  0.149055E+02  0.728574E+03  0.723986E+03  0.000000E+00  0.000000E+00  0.755199E-02  0.724359E+03
  0.150553E+02  0.715508E+03  0.710988E+03  0.000000E+00  0.000000E+00  0.726981E-02  0.711367E+03
  0.152066E+02  0.702675E+03  0.698220E+03  0.000000E+00  0.000000E+00  0.699809E-02  0.698605E+03
  0.153594E+02  0.690069E+03  0.685679E+03  0.000000E+00  0.000000E+00  0.673651E-02  0.686070E+03
  0.155138E+02  0.677688E+03  0.673361E+03  0.000000E+00  0.000000E+00  0.648469E-02  0.673758E+03
  0.156697E+02  0.665525E+03  0.661261E+03  0.000000E+00  0.000000E+00  0.624238E-02  0.661663E+03
  0.158272E+02  0.653579E+03  0.649376E+03  0.000000E+00  0.000000E+00  0.600903E-02  0.649784E+03
  0.159862E+02  0.641845E+03  0.637702E+03  0.000000E+00  0.000000E+00  0.578423E-02  0.638115E+03
  0.161469E+02  0.630320E+03  0.626237E+03  0.000000E+00  0.000000E+00  0.556796E-02  0.626655E+03
  0.163092E+02  0.619000E+03  0.614974E+03  0.000000E+00  0.000000E+00  0.535976E-02  0.615397E+03
  0.164731E+02  0.607880E+03  0.603911E+03  0.000000E+00  0.000000E+00  0.515931E-02  0.604340E+03
  0.166386E+02  0.596958E+03  0.593045E+03  0.000000E+00  0.000000E+00  0.496637E-02  0.593479E+03
  0.168059E+02  0.586230E+03  0.582372E+03  0.000000E+00  0.000000E+00  0.478059E-02  0.582811E+03
  0.169748E+02  0.575693E+03  0.571890E+03  0.000000E+00  0.000000E+00  0.460173E-02  0.572333E+03
  0.171454E+02  0.565344E+03  0.561593E+03  0.000000E+00  0.000000E+00  0.442947E-02  0.562041E+03
  0.173177E+02  0.555178E+03  0.551479E+03  0.000000E+00  0.000000E+00  0.426382E-02  0.551933E+03
  0.174917E+02  0.545194E+03  0.541546E+03  0.000000E+00  0.000000E+00  0.410420E-02  0.542004E+03
  0.176675E+02  0.535388E+03  0.531790E+03  0.000000E+00  0.000000E+00  0.395062E-02  0.532253E+03
  0.178451E+02  0.525755E+03  0.522207E+03  0.000000E+00  0.000000E+00  0.380271E-02  0.522674E+03
  0.180244E+02  0.516294E+03  0.512794E+03  0.000000E+00  0.000000E+00  0.366041E-02  0.513266E+03
  0.182056E+02  0.507002E+03  0.503549E+03  0.000000E+00  0.000000E+00  0.352335E-02  0.504026E+03
  0.183885E+02  0.497876E+03  0.494469E+03  0.000000E+00  0.000000E+00  0.339140E-02  0.494951E+03
  0.185734E+02  0.488912E+03  0.485551E+03  0.000000E+00  0.000000E+00  0.326441E-02  0.486037E+03
  0.187600E+02  0.480108E+03  0.476791E+03  0.000000E+00  0.000000E+00  0.314215E-02  0.477281E+03
  0.189486E+02  0.471460E+03  0.468188E+03  0.000000E+00  0.000000E+00  0.302452E-02  0.468682E+03
  0.191390E+02  0.462968E+03  0.459739E+03  0.000000E+00  0.000000E+00  0.291122E-02  0.460237E+03
  0.193313E+02  0.454626E+03  0.451439E+03  0.000000E+00  0.000000E+00  0.280216E-02  0.451942E+03
  0.195256E+02  0.446433E+03  0.443288E+03  0.000000E+00  0.000000E+00  0.269719E-02  0.443795E+03
  0.197219E+02  0.438386E+03  0.435282E+03  0.000000E+00  0.000000E+00  0.259613E-02  0.435793E+03
  0.199201E+02  0.430484E+03  0.427419E+03  0.000000E+00  0.000000E+00  0.249885E-02  0.427934E+03
  0.201203E+02  0.422722E+03  0.419697E+03  0.000000E+00  0.000000E+00  0.240525E-02  0.420216E+03
  0.203225E+02  0.415098E+03  0.412112E+03  0.000000E+00  0.000000E+00  0.231507E-02  0.412635E+03
  0.205267E+02  0.407611E+03  0.404662E+03  0.000000E+00  0.000000E+00  0.222829E-02  0.405189E+03
  0.207330E+02  0.400258E+03  0.397346E+03  0.000000E+00  0.000000E+00  0.214479E-02  0.397877E+03
  0.209414E+02  0.393035E+03  0.390160E+03  0.000000E+00  0.000000E+00  0.206439E-02  0.390695E+03
  0.211519E+02  0.385942E+03  0.383103E+03  0.000000E+00  0.000000E+00  0.198697E-02  0.383641E+03
  0.213644E+02  0.378975E+03  0.376171E+03  0.000000E+00  0.000000E+00  0.191252E-02  0.376713E+03
  0.215791E+02  0.372134E+03  0.369365E+03  0.000000E+00  0.000000E+00  0.184080E-02  0.369910E+03
  0.217960E+02  0.365414E+03  0.362679E+03  0.000000E+00  0.000000E+00  0.177173E-02  0.363228E+03
  0.220151E+02  0.358815E+03  0.356112E+03  0.000000E+00  0.000000E+00  0.170529E-02  0.356665E+03
  0.222363E+02  0.352333E+03  0.349663E+03  0.000000E+00  0.000000E+00  0.164136E-02  0.350220E+03
  0.224598E+02  0.345968E+03  0.343330E+03  0.000000E+00  0.000000E+00  0.157979E-02  0.343890E+03
  0.226855E+02  0.339716E+03  0.337110E+03  0.000000E+00  0.000000E+00  0.152048E-02  0.337673E+03
  0.229135E+02  0.333577E+03  0.331001E+03  0.000000E+00  0.000000E+00  0.146347E-02  0.331568E+03
  0.231438E+02  0.327547E+03  0.325001E+03  0.000000E+00  0.000000E+00  0.140853E-02  0.325571E+03
  0.233764E+02  0.321625E+03  0.319109E+03  0.000000E+00  0.000000E+00  0.135568E-02  0.319682E+03
  0.236113E+02  0.315810E+03  0.313323E+03  0.000000E+00  0.000000E+00  0.130482E-02  0.313899E+03
  0.238487E+02  0.310098E+03  0.307640E+03  0.000000E+00  0.000000E+00  0.125585E-02  0.308219E+03
  0.240883E+02  0.304488E+03  0.302058E+03  0.000000E+00  0.000000E+00  0.120872E-02  0.302641E+03
  0.243304E+02  0.298979E+03  0.296577E+03  0.000000E+00  0.000000E+00  0.116333E-02  0.297163E+03
  0.245749E+02  0.293570E+03  0.291194E+03  0.000000E+00  0.000000E+00  0.111967E-02  0.291783E+03
  0.248219E+02  0.288256E+03  0.285907E+03  0.000000E+00  0.000000E+00  0.107764E-02  0.286500E+03
  0.250714E+02  0.283038E+03  0.280715E+03  0.000000E+00  0.000000E+00  0.103716E-02  0.281311E+03
  0.253234E+02  0.277914E+03  0.275616E+03  0.000000E+00  0.000000E+00  0.998224E-03  0.276215E+03
  0.255779E+02  0.272882E+03  0.270609E+03  0.000000E+00  0.000000E+00  0.960709E-03  0.271211E+03
  0.258349E+02  0.267939E+03  0.265691E+03  0.000000E+00  0.000000E+00  0.924636E-03  0.266296E+03
  0.260946E+02  0.263086E+03  0.260862E+03  0.000000E+00  0.000000E+00  0.889916E-03  0.261469E+03
  0.263568E+02  0.258319E+03  0.256119E+03  0.000000E+00  0.000000E+00  0.856473E-03  0.256729E+03
  0.266217E+02  0.253639E+03  0.251462E+03  0.000000E+00  0.000000E+00  0.824311E-03  0.252075E+03
  0.268893E+02  0.249042E+03  0.246887E+03  0.000000E+00  0.000000E+00  0.793338E-03  0.247503E+03
  0.271595E+02  0.244527E+03  0.242395E+03  0.000000E+00  0.000000E+00  0.763530E-03  0.243014E+03
  0.274325E+02  0.240094E+03  0.237984E+03  0.000000E+00  0.000000E+00  0.734838E-03  0.238605E+03
  0.277082E+02  0.235741E+03  0.233652E+03  0.000000E+00  0.000000E+00  0.707210E-03  0.234276E+03
  0.279866E+02  0.231465E+03  0.229397E+03  0.000000E+00  0.000000E+00  0.680629E-03  0.230024E+03
  0.282679E+02  0.227266E+03  0.225219E+03  0.000000E+00  0.000000E+00  0.655049E-03  0.225849E+03
  0.285520E+02  0.223143E+03  0.221116E+03  0.000000E+00  0.000000E+00  0.630420E-03  0.221748E+03
  0.288390E+02  0.219094E+03  0.217087E+03  0.000000E+00  0.000000E+00  0.606707E-03  0.217722E+03
  0.291288E+02  0.215118E+03  0.213130E+03  0.000000E+00  0.000000E+00  0.583905E-03  0.213768E+03
  0.294216E+02  0.211213E+03  0.209245E+03  0.000000E+00  0.000000E+00  0.561948E-03  0.209885E+03
  0.297173E+02  0.207379E+03  0.205429E+03  0.000000E+00  0.000000E+00  0.540823E-03  0.206071E+03
  0.300159E+02  0.203613E+03  0.201681E+03  0.000000E+00  0.000000E+00  0.520480E-03  0.202327E+03
  0.303176E+02  0.199915E+03  0.198002E+03  0.000000E+00  0.000000E+00  0.500907E-03  0.198649E+03
  0.306223E+02  0.196284E+03  0.194388E+03  0.000000E+00  0.000000E+00  0.482050E-03  0.195038E+03
  0.309300E+02  0.192718E+03  0.190839E+03  0.000000E+00  0.000000E+00  0.463913E-03  0.191492E+03
  0.312409E+02  0.189216E+03  0.187354E+03  0.000000E+00  0.000000E+00  0.446464E-03  0.188009E+03
  0.315549E+02  0.185777E+03  0.183933E+03  0.000000E+00  0.000000E+00  0.429680E-03  0.184590E+03
  0.318720E+02  0.182401E+03  0.180572E+03  0.000000E+00  0.000000E+00  0.413500E-03  0.181232E+03
  0.321923E+02  0.179085E+03  0.177272E+03  0.000000E+00  0.000000E+00  0.397934E-03  0.177934E+03
  0.325159E+02  0.175828E+03  0.174031E+03  0.000000E+00  0.000000E+00  0.382963E-03  0.174696E+03
  0.328426E+02  0.172631E+03  0.170849E+03  0.000000E+00  0.000000E+00  0.368549E-03  0.171516E+03
  0.331727E+02  0.169491E+03  0.167724E+03  0.000000E+00  0.000000E+00  0.354671E-03  0.168393E+03
  0.335061E+02  0.166407E+03  0.164656E+03  0.000000E+00  0.000000E+00  0.341328E-03  0.165327E+03
  0.338429E+02  0.163379E+03  0.161642E+03  0.000000E+00  0.000000E+00  0.328470E-03  0.162316E+03
  0.341830E+02  0.160406E+03  0.158683E+03  0.000000E+00  0.000000E+00  0.316103E-03  0.159359E+03
  0.345265E+02  0.157486E+03  0.155778E+03  0.000000E+00  0.000000E+00  0.304196E-03  0.156456E+03
  0.348735E+02  0.154619E+03  0.152924E+03  0.000000E+00  0.000000E+00  0.292741E-03  0.153604E+03
  0.352240E+02  0.151804E+03  0.150122E+03  0.000000E+00  0.000000E+00  0.281712E-03  0.150805E+03
  0.355780E+02  0.149040E+03  0.147371E+03  0.000000E+00  0.000000E+00  0.271107E-03  0.148056E+03
  0.359356E+02  0.146325E+03  0.144669E+03  0.000000E+00  0.000000E+00  0.260895E-03  0.145356E+03
  0.362967E+02  0.143659E+03  0.142016E+03  0.000000E+00  0.000000E+00  0.251062E-03  0.142705E+03
  0.366615E+02  0.141042E+03  0.139411E+03  0.000000E+00  0.000000E+00  0.241601E-03  0.140102E+03
  0.370300E+02  0.138471E+03  0.136853E+03  0.000000E+00  0.000000E+00  0.232499E-03  0.137546E+03
  0.374021E+02  0.135948E+03  0.134341E+03  0.000000E+00  0.000000E+00  0.223741E-03  0.135036E+03
  0.377780E+02  0.133469E+03  0.131874E+03  0.000000E+00  0.000000E+00  0.215307E-03  0.132571E+03
  0.381577E+02  0.131036E+03  0.129452E+03  0.000000E+00  0.000000E+00  0.207194E-03  0.130151E+03
  0.385412E+02  0.128646E+03  0.127074E+03  0.000000E+00  0.000000E+00  0.199376E-03  0.127774E+03
  0.389285E+02  0.126300E+03  0.124738E+03  0.000000E+00  0.000000E+00  0.191859E-03  0.125441E+03
  0.393198E+02  0.123996E+03  0.122445E+03  0.000000E+00  0.000000E+00  0.184628E-03  0.123150E+03
  0.397150E+02  0.121733E+03  0.120193E+03  0.000000E+00  0.000000E+00  0.177669E-03  0.120900E+03
  0.401141E+02  0.119512E+03  0.117982E+03  0.000000E+00  0.000000E+00  0.170969E-03  0.118690E+03
  0.405172E+02  0.117331E+03  0.115811E+03  0.000000E+00  0.000000E+00  0.164522E-03  0.116521E+03
  0.409244E+02  0.115189E+03  0.113679E+03  0.000000E+00  0.000000E+00  0.158316E-03  0.114391E+03
  0.413358E+02  0.113085E+03  0.111585E+03  0.000000E+00  0.000000E+00  0.152344E-03  0.112300E+03
  0.417512E+02  0.111020E+03  0.109529E+03  0.000000E+00  0.000000E+00  0.146593E-03  0.110246E+03
  0.421708E+02  0.108993E+03  0.107511E+03  0.000000E+00  0.000000E+00  0.141061E-03  0.108229E+03
  0.425946E+02  0.107001E+03  0.105529E+03  0.000000E+00  0.000000E+00  0.135742E-03  0.106249E+03
  0.430227E+02  0.105046E+03  0.103583E+03  0.000000E+00  0.000000E+00  0.130616E-03  0.104305E+03
  0.434551E+02  0.103127E+03  0.101672E+03  0.000000E+00  0.000000E+00  0.125689E-03  0.102396E+03
  0.438918E+02  0.101242E+03  0.997958E+02  0.000000E+00  0.000000E+00  0.120948E-03  0.100521E+03
  0.443329E+02  0.993911E+02  0.979533E+02  0.000000E+00  0.000000E+00  0.116380E-03  0.986804E+02
  0.447785E+02  0.975737E+02  0.961442E+02  0.000000E+00  0.000000E+00  0.111987E-03  0.968731E+02
  0.452285E+02  0.957893E+02  0.943678E+02  0.000000E+00  0.000000E+00  0.107758E-03  0.950984E+02
  0.456831E+02  0.940374E+02  0.926237E+02  0.000000E+00  0.000000E+00  0.103688E-03  0.933561E+02
  0.461422E+02  0.923170E+02  0.909111E+02  0.000000E+00  0.000000E+00  0.997738E-04  0.916452E+02
  0.466059E+02  0.906278E+02  0.892295E+02  0.000000E+00  0.000000E+00  0.960047E-04  0.899652E+02
  0.470743E+02  0.889692E+02  0.875783E+02  0.000000E+00  0.000000E+00  0.923786E-04  0.883157E+02
  0.475475E+02  0.873407E+02  0.859570E+02  0.000000E+00  0.000000E+00  0.888874E-04  0.866961E+02
  0.480253E+02  0.857418E+02  0.843652E+02  0.000000E+00  0.000000E+00  0.855306E-04  0.851060E+02
  0.485080E+02  0.841718E+02  0.828022E+02  0.000000E+00  0.000000E+00  0.822995E-04  0.835446E+02
  0.489955E+02  0.826302E+02  0.812674E+02  0.000000E+00  0.000000E+00  0.791873E-04  0.820114E+02
  0.494879E+02  0.811166E+02  0.797604E+02  0.000000E+00  0.000000E+00  0.761983E-04  0.805061E+02
  0.499852E+02  0.796306E+02  0.782809E+02  0.000000E+00  0.000000E+00  0.733180E-04  0.790282E+02
  0.504876E+02  0.781714E+02  0.768281E+02  0.000000E+00  0.000000E+00  0.705448E-04  0.775770E+02
  0.509950E+02  0.767387E+02  0.754016E+02  0.000000E+00  0.000000E+00  0.678782E-04  0.761521E+02
  0.515075E+02  0.753320E+02  0.740010E+02  0.000000E+00  0.000000E+00  0.653147E-04  0.747530E+02
  0.520252E+02  0.739509E+02  0.726259E+02  0.000000E+00  0.000000E+00  0.628441E-04  0.733795E+02
  0.525480E+02  0.725947E+02  0.712757E+02  0.000000E+00  0.000000E+00  0.604680E-04  0.720308E+02
  0.530762E+02  0.712632E+02  0.699499E+02  0.000000E+00  0.000000E+00  0.581791E-04  0.707065E+02
  0.536096E+02  0.699559E+02  0.686482E+02  0.000000E+00  0.000000E+00  0.559800E-04  0.694063E+02
  0.541483E+02  0.686724E+02  0.673701E+02  0.000000E+00  0.000000E+00  0.538616E-04  0.681298E+02
  0.546926E+02  0.674121E+02  0.661152E+02  0.000000E+00  0.000000E+00  0.518250E-04  0.668764E+02
  0.552422E+02  0.661747E+02  0.648831E+02  0.000000E+00  0.000000E+00  0.498615E-04  0.656457E+02
  0.557974E+02  0.649598E+02  0.636733E+02  0.000000E+00  0.000000E+00  0.479769E-04  0.644374E+02
  0.563582E+02  0.637670E+02  0.624856E+02  0.000000E+00  0.000000E+00  0.461599E-04  0.632511E+02
  0.569246E+02  0.625959E+02  0.613193E+02  0.000000E+00  0.000000E+00  0.444121E-04  0.620863E+02
  0.574967E+02  0.614460E+02  0.601743E+02  0.000000E+00  0.000000E+00  0.427319E-04  0.609427E+02
  0.580746E+02  0.603170E+02  0.590500E+02  0.000000E+00  0.000000E+00  0.411146E-04  0.598198E+02
  0.586582E+02  0.592086E+02  0.579462E+02  0.000000E+00  0.000000E+00  0.395571E-04  0.587174E+02
  0.592477E+02  0.581203E+02  0.568624E+02  0.000000E+00  0.000000E+00  0.380603E-04  0.576350E+02
  0.598432E+02  0.570518E+02  0.557983E+02  0.000000E+00  0.000000E+00  0.366167E-04  0.565723E+02
  0.604446E+02  0.560027E+02  0.547535E+02  0.000000E+00  0.000000E+00  0.352298E-04  0.555289E+02
  0.610521E+02  0.549726E+02  0.537277E+02  0.000000E+00  0.000000E+00  0.338948E-04  0.545044E+02
  0.616657E+02  0.539615E+02  0.527206E+02  0.000000E+00  0.000000E+00  0.326118E-04  0.534987E+02
  0.622854E+02  0.529686E+02  0.517318E+02  0.000000E+00  0.000000E+00  0.313755E-04  0.525112E+02
  0.629114E+02  0.519938E+02  0.507609E+02  0.000000E+00  0.000000E+00  0.301866E-04  0.515417E+02
  0.635437E+02  0.510367E+02  0.498077E+02  0.000000E+00  0.000000E+00  0.290423E-04  0.505898E+02
  0.641823E+02  0.500971E+02  0.488719E+02  0.000000E+00  0.000000E+00  0.279419E-04  0.496553E+02
  0.648274E+02  0.491746E+02  0.479531E+02  0.000000E+00  0.000000E+00  0.268820E-04  0.487377E+02
  0.654789E+02  0.482688E+02  0.470509E+02  0.000000E+00  0.000000E+00  0.258636E-04  0.478369E+02
  0.661370E+02  0.473796E+02  0.461652E+02  0.000000E+00  0.000000E+00  0.248824E-04  0.469524E+02
  0.668016E+02  0.465066E+02  0.452957E+02  0.000000E+00  0.000000E+00  0.239394E-04  0.460841E+02
  0.674730E+02  0.456494E+02  0.444419E+02  0.000000E+00  0.000000E+00  0.230302E-04  0.452316E+02
  0.681511E+02  0.448079E+02  0.436037E+02  0.000000E+00  0.000000E+00  0.221566E-04  0.443946E+02
  0.688361E+02  0.439816E+02  0.427807E+02  0.000000E+00  0.000000E+00  0.213155E-04  0.435728E+02
  0.695279E+02  0.431706E+02  0.419727E+02  0.000000E+00  0.000000E+00  0.205066E-04  0.427661E+02
  0.702266E+02  0.423742E+02  0.411794E+02  0.000000E+00  0.000000E+00  0.197284E-04  0.419740E+02
  0.709324E+02  0.415923E+02  0.404006E+02  0.000000E+00  0.000000E+00  0.189792E-04  0.411963E+02
  0.716453E+02  0.408247E+02  0.396359E+02  0.000000E+00  0.000000E+00  0.182590E-04  0.404328E+02
  0.723653E+02  0.400711E+02  0.388853E+02  0.000000E+00  0.000000E+00  0.175662E-04  0.396833E+02
  0.730926E+02  0.393312E+02  0.381482E+02  0.000000E+00  0.000000E+00  0.168985E-04  0.389474E+02
  0.738272E+02  0.386049E+02  0.374246E+02  0.000000E+00  0.000000E+00  0.162572E-04  0.382249E+02
  0.745692E+02  0.378917E+02  0.367141E+02  0.000000E+00  0.000000E+00  0.156390E-04  0.375156E+02
  0.753186E+02  0.371916E+02  0.360167E+02  0.000000E+00  0.000000E+00  0.150456E-04  0.368193E+02
  0.760756E+02  0.365043E+02  0.353319E+02  0.000000E+00  0.000000E+00  0.144731E-04  0.361356E+02
  0.768402E+02  0.358295E+02  0.346596E+02  0.000000E+00  0.000000E+00  0.139233E-04  0.354644E+02
  0.776125E+02  0.351669E+02  0.339996E+02  0.000000E+00  0.000000E+00  0.133937E-04  0.348054E+02
  0.783925E+02  0.345165E+02  0.333516E+02  0.000000E+00  0.000000E+00  0.128847E-04  0.341585E+02
  0.791803E+02  0.338780E+02  0.327155E+02  0.000000E+00  0.000000E+00  0.123949E-04  0.335234E+02
  0.799761E+02  0.332511E+02  0.320909E+02  0.000000E+00  0.000000E+00  0.119233E-04  0.328999E+02
  0.807799E+02  0.326357E+02  0.314777E+02  0.000000E+00  0.000000E+00  0.114700E-04  0.322877E+02
  0.815918E+02  0.320315E+02  0.308757E+02  0.000000E+00  0.000000E+00  0.110336E-04  0.316868E+02
  0.824117E+02  0.314384E+02  0.302848E+02  0.000000E+00  0.000000E+00  0.106137E-04  0.310968E+02
  0.832400E+02  0.308560E+02  0.297046E+02  0.000000E+00  0.000000E+00  0.102096E-04  0.305176E+02
  0.840766E+02  0.302843E+02  0.291349E+02  0.000000E+00  0.000000E+00  0.982076E-05  0.299489E+02
  0.849216E+02  0.297231E+02  0.285757E+02  0.000000E+00  0.000000E+00  0.944767E-05  0.293907E+02
  0.857750E+02  0.291721E+02  0.280268E+02  0.000000E+00  0.000000E+00  0.908750E-05  0.288426E+02
  0.866371E+02  0.286312E+02  0.274878E+02  0.000000E+00  0.000000E+00  0.874133E-05  0.283046E+02
  0.875078E+02  0.281001E+02  0.269586E+02  0.000000E+00  0.000000E+00  0.840799E-05  0.277764E+02
  0.883873E+02  0.275788E+02  0.264392E+02  0.000000E+00  0.000000E+00  0.808809E-05  0.272578E+02
  0.892756E+02  0.270669E+02  0.259292E+02  0.000000E+00  0.000000E+00  0.778018E-05  0.267487E+02
  0.901729E+02  0.265645E+02  0.254285E+02  0.000000E+00  0.000000E+00  0.748334E-05  0.262489E+02
  0.910790E+02  0.260713E+02  0.249371E+02  0.000000E+00  0.000000E+00  0.719803E-05  0.257584E+02
  0.919943E+02  0.255870E+02  0.244546E+02  0.000000E+00  0.000000E+00  0.692341E-05  0.252767E+02
  0.929189E+02  0.251116E+02  0.239809E+02  0.000000E+00  0.000000E+00  0.665932E-05  0.248039E+02
  0.938528E+02  0.246449E+02  0.235159E+02  0.000000E+00  0.000000E+00  0.640546E-05  0.243396E+02
  0.947961E+02  0.241868E+02  0.230594E+02  0.000000E+00  0.000000E+00  0.616105E-05  0.238839E+02
  0.957488E+02  0.237370E+02  0.226112E+02  0.000000E+00  0.000000E+00  0.592589E-05  0.234365E+02
  0.967111E+02  0.232955E+02  0.221712E+02  0.000000E+00  0.000000E+00  0.569941E-05  0.229973E+02
  0.976831E+02  0.228620E+02  0.217393E+02  0.000000E+00  0.000000E+00  0.548180E-05  0.225662E+02
  0.986647E+02  0.224365E+02  0.213154E+02  0.000000E+00  0.000000E+00  0.527300E-05  0.221430E+02
  0.996563E+02  0.220188E+02  0.208992E+02  0.000000E+00  0.000000E+00  0.507153E-05  0.217275E+02
  0.100658E+03  0.216087E+02  0.204905E+02  0.000000E+00  0.000000E+00  0.487749E-05  0.213196E+02
