  0.994668E-05  0.118702E+06  0.118702E+06  0.158269E+06  0.158268E+06  0.147899E+06  0.118991E+06
  0.109829E-04  0.118702E+06  0.118702E+06  0.158268E+06  0.158268E+06  0.147899E+06  0.118991E+06
  0.121270E-04  0.118702E+06  0.118702E+06  0.158268E+06  0.158268E+06  0.147899E+06  0.118991E+06
  0.133904E-04  0.118702E+06  0.118702E+06  0.158268E+06  0.158268E+06  0.147899E+06  0.118991E+06
  0.147854E-04  0.118702E+06  0.118702E+06  0.158268E+06  0.158268E+06  0.147899E+06  0.118991E+06
  0.163257E-04  0.118702E+06  0.118702E+06  0.158268E+06  0.158268E+06  0.147898E+06  0.118991E+06
  0.180264E-04  0.118702E+06  0.118702E+06  0.158268E+06  0.158268E+06  0.147898E+06  0.118991E+06
  0.199043E-04  0.118702E+06  0.118702E+06  0.158268E+06  0.158267E+06  0.147898E+06  0.118991E+06
  0.219779E-04  0.118702E+06  0.118702E+06  0.158267E+06  0.158267E+06  0.147898E+06  0.118991E+06
  0.242675E-04  0.118702E+06  0.118701E+06  0.158267E+06  0.158267E+06  0.147897E+06  0.118991E+06
  0.267956E-04  0.118702E+06  0.118701E+06  0.158267E+06  0.158266E+06  0.147897E+06  0.118991E+06
  0.295871E-04  0.118701E+06  0.118701E+06  0.158266E+06  0.158266E+06  0.147897E+06  0.118991E+06
  0.326693E-04  0.118701E+06  0.118701E+06  0.158266E+06  0.158265E+06  0.147896E+06  0.118991E+06
  0.360727E-04  0.118701E+06  0.118701E+06  0.158265E+06  0.158264E+06  0.147895E+06  0.118991E+06
  0.398307E-04  0.118701E+06  0.118701E+06  0.158264E+06  0.158263E+06  0.147894E+06  0.118991E+06
  0.439801E-04  0.118701E+06  0.118701E+06  0.158263E+06  0.158262E+06  0.147893E+06  0.118991E+06
  0.485618E-04  0.118701E+06  0.118701E+06  0.158262E+06  0.158261E+06  0.147892E+06  0.118991E+06
  0.536208E-04  0.118701E+06  0.118701E+06  0.158261E+06  0.158259E+06  0.147891E+06  0.118990E+06
  0.592068E-04  0.118701E+06  0.118701E+06  0.158259E+06  0.158257E+06  0.147889E+06  0.118990E+06
  0.653748E-04  0.118701E+06  0.118701E+06  0.158257E+06  0.158254E+06  0.147886E+06  0.118990E+06
  0.721853E-04  0.118701E+06  0.118700E+06  0.158254E+06  0.158251E+06  0.147883E+06  0.118990E+06
  0.797053E-04  0.118700E+06  0.118700E+06  0.158251E+06  0.158247E+06  0.147880E+06  0.118990E+06
  0.880087E-04  0.118700E+06  0.118700E+06  0.158247E+06  0.158242E+06  0.147876E+06  0.118989E+06
  0.971772E-04  0.118700E+06  0.118699E+06  0.158242E+06  0.158236E+06  0.147871E+06  0.118989E+06
  0.107301E-03  0.118699E+06  0.118699E+06  0.158236E+06  0.158229E+06  0.147864E+06  0.118988E+06
  0.118479E-03  0.118699E+06  0.118698E+06  0.158229E+06  0.158220E+06  0.147857E+06  0.118988E+06
  0.130822E-03  0.118698E+06  0.118697E+06  0.158220E+06  0.158209E+06  0.147847E+06  0.118987E+06
  0.144450E-03  0.118698E+06  0.118696E+06  0.158209E+06  0.158196E+06  0.147836E+06  0.118986E+06
  0.159499E-03  0.118697E+06  0.118695E+06  0.158196E+06  0.158180E+06  0.147822E+06  0.118985E+06
  0.176115E-03  0.118696E+06  0.118693E+06  0.158180E+06  0.158160E+06  0.147805E+06  0.118984E+06
  0.194462E-03  0.118694E+06  0.118692E+06  0.158161E+06  0.158136E+06  0.147784E+06  0.118982E+06
  0.214720E-03  0.118693E+06  0.118689E+06  0.158137E+06  0.158107E+06  0.147759E+06  0.118980E+06
  0.237089E-03  0.118691E+06  0.118687E+06  0.158108E+06  0.158072E+06  0.147729E+06  0.118978E+06
  0.261788E-03  0.118688E+06  0.118684E+06  0.158073E+06  0.158029E+06  0.147691E+06  0.118975E+06
  0.289060E-03  0.118686E+06  0.118680E+06  0.158030E+06  0.157977E+06  0.147646E+06  0.118972E+06
  0.319173E-03  0.118682E+06  0.118675E+06  0.157978E+06  0.157912E+06  0.147590E+06  0.118967E+06
  0.352424E-03  0.118678E+06  0.118669E+06  0.157915E+06  0.157834E+06  0.147523E+06  0.118962E+06
  0.389138E-03  0.118673E+06  0.118662E+06  0.157837E+06  0.157739E+06  0.147440E+06  0.118956E+06
  0.429677E-03  0.118666E+06  0.118653E+06  0.157742E+06  0.157624E+06  0.147340E+06  0.118948E+06
  0.474439E-03  0.118658E+06  0.118642E+06  0.157627E+06  0.157482E+06  0.147217E+06  0.118939E+06
  0.523865E-03  0.118649E+06  0.118629E+06  0.157487E+06  0.157310E+06  0.147068E+06  0.118927E+06
  0.578439E-03  0.118637E+06  0.118614E+06  0.157316E+06  0.157101E+06  0.146887E+06  0.118913E+06
  0.638699E-03  0.118623E+06  0.118594E+06  0.157108E+06  0.156846E+06  0.146665E+06  0.118897E+06
  0.705236E-03  0.118606E+06  0.118571E+06  0.156854E+06  0.156536E+06  0.146396E+06  0.118876E+06
  0.778705E-03  0.118585E+06  0.118542E+06  0.156545E+06  0.156158E+06  0.146069E+06  0.118851E+06
  0.859828E-03  0.118560E+06  0.118507E+06  0.156170E+06  0.155699E+06  0.145670E+06  0.118820E+06
  0.949402E-03  0.118529E+06  0.118465E+06  0.155713E+06  0.155141E+06  0.145186E+06  0.118782E+06
  0.104831E-02  0.118491E+06  0.118413E+06  0.155157E+06  0.154462E+06  0.144597E+06  0.118737E+06
  0.115752E-02  0.118445E+06  0.118350E+06  0.154482E+06  0.153639E+06  0.143882E+06  0.118681E+06
  0.127810E-02  0.118389E+06  0.118273E+06  0.153662E+06  0.152640E+06  0.143015E+06  0.118614E+06
  0.141125E-02  0.118321E+06  0.118179E+06  0.152667E+06  0.151430E+06  0.141964E+06  0.118532E+06
  0.155827E-02  0.118238E+06  0.118065E+06  0.151462E+06  0.149967E+06  0.140692E+06  0.118432E+06
  0.172061E-02  0.118137E+06  0.117926E+06  0.150003E+06  0.148200E+06  0.139156E+06  0.118310E+06
  0.189985E-02  0.118014E+06  0.117758E+06  0.148241E+06  0.146071E+06  0.137303E+06  0.118163E+06
  0.209777E-02  0.117865E+06  0.117553E+06  0.146116E+06  0.143512E+06  0.135075E+06  0.117984E+06
  0.231631E-02  0.117685E+06  0.117304E+06  0.143560E+06  0.140447E+06  0.132403E+06  0.117767E+06
  0.255762E-02  0.117465E+06  0.117002E+06  0.140495E+06  0.136789E+06  0.129211E+06  0.117505E+06
  0.282406E-02  0.117200E+06  0.116635E+06  0.136832E+06  0.132444E+06  0.125414E+06  0.117187E+06
  0.311826E-02  0.116878E+06  0.116191E+06  0.132476E+06  0.127315E+06  0.120923E+06  0.116804E+06
  0.344311E-02  0.116490E+06  0.115654E+06  0.127323E+06  0.121302E+06  0.115648E+06  0.116343E+06
  0.380180E-02  0.116023E+06  0.115006E+06  0.121270E+06  0.114317E+06  0.109502E+06  0.115789E+06
  0.419786E-02  0.115460E+06  0.114225E+06  0.114218E+06  0.106291E+06  0.102416E+06  0.115126E+06
  0.463518E-02  0.114787E+06  0.113285E+06  0.106088E+06  0.971943E+05  0.943495E+05  0.114334E+06
  0.511806E-02  0.113982E+06  0.112160E+06  0.968366E+05  0.870589E+05  0.853124E+05  0.113395E+06
  0.565124E-02  0.113025E+06  0.110815E+06  0.864788E+05  0.760047E+05  0.754418E+05  0.112285E+06
  0.623997E-02  0.111892E+06  0.109216E+06  0.751163E+05  0.642696E+05  0.648356E+05  0.110981E+06
  0.689002E-02  0.110560E+06  0.107324E+06  0.629703E+05  0.522329E+05  0.538373E+05  0.109459E+06
  0.760780E-02  0.109003E+06  0.105096E+06  0.504112E+05  0.404233E+05  0.428763E+05  0.107698E+06
  0.840036E-02  0.107198E+06  0.102492E+06  0.379765E+05  0.294945E+05  0.325326E+05  0.105676E+06
  0.927548E-02  0.105126E+06  0.994704E+05  0.263590E+05  0.201478E+05  0.234295E+05  0.103376E+06
  0.102418E-01  0.102770E+06  0.959941E+05  0.163450E+05  0.129917E+05  0.161459E+05  0.100785E+06
  0.113087E-01  0.100121E+06  0.920322E+05  0.868189E+04  0.834572E+04  0.110530E+05  0.978933E+05
  0.124868E-01  0.971765E+05  0.875630E+05  0.387069E+04  0.604577E+04  0.813162E+04  0.946956E+05
  0.137877E-01  0.939421E+05  0.825765E+05  0.192222E+04  0.536637E+04  0.686467E+04  0.911895E+05
  0.152240E-01  0.904291E+05  0.770769E+05  0.218022E+04  0.520316E+04  0.633817E+04  0.873758E+05
  0.168100E-01  0.866521E+05  0.710852E+05  0.337980E+04  0.457432E+04  0.562154E+04  0.832610E+05
  0.185612E-01  0.826271E+05  0.646443E+05  0.409014E+04  0.322908E+04  0.431091E+04  0.788613E+05
  0.204948E-01  0.783711E+05  0.578271E+05  0.347773E+04  0.182250E+04  0.281287E+04  0.742068E+05
  0.226299E-01  0.739050E+05  0.507499E+05  0.191285E+04  0.119851E+04  0.189723E+04  0.693418E+05
  0.249874E-01  0.692593E+05  0.435876E+05  0.672105E+03  0.000000E+00  0.171999E+04  0.643221E+05
  0.275905E-01  0.644801E+05  0.365852E+05  0.574287E+03  0.000000E+00  0.155816E+04  0.592190E+05
  0.304648E-01  0.596312E+05  0.300596E+05  0.932337E+03  0.000000E+00  0.999866E+03  0.541339E+05
  0.336385E-01  0.547943E+05  0.243810E+05  0.655618E+03  0.000000E+00  0.653839E+03  0.492017E+05
  0.371429E-01  0.500656E+05  0.199286E+05  0.173135E+03  0.000000E+00  0.651396E+03  0.445657E+05
  0.410123E-01  0.455482E+05  0.170123E+05  0.304028E+03  0.000000E+00  0.409522E+03  0.403569E+05
  0.451135E-01  0.414840E+05  0.157657E+05  0.000000E+00  0.000000E+00  0.310023E+03  0.368004E+05
  0.492148E-01  0.380938E+05  0.158576E+05  0.000000E+00  0.000000E+00  0.289973E+03  0.340225E+05
  0.533160E-01  0.352302E+05  0.166216E+05  0.000000E+00  0.000000E+00  0.175775E+03  0.317891E+05
  0.574172E-01  0.327815E+05  0.174890E+05  0.000000E+00  0.000000E+00  0.189336E+03  0.299161E+05
  0.615185E-01  0.306608E+05  0.180384E+05  0.000000E+00  0.000000E+00  0.135509E+03  0.282598E+05
  0.656197E-01  0.287700E+05  0.179912E+05  0.000000E+00  0.000000E+00  0.112345E+03  0.266940E+05
  0.697209E-01  0.270348E+05  0.172508E+05  0.000000E+00  0.000000E+00  0.108859E+03  0.251414E+05
  0.738221E-01  0.254125E+05  0.158883E+05  0.000000E+00  0.000000E+00  0.715921E+02  0.235780E+05
  0.779234E-01  0.238879E+05  0.140992E+05  0.000000E+00  0.000000E+00  0.742119E+02  0.220245E+05
  0.820246E-01  0.224608E+05  0.121397E+05  0.000000E+00  0.000000E+00  0.492578E+02  0.205229E+05
  0.861258E-01  0.211333E+05  0.102642E+05  0.000000E+00  0.000000E+00  0.335659E+02  0.191172E+05
  0.912474E-01  0.196206E+05  0.835310E+04  0.000000E+00  0.000000E+00  0.159883E+02  0.175531E+05
  0.963690E-01  0.182821E+05  0.714718E+04  0.000000E+00  0.000000E+00  0.761114E+01  0.162499E+05
  0.101491E+00  0.171270E+05  0.669150E+04  0.000000E+00  0.000000E+00  0.219828E+02  0.152226E+05
  0.106612E+00  0.161411E+05  0.683420E+04  0.000000E+00  0.000000E+00  0.306750E+02  0.144342E+05
  0.111734E+00  0.152879E+05  0.729685E+04  0.000000E+00  0.000000E+00  0.223992E+02  0.138081E+05
  0.116855E+00  0.145267E+05  0.777626E+04  0.000000E+00  0.000000E+00  0.122125E+02  0.132606E+05
  0.121977E+00  0.138250E+05  0.803099E+04  0.000000E+00  0.000000E+00  0.165219E+02  0.127249E+05
  0.127098E+00  0.131601E+05  0.793044E+04  0.000000E+00  0.000000E+00  0.153348E+02  0.121604E+05
  0.132220E+00  0.125194E+05  0.746666E+04  0.000000E+00  0.000000E+00  0.122816E+02  0.115554E+05
  0.137342E+00  0.118987E+05  0.673404E+04  0.000000E+00  0.000000E+00  0.107552E+02  0.109223E+05
  0.142463E+00  0.113015E+05  0.588737E+04  0.000000E+00  0.000000E+00  0.944414E+01  0.102895E+05
  0.147585E+00  0.107376E+05  0.509330E+04  0.000000E+00  0.000000E+00  0.851111E+01  0.969289E+04
  0.152706E+00  0.102196E+05  0.448585E+04  0.000000E+00  0.000000E+00  0.745320E+01  0.916516E+04
  0.157828E+00  0.975550E+04  0.413386E+04  0.000000E+00  0.000000E+00  0.670844E+01  0.872431E+04
  0.162949E+00  0.934377E+04  0.403060E+04  0.000000E+00  0.000000E+00  0.641933E+01  0.836794E+04
  0.168071E+00  0.897651E+04  0.410960E+04  0.000000E+00  0.000000E+00  0.514248E+01  0.807850E+04
  0.173193E+00  0.864454E+04  0.427381E+04  0.000000E+00  0.000000E+00  0.599631E+01  0.783231E+04
  0.178314E+00  0.833810E+04  0.442396E+04  0.000000E+00  0.000000E+00  0.404270E+01  0.760479E+04
  0.183436E+00  0.804639E+04  0.448125E+04  0.000000E+00  0.000000E+00  0.465908E+01  0.737399E+04
  0.188557E+00  0.776068E+04  0.440463E+04  0.000000E+00  0.000000E+00  0.351288E+01  0.712587E+04
  0.193679E+00  0.747824E+04  0.419731E+04  0.000000E+00  0.000000E+00  0.390091E+01  0.685872E+04
  0.198800E+00  0.720129E+04  0.389828E+04  0.000000E+00  0.000000E+00  0.346677E+01  0.658084E+04
  0.203922E+00  0.693338E+04  0.356443E+04  0.000000E+00  0.000000E+00  0.233523E+01  0.630462E+04
  0.209044E+00  0.667803E+04  0.325329E+04  0.000000E+00  0.000000E+00  0.298750E+01  0.604253E+04
  0.214165E+00  0.643886E+04  0.300959E+04  0.000000E+00  0.000000E+00  0.235272E+01  0.580497E+04
  0.219287E+00  0.621870E+04  0.285632E+04  0.000000E+00  0.000000E+00  0.241950E+01  0.559811E+04
  0.224408E+00  0.601792E+04  0.279149E+04  0.000000E+00  0.000000E+00  0.278755E+01  0.542192E+04
  0.229530E+00  0.583429E+04  0.279235E+04  0.000000E+00  0.000000E+00  0.148055E+01  0.527077E+04
  0.234651E+00  0.566418E+04  0.282474E+04  0.000000E+00  0.000000E+00  0.203253E+01  0.513602E+04
  0.239773E+00  0.550362E+04  0.285344E+04  0.000000E+00  0.000000E+00  0.145640E+01  0.500850E+04
  0.244895E+00  0.534884E+04  0.285070E+04  0.000000E+00  0.000000E+00  0.157309E+01  0.488054E+04
  0.250016E+00  0.519720E+04  0.280195E+04  0.000000E+00  0.000000E+00  0.179940E+01  0.474751E+04
  0.255138E+00  0.504772E+04  0.270748E+04  0.000000E+00  0.000000E+00  0.126042E+01  0.460865E+04
  0.260259E+00  0.490091E+04  0.257978E+04  0.000000E+00  0.000000E+00  0.142545E+01  0.446647E+04
  0.265381E+00  0.475801E+04  0.243819E+04  0.000000E+00  0.000000E+00  0.127584E+01  0.432520E+04
  0.270502E+00  0.462053E+04  0.230299E+04  0.000000E+00  0.000000E+00  0.965833E+00  0.418947E+04
  0.275624E+00  0.448994E+04  0.219043E+04  0.000000E+00  0.000000E+00  0.127777E+01  0.406317E+04
  0.280746E+00  0.436720E+04  0.210937E+04  0.000000E+00  0.000000E+00  0.881717E+00  0.394857E+04
  0.285867E+00  0.425242E+04  0.206011E+04  0.000000E+00  0.000000E+00  0.113814E+01  0.384582E+04
  0.290989E+00  0.414491E+04  0.203568E+04  0.000000E+00  0.000000E+00  0.935530E+00  0.375319E+04
  0.296110E+00  0.404347E+04  0.202479E+04  0.000000E+00  0.000000E+00  0.799508E+00  0.366781E+04
  0.301232E+00  0.394671E+04  0.201525E+04  0.000000E+00  0.000000E+00  0.708050E+00  0.358650E+04
  0.306353E+00  0.385324E+04  0.199695E+04  0.000000E+00  0.000000E+00  0.740736E+00  0.350646E+04
  0.311475E+00  0.376202E+04  0.196399E+04  0.000000E+00  0.000000E+00  0.695788E+00  0.342582E+04
  0.316597E+00  0.367255E+04  0.191548E+04  0.000000E+00  0.000000E+00  0.849500E+00  0.334405E+04
  0.321718E+00  0.358488E+04  0.185491E+04  0.000000E+00  0.000000E+00  0.580724E+00  0.326176E+04
  0.326840E+00  0.349941E+04  0.178853E+04  0.000000E+00  0.000000E+00  0.567919E+00  0.318030E+04
  0.331961E+00  0.341665E+04  0.172329E+04  0.000000E+00  0.000000E+00  0.504856E+00  0.310128E+04
  0.337083E+00  0.333711E+04  0.166513E+04  0.000000E+00  0.000000E+00  0.561041E+00  0.302608E+04
  0.342204E+00  0.326112E+04  0.161764E+04  0.000000E+00  0.000000E+00  0.531337E+00  0.295558E+04
  0.347326E+00  0.318874E+04  0.158159E+04  0.000000E+00  0.000000E+00  0.581030E+00  0.288996E+04
  0.352448E+00  0.311977E+04  0.155518E+04  0.000000E+00  0.000000E+00  0.330260E+00  0.282874E+04
  0.357569E+00  0.305382E+04  0.153488E+04  0.000000E+00  0.000000E+00  0.510762E+00  0.277104E+04
  0.362691E+00  0.299043E+04  0.151662E+04  0.000000E+00  0.000000E+00  0.306997E+00  0.271578E+04
  0.367812E+00  0.292913E+04  0.149675E+04  0.000000E+00  0.000000E+00  0.431737E+00  0.266197E+04
  0.372934E+00  0.286947E+04  0.147280E+04  0.000000E+00  0.000000E+00  0.393345E+00  0.260884E+04
  0.378055E+00  0.281115E+04  0.144391E+04  0.000000E+00  0.000000E+00  0.335100E+00  0.255600E+04
  0.383177E+00  0.275412E+04  0.141083E+04  0.000000E+00  0.000000E+00  0.390171E+00  0.250351E+04
  0.388299E+00  0.269849E+04  0.137545E+04  0.000000E+00  0.000000E+00  0.338380E+00  0.245180E+04
  0.393420E+00  0.264444E+04  0.134008E+04  0.000000E+00  0.000000E+00  0.231595E+00  0.240139E+04
  0.398542E+00  0.259207E+04  0.130678E+04  0.000000E+00  0.000000E+00  0.389021E+00  0.235271E+04
  0.403663E+00  0.254144E+04  0.127697E+04  0.000000E+00  0.000000E+00  0.186302E+00  0.230604E+04
  0.408785E+00  0.249262E+04  0.125125E+04  0.000000E+00  0.000000E+00  0.402631E+00  0.226155E+04
  0.413906E+00  0.244561E+04  0.122937E+04  0.000000E+00  0.000000E+00  0.230602E+00  0.221918E+04
  0.419028E+00  0.240029E+04  0.121032E+04  0.000000E+00  0.000000E+00  0.216847E+00  0.217867E+04
  0.424150E+00  0.235642E+04  0.119273E+04  0.000000E+00  0.000000E+00  0.234236E+00  0.213961E+04
  0.429271E+00  0.231384E+04  0.117530E+04  0.000000E+00  0.000000E+00  0.184590E+00  0.210163E+04
  0.434393E+00  0.227240E+04  0.115709E+04  0.000000E+00  0.000000E+00  0.252682E+00  0.206447E+04
  0.439514E+00  0.223200E+04  0.113763E+04  0.000000E+00  0.000000E+00  0.258347E+00  0.202795E+04
  0.444636E+00  0.219255E+04  0.111692E+04  0.000000E+00  0.000000E+00  0.126869E+00  0.199200E+04
  0.449757E+00  0.215400E+04  0.109540E+04  0.000000E+00  0.000000E+00  0.250173E+00  0.195667E+04
  0.454879E+00  0.211640E+04  0.107378E+04  0.000000E+00  0.000000E+00  0.107856E+00  0.192209E+04
  0.460001E+00  0.207981E+04  0.105280E+04  0.000000E+00  0.000000E+00  0.232655E+00  0.188847E+04
  0.465122E+00  0.204427E+04  0.103303E+04  0.000000E+00  0.000000E+00  0.176511E+00  0.185590E+04
  0.470244E+00  0.200975E+04  0.101475E+04  0.000000E+00  0.000000E+00  0.159374E+00  0.182442E+04
  0.475365E+00  0.197621E+04  0.997961E+03  0.000000E+00  0.000000E+00  0.174757E+00  0.179400E+04
  0.480487E+00  0.194364E+04  0.982440E+03  0.000000E+00  0.000000E+00  0.144693E+00  0.176458E+04
  0.485608E+00  0.191200E+04  0.967827E+03  0.000000E+00  0.000000E+00  0.130746E+00  0.173609E+04
  0.490730E+00  0.188122E+04  0.953684E+03  0.000000E+00  0.000000E+00  0.167852E+00  0.170838E+04
  0.495852E+00  0.185120E+04  0.939612E+03  0.000000E+00  0.000000E+00  0.102838E+00  0.168131E+04
  0.500973E+00  0.182187E+04  0.925360E+03  0.000000E+00  0.000000E+00  0.176834E+00  0.165478E+04
  0.506095E+00  0.179321E+04  0.910876E+03  0.000000E+00  0.000000E+00  0.119089E+00  0.162876E+04
  0.511216E+00  0.176522E+04  0.896258E+03  0.000000E+00  0.000000E+00  0.128927E+00  0.160327E+04
  0.516338E+00  0.173789E+04  0.881679E+03  0.000000E+00  0.000000E+00  0.104205E+00  0.157832E+04
  0.521459E+00  0.171118E+04  0.867341E+03  0.000000E+00  0.000000E+00  0.116708E+00  0.155394E+04
  0.526581E+00  0.168511E+04  0.853442E+03  0.000000E+00  0.000000E+00  0.115854E+00  0.153015E+04
  0.531703E+00  0.165968E+04  0.840138E+03  0.000000E+00  0.000000E+00  0.140327E+00  0.150698E+04
  0.536824E+00  0.163489E+04  0.827482E+03  0.000000E+00  0.000000E+00  0.861634E-01  0.148446E+04
  0.541946E+00  0.161071E+04  0.815421E+03  0.000000E+00  0.000000E+00  0.959562E-01  0.146253E+04
  0.547067E+00  0.158711E+04  0.803841E+03  0.000000E+00  0.000000E+00  0.835691E-01  0.144116E+04
  0.549761E+00  0.157493E+04  0.797985E+03  0.000000E+00  0.000000E+00  0.880102E-01  0.143016E+04
  0.555286E+00  0.155040E+04  0.786026E+03  0.000000E+00  0.000000E+00  0.978489E-01  0.140796E+04
  0.560867E+00  0.152623E+04  0.774133E+03  0.000000E+00  0.000000E+00  0.104883E+00  0.138607E+04
  0.566504E+00  0.150240E+04  0.762210E+03  0.000000E+00  0.000000E+00  0.620825E-01  0.136445E+04
  0.572197E+00  0.147888E+04  0.750236E+03  0.000000E+00  0.000000E+00  0.999384E-01  0.134309E+04
  0.577947E+00  0.145570E+04  0.738278E+03  0.000000E+00  0.000000E+00  0.569323E-01  0.132200E+04
  0.583756E+00  0.143286E+04  0.726435E+03  0.000000E+00  0.000000E+00  0.104410E+00  0.130122E+04
  0.589623E+00  0.141036E+04  0.714788E+03  0.000000E+00  0.000000E+00  0.604007E-01  0.128075E+04
  0.595549E+00  0.138819E+04  0.703397E+03  0.000000E+00  0.000000E+00  0.857684E-01  0.126059E+04
  0.601534E+00  0.136636E+04  0.692306E+03  0.000000E+00  0.000000E+00  0.664569E-01  0.124076E+04
  0.607579E+00  0.134488E+04  0.681514E+03  0.000000E+00  0.000000E+00  0.615192E-01  0.122127E+04
  0.613686E+00  0.132373E+04  0.670957E+03  0.000000E+00  0.000000E+00  0.635636E-01  0.120209E+04
  0.619854E+00  0.130289E+04  0.660553E+03  0.000000E+00  0.000000E+00  0.592569E-01  0.118319E+04
  0.626083E+00  0.128236E+04  0.650258E+03  0.000000E+00  0.000000E+00  0.746153E-01  0.116456E+04
  0.632375E+00  0.126214E+04  0.640053E+03  0.000000E+00  0.000000E+00  0.420923E-01  0.114621E+04
  0.638731E+00  0.124221E+04  0.629925E+03  0.000000E+00  0.000000E+00  0.578034E-01  0.112811E+04
  0.645150E+00  0.122257E+04  0.619889E+03  0.000000E+00  0.000000E+00  0.470496E-01  0.111026E+04
  0.651634E+00  0.120322E+04  0.609996E+03  0.000000E+00  0.000000E+00  0.689447E-01  0.109268E+04
  0.658183E+00  0.118418E+04  0.600286E+03  0.000000E+00  0.000000E+00  0.385527E-01  0.107537E+04
  0.664798E+00  0.116541E+04  0.590757E+03  0.000000E+00  0.000000E+00  0.496343E-01  0.105833E+04
  0.671479E+00  0.114693E+04  0.581412E+03  0.000000E+00  0.000000E+00  0.371321E-01  0.104155E+04
  0.678228E+00  0.112874E+04  0.572245E+03  0.000000E+00  0.000000E+00  0.550732E-01  0.102504E+04
  0.685044E+00  0.111084E+04  0.563223E+03  0.000000E+00  0.000000E+00  0.387032E-01  0.100879E+04
  0.691929E+00  0.109318E+04  0.554308E+03  0.000000E+00  0.000000E+00  0.377220E-01  0.992765E+03
  0.698883E+00  0.107580E+04  0.545503E+03  0.000000E+00  0.000000E+00  0.436189E-01  0.976979E+03
  0.705907E+00  0.105869E+04  0.536819E+03  0.000000E+00  0.000000E+00  0.387699E-01  0.961439E+03
  0.713001E+00  0.104183E+04  0.528249E+03  0.000000E+00  0.000000E+00  0.395905E-01  0.946126E+03
  0.720167E+00  0.102522E+04  0.519816E+03  0.000000E+00  0.000000E+00  0.372091E-01  0.931040E+03
  0.727405E+00  0.100888E+04  0.511528E+03  0.000000E+00  0.000000E+00  0.383262E-01  0.916195E+03
  0.734716E+00  0.992779E+03  0.503379E+03  0.000000E+00  0.000000E+00  0.254786E-01  0.901579E+03
  0.742099E+00  0.976921E+03  0.495351E+03  0.000000E+00  0.000000E+00  0.361272E-01  0.887180E+03
  0.749557E+00  0.961308E+03  0.487449E+03  0.000000E+00  0.000000E+00  0.325048E-01  0.873004E+03
  0.757091E+00  0.945937E+03  0.479665E+03  0.000000E+00  0.000000E+00  0.294697E-01  0.859046E+03
  0.764700E+00  0.930792E+03  0.471985E+03  0.000000E+00  0.000000E+00  0.213943E-01  0.845292E+03
  0.772385E+00  0.915883E+03  0.464423E+03  0.000000E+00  0.000000E+00  0.362035E-01  0.831753E+03
  0.780147E+00  0.901205E+03  0.456979E+03  0.000000E+00  0.000000E+00  0.252742E-01  0.818423E+03
  0.787988E+00  0.886744E+03  0.449644E+03  0.000000E+00  0.000000E+00  0.274743E-01  0.805290E+03
  0.795908E+00  0.872509E+03  0.442430E+03  0.000000E+00  0.000000E+00  0.294493E-01  0.792363E+03
  0.803907E+00  0.858499E+03  0.435335E+03  0.000000E+00  0.000000E+00  0.127708E-01  0.779641E+03
  0.811986E+00  0.844696E+03  0.428340E+03  0.000000E+00  0.000000E+00  0.320875E-01  0.767107E+03
  0.820147E+00  0.831106E+03  0.421454E+03  0.000000E+00  0.000000E+00  0.235247E-01  0.754767E+03
  0.828389E+00  0.817732E+03  0.414678E+03  0.000000E+00  0.000000E+00  0.182823E-01  0.742622E+03
  0.836715E+00  0.804556E+03  0.407996E+03  0.000000E+00  0.000000E+00  0.307830E-01  0.730656E+03
  0.845124E+00  0.791586E+03  0.401420E+03  0.000000E+00  0.000000E+00  0.903845E-02  0.718877E+03
  0.853617E+00  0.778820E+03  0.394949E+03  0.000000E+00  0.000000E+00  0.136718E-01  0.707284E+03
  0.862197E+00  0.766245E+03  0.388574E+03  0.000000E+00  0.000000E+00  0.307350E-01  0.695865E+03
  0.870862E+00  0.753870E+03  0.382303E+03  0.000000E+00  0.000000E+00  0.146019E-01  0.684627E+03
  0.879614E+00  0.741687E+03  0.376129E+03  0.000000E+00  0.000000E+00  0.145374E-01  0.673564E+03
  0.888454E+00  0.729689E+03  0.370047E+03  0.000000E+00  0.000000E+00  0.246510E-01  0.662669E+03
  0.897383E+00  0.717884E+03  0.364065E+03  0.000000E+00  0.000000E+00  0.111226E-01  0.651949E+03
  0.906403E+00  0.706256E+03  0.358170E+03  0.000000E+00  0.000000E+00  0.102673E-01  0.641389E+03
  0.915511E+00  0.694812E+03  0.352368E+03  0.000000E+00  0.000000E+00  0.171563E-01  0.630996E+03
  0.924713E+00  0.683549E+03  0.346660E+03  0.000000E+00  0.000000E+00  0.135378E-01  0.620768E+03
  0.934006E+00  0.672454E+03  0.341034E+03  0.000000E+00  0.000000E+00  0.131405E-01  0.610692E+03
  0.943393E+00  0.661538E+03  0.335501E+03  0.000000E+00  0.000000E+00  0.140423E-01  0.600779E+03
  0.952874E+00  0.650792E+03  0.330054E+03  0.000000E+00  0.000000E+00  0.149633E-01  0.591020E+03
  0.962451E+00  0.640210E+03  0.324689E+03  0.000000E+00  0.000000E+00  0.145135E-01  0.581411E+03
  0.972124E+00  0.629798E+03  0.319411E+03  0.000000E+00  0.000000E+00  0.128629E-01  0.571956E+03
  0.981894E+00  0.619544E+03  0.314212E+03  0.000000E+00  0.000000E+00  0.151641E-01  0.562644E+03
  0.991762E+00  0.609456E+03  0.309098E+03  0.000000E+00  0.000000E+00  0.852127E-02  0.553483E+03
  0.100173E+01  0.599521E+03  0.304060E+03  0.000000E+00  0.000000E+00  0.910525E-02  0.544460E+03
  0.101180E+01  0.589743E+03  0.299103E+03  0.000000E+00  0.000000E+00  0.163723E-01  0.535581E+03
  0.102197E+01  0.580120E+03  0.294225E+03  0.000000E+00  0.000000E+00  0.123953E-01  0.526842E+03
  0.103224E+01  0.570644E+03  0.289419E+03  0.000000E+00  0.000000E+00  0.611412E-02  0.518236E+03
  0.104261E+01  0.561323E+03  0.284694E+03  0.000000E+00  0.000000E+00  0.545053E-02  0.509772E+03
  0.105309E+01  0.552144E+03  0.280039E+03  0.000000E+00  0.000000E+00  0.109909E-01  0.501435E+03
  0.106367E+01  0.543112E+03  0.275460E+03  0.000000E+00  0.000000E+00  0.104142E-01  0.493233E+03
  0.107436E+01  0.534221E+03  0.270952E+03  0.000000E+00  0.000000E+00  0.117876E-01  0.485159E+03
  0.108516E+01  0.525471E+03  0.266517E+03  0.000000E+00  0.000000E+00  0.650448E-02  0.477213E+03
  0.109607E+01  0.516859E+03  0.262150E+03  0.000000E+00  0.000000E+00  0.354012E-02  0.469392E+03
  0.110708E+01  0.508383E+03  0.257852E+03  0.000000E+00  0.000000E+00  0.785051E-02  0.461695E+03
  0.111821E+01  0.500043E+03  0.253624E+03  0.000000E+00  0.000000E+00  0.740083E-02  0.454121E+03
  0.112945E+01  0.491833E+03  0.249461E+03  0.000000E+00  0.000000E+00  0.918975E-02  0.446665E+03
  0.114080E+01  0.483756E+03  0.245366E+03  0.000000E+00  0.000000E+00  0.880800E-02  0.439330E+03
  0.115226E+01  0.475803E+03  0.241333E+03  0.000000E+00  0.000000E+00  0.573867E-02  0.432108E+03
  0.116384E+01  0.467981E+03  0.237368E+03  0.000000E+00  0.000000E+00  0.431921E-02  0.425004E+03
  0.117554E+01  0.460280E+03  0.233463E+03  0.000000E+00  0.000000E+00  0.561362E-02  0.418011E+03
  0.118735E+01  0.452704E+03  0.229622E+03  0.000000E+00  0.000000E+00  0.404678E-02  0.411130E+03
  0.119929E+01  0.445245E+03  0.225839E+03  0.000000E+00  0.000000E+00  0.951748E-02  0.404357E+03
  0.121134E+01  0.437908E+03  0.222119E+03  0.000000E+00  0.000000E+00  0.750688E-02  0.397694E+03
  0.122351E+01  0.430685E+03  0.218456E+03  0.000000E+00  0.000000E+00  0.805338E-02  0.391134E+03
  0.123581E+01  0.423580E+03  0.214854E+03  0.000000E+00  0.000000E+00  0.570889E-02  0.384682E+03
  0.124823E+01  0.416584E+03  0.211306E+03  0.000000E+00  0.000000E+00  0.468209E-02  0.378329E+03
  0.126078E+01  0.409704E+03  0.207818E+03  0.000000E+00  0.000000E+00  0.657293E-02  0.372081E+03
  0.127345E+01  0.402931E+03  0.204383E+03  0.000000E+00  0.000000E+00  0.463726E-02  0.365930E+03
  0.128625E+01  0.396267E+03  0.201004E+03  0.000000E+00  0.000000E+00  0.341344E-02  0.359878E+03
  0.129917E+01  0.389710E+03  0.197679E+03  0.000000E+00  0.000000E+00  0.373099E-02  0.353923E+03
  0.131223E+01  0.383257E+03  0.194407E+03  0.000000E+00  0.000000E+00  0.405498E-02  0.348063E+03
  0.132542E+01  0.376909E+03  0.191188E+03  0.000000E+00  0.000000E+00  0.419564E-02  0.342298E+03
  0.133874E+01  0.370661E+03  0.188019E+03  0.000000E+00  0.000000E+00  0.254995E-02  0.336624E+03
  0.135219E+01  0.364515E+03  0.184903E+03  0.000000E+00  0.000000E+00  0.450859E-02  0.331043E+03
  0.136578E+01  0.358466E+03  0.181835E+03  0.000000E+00  0.000000E+00  0.302864E-02  0.325549E+03
  0.137951E+01  0.352516E+03  0.178819E+03  0.000000E+00  0.000000E+00  0.211923E-02  0.320146E+03
  0.139337E+01  0.346661E+03  0.175849E+03  0.000000E+00  0.000000E+00  0.298791E-02  0.314829E+03
  0.140738E+01  0.340901E+03  0.172928E+03  0.000000E+00  0.000000E+00  0.256038E-02  0.309597E+03
  0.142152E+01  0.335234E+03  0.170054E+03  0.000000E+00  0.000000E+00  0.291623E-02  0.304451E+03
  0.143581E+01  0.329656E+03  0.167225E+03  0.000000E+00  0.000000E+00  0.303210E-02  0.299385E+03
  0.145024E+01  0.324171E+03  0.164443E+03  0.000000E+00  0.000000E+00  0.209963E-02  0.294404E+03
  0.146481E+01  0.318772E+03  0.161705E+03  0.000000E+00  0.000000E+00  0.162351E-02  0.289501E+03
  0.147954E+01  0.313461E+03  0.159011E+03  0.000000E+00  0.000000E+00  0.185057E-02  0.284678E+03
  0.149441E+01  0.308236E+03  0.156362E+03  0.000000E+00  0.000000E+00  0.146760E-02  0.279933E+03
  0.150942E+01  0.303095E+03  0.153754E+03  0.000000E+00  0.000000E+00  0.251461E-02  0.275264E+03
  0.152459E+01  0.298038E+03  0.151190E+03  0.000000E+00  0.000000E+00  0.112904E-02  0.270671E+03
  0.153992E+01  0.293062E+03  0.148667E+03  0.000000E+00  0.000000E+00  0.254531E-02  0.266153E+03
  0.155539E+01  0.288167E+03  0.146184E+03  0.000000E+00  0.000000E+00  0.128041E-02  0.261707E+03
  0.157102E+01  0.283352E+03  0.143742E+03  0.000000E+00  0.000000E+00  0.325751E-02  0.257334E+03
  0.158681E+01  0.278615E+03  0.141340E+03  0.000000E+00  0.000000E+00  0.128824E-02  0.253032E+03
  0.160276E+01  0.273954E+03  0.138976E+03  0.000000E+00  0.000000E+00  0.322184E-02  0.248799E+03
  0.161887E+01  0.269370E+03  0.136651E+03  0.000000E+00  0.000000E+00  0.234031E-02  0.244636E+03
  0.163514E+01  0.264860E+03  0.134364E+03  0.000000E+00  0.000000E+00  0.277354E-02  0.240541E+03
  0.165157E+01  0.260423E+03  0.132113E+03  0.000000E+00  0.000000E+00  0.302369E-02  0.236511E+03
  0.166817E+01  0.256058E+03  0.129900E+03  0.000000E+00  0.000000E+00  0.169120E-02  0.232547E+03
  0.168494E+01  0.251765E+03  0.127722E+03  0.000000E+00  0.000000E+00  0.248415E-02  0.228648E+03
  0.170187E+01  0.247541E+03  0.125580E+03  0.000000E+00  0.000000E+00  0.237844E-02  0.224812E+03
  0.171897E+01  0.243386E+03  0.123472E+03  0.000000E+00  0.000000E+00  0.106014E-02  0.221039E+03
  0.173625E+01  0.239300E+03  0.121400E+03  0.000000E+00  0.000000E+00  0.179383E-02  0.217328E+03
  0.175370E+01  0.235279E+03  0.119360E+03  0.000000E+00  0.000000E+00  0.222685E-02  0.213676E+03
  0.177133E+01  0.231324E+03  0.117354E+03  0.000000E+00  0.000000E+00  0.467096E-03  0.210084E+03
  0.178913E+01  0.227434E+03  0.115382E+03  0.000000E+00  0.000000E+00  0.146428E-03  0.206552E+03
  0.180711E+01  0.223609E+03  0.113441E+03  0.000000E+00  0.000000E+00  0.805372E-03  0.203078E+03
  0.182527E+01  0.219845E+03  0.111532E+03  0.000000E+00  0.000000E+00  0.135025E-02  0.199659E+03
  0.184361E+01  0.216143E+03  0.109654E+03  0.000000E+00  0.000000E+00  0.103106E-02  0.196297E+03
  0.186214E+01  0.212502E+03  0.107808E+03  0.000000E+00  0.000000E+00  0.938606E-03  0.192991E+03
  0.188086E+01  0.208921E+03  0.105991E+03  0.000000E+00  0.000000E+00  0.153202E-02  0.189739E+03
  0.189976E+01  0.205398E+03  0.104205E+03  0.000000E+00  0.000000E+00  0.120148E-02  0.186539E+03
  0.191885E+01  0.201933E+03  0.102447E+03  0.000000E+00  0.000000E+00  0.133276E-02  0.183392E+03
  0.193814E+01  0.198525E+03  0.100718E+03  0.000000E+00  0.000000E+00  0.816569E-03  0.180298E+03
  0.195762E+01  0.195173E+03  0.990182E+02  0.000000E+00  0.000000E+00  0.107197E-02  0.177254E+03
  0.197729E+01  0.191877E+03  0.973462E+02  0.000000E+00  0.000000E+00  0.101190E-02  0.174260E+03
  0.199716E+01  0.188634E+03  0.957016E+02  0.000000E+00  0.000000E+00  0.559833E-03  0.171315E+03
  0.201723E+01  0.185445E+03  0.940840E+02  0.000000E+00  0.000000E+00  0.263387E-03  0.168419E+03
  0.203751E+01  0.182308E+03  0.924929E+02  0.000000E+00  0.000000E+00  0.191928E-03  0.165570E+03
  0.205799E+01  0.179223E+03  0.909281E+02  0.000000E+00  0.000000E+00  0.427263E-03  0.162768E+03
  0.207867E+01  0.176189E+03  0.893892E+02  0.000000E+00  0.000000E+00  0.257710E-03  0.160013E+03
  0.209956E+01  0.173206E+03  0.878759E+02  0.000000E+00  0.000000E+00 -0.836808E-04  0.157303E+03
  0.212066E+01  0.170271E+03  0.863873E+02  0.000000E+00  0.000000E+00  0.580848E-03  0.154638E+03
  0.214197E+01  0.167385E+03  0.849233E+02  0.000000E+00  0.000000E+00  0.515712E-03  0.152017E+03
  0.216350E+01  0.164547E+03  0.834834E+02  0.000000E+00  0.000000E+00  0.818802E-03  0.149439E+03
  0.218525E+01  0.161755E+03  0.820673E+02  0.000000E+00  0.000000E+00  0.114107E-02  0.146904E+03
  0.220721E+01  0.159010E+03  0.806747E+02  0.000000E+00  0.000000E+00  0.931742E-03  0.144411E+03
  0.222939E+01  0.156310E+03  0.793050E+02  0.000000E+00  0.000000E+00  0.611839E-03  0.141959E+03
  0.225180E+01  0.153654E+03  0.779581E+02  0.000000E+00  0.000000E+00  0.590840E-03  0.139547E+03
  0.227443E+01  0.151043E+03  0.766335E+02  0.000000E+00  0.000000E+00  0.194133E-03  0.137176E+03
  0.229728E+01  0.148476E+03  0.753311E+02  0.000000E+00  0.000000E+00  0.592816E-03  0.134844E+03
  0.232037E+01  0.145950E+03  0.740501E+02  0.000000E+00  0.000000E+00  0.473363E-03  0.132551E+03
  0.234369E+01  0.143467E+03  0.727904E+02  0.000000E+00  0.000000E+00  0.230977E-03  0.130296E+03
  0.236725E+01  0.141025E+03  0.715516E+02  0.000000E+00  0.000000E+00  0.397276E-03  0.128078E+03
  0.239104E+01  0.138624E+03  0.703336E+02  0.000000E+00  0.000000E+00  0.264397E-03  0.125897E+03
  0.241507E+01  0.136263E+03  0.691357E+02  0.000000E+00  0.000000E+00  0.799230E-03  0.123753E+03
  0.243934E+01  0.133940E+03  0.679577E+02  0.000000E+00  0.000000E+00  0.217138E-03  0.121644E+03
  0.246386E+01  0.131657E+03  0.667994E+02  0.000000E+00  0.000000E+00  0.694961E-03  0.119570E+03
  0.248862E+01  0.129412E+03  0.656604E+02  0.000000E+00  0.000000E+00  0.316800E-03  0.117531E+03
  0.251363E+01  0.127204E+03  0.645404E+02  0.000000E+00  0.000000E+00  0.508729E-03  0.115526E+03
  0.253889E+01  0.125033E+03  0.634390E+02  0.000000E+00  0.000000E+00  0.265188E-03  0.113554E+03
  0.256441E+01  0.122898E+03  0.623560E+02  0.000000E+00  0.000000E+00  0.471837E-03  0.111615E+03
  0.259018E+01  0.120799E+03  0.612911E+02  0.000000E+00  0.000000E+00 -0.287471E-04  0.109708E+03
  0.261621E+01  0.118734E+03  0.602439E+02  0.000000E+00  0.000000E+00  0.315710E-03  0.107834E+03
  0.264251E+01  0.116704E+03  0.592142E+02  0.000000E+00  0.000000E+00  0.163290E-03  0.105990E+03
  0.266906E+01  0.114708E+03  0.582016E+02  0.000000E+00  0.000000E+00  0.411417E-03  0.104177E+03
  0.269589E+01  0.112746E+03  0.572060E+02  0.000000E+00  0.000000E+00  0.400512E-03  0.102395E+03
  0.272298E+01  0.110816E+03  0.562270E+02  0.000000E+00  0.000000E+00  0.407250E-03  0.100643E+03
  0.275035E+01  0.108919E+03  0.552644E+02  0.000000E+00  0.000000E+00  0.303966E-03  0.989194E+02
  0.277799E+01  0.107053E+03  0.543180E+02  0.000000E+00  0.000000E+00  0.747807E-04  0.972252E+02
  0.280591E+01  0.105219E+03  0.533874E+02  0.000000E+00  0.000000E+00  0.345247E-03  0.955593E+02
  0.283411E+01  0.103415E+03  0.524725E+02  0.000000E+00  0.000000E+00  0.128464E-03  0.939215E+02
  0.286259E+01  0.101642E+03  0.515728E+02  0.000000E+00  0.000000E+00  0.998283E-04  0.923109E+02
  0.289136E+01  0.998985E+02  0.506882E+02  0.000000E+00  0.000000E+00  0.506951E-04  0.907274E+02
  0.292042E+01  0.981843E+02  0.498186E+02  0.000000E+00  0.000000E+00  0.279473E-03  0.891706E+02
  0.294977E+01  0.964990E+02  0.489637E+02  0.000000E+00  0.000000E+00  0.317843E-03  0.876401E+02
  0.297942E+01  0.948419E+02  0.481229E+02  0.000000E+00  0.000000E+00  0.353441E-03  0.861351E+02
  0.300936E+01  0.932125E+02  0.472963E+02  0.000000E+00  0.000000E+00  0.324534E-03  0.846553E+02
  0.303961E+01  0.916107E+02  0.464837E+02  0.000000E+00  0.000000E+00  0.294771E-03  0.832006E+02
  0.307015E+01  0.900360E+02  0.456848E+02  0.000000E+00  0.000000E+00  0.261314E-03  0.817705E+02
  0.310101E+01  0.884875E+02  0.448992E+02  0.000000E+00  0.000000E+00  0.203546E-03  0.803642E+02
  0.313218E+01  0.869652E+02  0.441269E+02  0.000000E+00  0.000000E+00  0.181898E-03  0.789816E+02
  0.316366E+01  0.854686E+02  0.433676E+02  0.000000E+00  0.000000E+00  0.192260E-03  0.776224E+02
  0.319545E+01  0.839972E+02  0.426212E+02  0.000000E+00  0.000000E+00  0.261725E-03  0.762861E+02
  0.322756E+01  0.825505E+02  0.418872E+02  0.000000E+00  0.000000E+00  0.312436E-03  0.749723E+02
  0.326000E+01  0.811284E+02  0.411657E+02  0.000000E+00  0.000000E+00  0.237658E-03  0.736807E+02
  0.329277E+01  0.797301E+02  0.404562E+02  0.000000E+00  0.000000E+00  0.154376E-03  0.724108E+02
  0.332586E+01  0.783556E+02  0.397589E+02  0.000000E+00  0.000000E+00  0.165640E-03  0.711625E+02
  0.335928E+01  0.770043E+02  0.390733E+02  0.000000E+00  0.000000E+00  0.260047E-03  0.699352E+02
  0.339305E+01  0.756757E+02  0.383992E+02  0.000000E+00  0.000000E+00  0.109692E-04  0.687286E+02
  0.342715E+01  0.743697E+02  0.377366E+02  0.000000E+00  0.000000E+00  0.766008E-04  0.675425E+02
  0.346159E+01  0.730858E+02  0.370852E+02  0.000000E+00  0.000000E+00  0.736431E-04  0.663765E+02
  0.349638E+01  0.718237E+02  0.364449E+02  0.000000E+00  0.000000E+00  0.629122E-04  0.652303E+02
  0.353152E+01  0.705829E+02  0.358153E+02  0.000000E+00  0.000000E+00  0.100138E-03  0.641034E+02
  0.356701E+01  0.693631E+02  0.351965E+02  0.000000E+00  0.000000E+00  0.149692E-03  0.629956E+02
  0.360286E+01  0.681641E+02  0.345882E+02  0.000000E+00  0.000000E+00  0.122767E-03  0.619067E+02
  0.363907E+01  0.669853E+02  0.339901E+02  0.000000E+00  0.000000E+00  0.466320E-04  0.608361E+02
  0.367564E+01  0.658265E+02  0.334022E+02  0.000000E+00  0.000000E+00  0.414951E-04  0.597837E+02
  0.371258E+01  0.646875E+02  0.328243E+02  0.000000E+00  0.000000E+00  0.751079E-05  0.587492E+02
  0.374990E+01  0.635676E+02  0.322561E+02  0.000000E+00  0.000000E+00  0.187066E-03  0.577322E+02
  0.378758E+01  0.624670E+02  0.316977E+02  0.000000E+00  0.000000E+00  0.110488E-03  0.567326E+02
  0.382565E+01  0.613849E+02  0.311487E+02  0.000000E+00  0.000000E+00  0.324601E-04  0.557499E+02
  0.386410E+01  0.603212E+02  0.306090E+02  0.000000E+00  0.000000E+00  0.119511E-03  0.547838E+02
  0.390293E+01  0.592756E+02  0.300785E+02  0.000000E+00  0.000000E+00  0.142415E-04  0.538343E+02
  0.394216E+01  0.582479E+02  0.295570E+02  0.000000E+00  0.000000E+00  0.928277E-04  0.529009E+02
  0.398178E+01  0.572376E+02  0.290444E+02  0.000000E+00  0.000000E+00  0.687031E-04  0.519834E+02
  0.402179E+01  0.562445E+02  0.285406E+02  0.000000E+00  0.000000E+00  0.559497E-04  0.510814E+02
  0.406221E+01  0.552683E+02  0.280452E+02  0.000000E+00  0.000000E+00  0.481034E-04  0.501949E+02
  0.410304E+01  0.543089E+02  0.275584E+02  0.000000E+00  0.000000E+00  0.931682E-04  0.493235E+02
  0.414427E+01  0.533658E+02  0.270799E+02  0.000000E+00  0.000000E+00 -0.106882E-04  0.484670E+02
  0.418593E+01  0.524387E+02  0.266095E+02  0.000000E+00  0.000000E+00  0.231739E-05  0.476250E+02
  0.422800E+01  0.515274E+02  0.261472E+02  0.000000E+00  0.000000E+00 -0.154870E-04  0.467974E+02
  0.427049E+01  0.506318E+02  0.256927E+02  0.000000E+00  0.000000E+00  0.584894E-04  0.459840E+02
  0.431341E+01  0.497515E+02  0.252461E+02  0.000000E+00  0.000000E+00  0.110957E-03  0.451845E+02
  0.435676E+01  0.488861E+02  0.248070E+02  0.000000E+00  0.000000E+00  0.414515E-04  0.443985E+02
  0.440054E+01  0.480355E+02  0.243754E+02  0.000000E+00  0.000000E+00  0.935937E-05  0.436260E+02
  0.444477E+01  0.471995E+02  0.239512E+02  0.000000E+00  0.000000E+00  0.414221E-04  0.428668E+02
  0.448944E+01  0.463778E+02  0.235343E+02  0.000000E+00  0.000000E+00  0.199805E-04  0.421205E+02
  0.453456E+01  0.455701E+02  0.231245E+02  0.000000E+00  0.000000E+00 -0.493501E-05  0.413869E+02
  0.458013E+01  0.447762E+02  0.227216E+02  0.000000E+00  0.000000E+00  0.594948E-04  0.406659E+02
  0.462616E+01  0.439960E+02  0.223258E+02  0.000000E+00  0.000000E+00  0.471675E-04  0.399574E+02
  0.467266E+01  0.432291E+02  0.219366E+02  0.000000E+00  0.000000E+00  0.893602E-04  0.392609E+02
  0.471962E+01  0.424753E+02  0.215542E+02  0.000000E+00  0.000000E+00  0.756327E-05  0.385763E+02
  0.476705E+01  0.417345E+02  0.211783E+02  0.000000E+00  0.000000E+00  0.285635E-04  0.379035E+02
  0.481496E+01  0.410064E+02  0.208088E+02  0.000000E+00  0.000000E+00  0.282406E-04  0.372422E+02
  0.486335E+01  0.402908E+02  0.204457E+02  0.000000E+00  0.000000E+00  0.424786E-04  0.365923E+02
  0.491223E+01  0.395874E+02  0.200888E+02  0.000000E+00  0.000000E+00  0.480610E-04  0.359535E+02
  0.496160E+01  0.388962E+02  0.197381E+02  0.000000E+00  0.000000E+00  0.214771E-04  0.353257E+02
  0.501147E+01  0.382167E+02  0.193933E+02  0.000000E+00  0.000000E+00  0.272564E-04  0.347087E+02
  0.506183E+01  0.375491E+02  0.190545E+02  0.000000E+00  0.000000E+00  0.355541E-04  0.341023E+02
  0.511270E+01  0.368928E+02  0.187216E+02  0.000000E+00  0.000000E+00  0.393230E-04  0.335063E+02
  0.516409E+01  0.362478E+02  0.183943E+02  0.000000E+00  0.000000E+00  0.618106E-04  0.329205E+02
  0.521599E+01  0.356140E+02  0.180726E+02  0.000000E+00  0.000000E+00  0.131101E-04  0.323448E+02
  0.526840E+01  0.349910E+02  0.177566E+02  0.000000E+00  0.000000E+00  0.850033E-05  0.317791E+02
  0.532135E+01  0.343787E+02  0.174459E+02  0.000000E+00  0.000000E+00  0.334241E-04  0.312230E+02
  0.537484E+01  0.337770E+02  0.171405E+02  0.000000E+00  0.000000E+00  0.350158E-04  0.306765E+02
  0.542885E+01  0.331857E+02  0.168405E+02  0.000000E+00  0.000000E+00 -0.681727E-06  0.301395E+02
  0.548341E+01  0.326046E+02  0.165456E+02  0.000000E+00  0.000000E+00  0.322189E-04  0.296117E+02
  0.553852E+01  0.320334E+02  0.162558E+02  0.000000E+00  0.000000E+00  0.176932E-04  0.290930E+02
  0.559419E+01  0.314721E+02  0.159710E+02  0.000000E+00  0.000000E+00  0.931597E-05  0.285832E+02
  0.565041E+01  0.309205E+02  0.156911E+02  0.000000E+00  0.000000E+00  0.454316E-04  0.280822E+02
  0.570719E+01  0.303785E+02  0.154160E+02  0.000000E+00  0.000000E+00  0.150161E-04  0.275899E+02
  0.576455E+01  0.298457E+02  0.151457E+02  0.000000E+00  0.000000E+00  0.241115E-04  0.271061E+02
  0.582249E+01  0.293222E+02  0.148800E+02  0.000000E+00  0.000000E+00  0.110321E-05  0.266306E+02
  0.588101E+01  0.288077E+02  0.146190E+02  0.000000E+00  0.000000E+00 -0.104862E-04  0.261634E+02
  0.594011E+01  0.283021E+02  0.143624E+02  0.000000E+00  0.000000E+00  0.269695E-04  0.257042E+02
  0.599981E+01  0.278053E+02  0.141103E+02  0.000000E+00  0.000000E+00  0.116523E-04  0.252529E+02
  0.606011E+01  0.273170E+02  0.138625E+02  0.000000E+00  0.000000E+00  0.304090E-05  0.248095E+02
  0.612102E+01  0.268371E+02  0.136190E+02  0.000000E+00  0.000000E+00  0.103081E-04  0.243737E+02
  0.618253E+01  0.263656E+02  0.133797E+02  0.000000E+00  0.000000E+00  0.211012E-04  0.239454E+02
  0.624467E+01  0.259022E+02  0.131446E+02  0.000000E+00  0.000000E+00  0.671230E-05  0.235246E+02
  0.630743E+01  0.254469E+02  0.129135E+02  0.000000E+00  0.000000E+00  0.316296E-06  0.231111E+02
  0.637082E+01  0.249994E+02  0.126865E+02  0.000000E+00  0.000000E+00  0.549610E-05  0.227047E+02
  0.643485E+01  0.245597E+02  0.124633E+02  0.000000E+00  0.000000E+00 -0.991071E-05  0.223053E+02
  0.649952E+01  0.241277E+02  0.122441E+02  0.000000E+00  0.000000E+00 -0.371613E-05  0.219130E+02
  0.656484E+01  0.237031E+02  0.120286E+02  0.000000E+00  0.000000E+00  0.136277E-05  0.215273E+02
  0.663082E+01  0.232858E+02  0.118169E+02  0.000000E+00  0.000000E+00 -0.961980E-05  0.211484E+02
  0.669746E+01  0.228758E+02  0.116089E+02  0.000000E+00  0.000000E+00  0.166511E-04  0.207760E+02
  0.676476E+01  0.224730E+02  0.114044E+02  0.000000E+00  0.000000E+00  0.213649E-05  0.204102E+02
  0.683275E+01  0.220771E+02  0.112035E+02  0.000000E+00  0.000000E+00  0.232948E-04  0.200506E+02
  0.690143E+01  0.216881E+02  0.110061E+02  0.000000E+00  0.000000E+00  0.160640E-04  0.196973E+02
  0.697079E+01  0.213058E+02  0.108121E+02  0.000000E+00  0.000000E+00  0.611044E-05  0.193501E+02
  0.704084E+01  0.209302E+02  0.106215E+02  0.000000E+00  0.000000E+00  0.176364E-04  0.190090E+02
  0.711160E+01  0.205611E+02  0.104342E+02  0.000000E+00  0.000000E+00  0.188606E-04  0.186738E+02
  0.718308E+01  0.201984E+02  0.102502E+02  0.000000E+00  0.000000E+00  0.698009E-05  0.183444E+02
  0.725527E+01  0.198421E+02  0.100693E+02  0.000000E+00  0.000000E+00  0.157369E-04  0.180207E+02
  0.732818E+01  0.194919E+02  0.989167E+01  0.000000E+00  0.000000E+00 -0.104327E-05  0.177028E+02
  0.740183E+01  0.191479E+02  0.971707E+01  0.000000E+00  0.000000E+00  0.138954E-05  0.173903E+02
  0.747622E+01  0.188098E+02  0.954551E+01  0.000000E+00  0.000000E+00 -0.320332E-06  0.170832E+02
  0.755136E+01  0.184776E+02  0.937694E+01  0.000000E+00  0.000000E+00  0.178725E-04  0.167815E+02
  0.762725E+01  0.181512E+02  0.921131E+01  0.000000E+00  0.000000E+00  0.510611E-06  0.164851E+02
  0.770391E+01  0.178305E+02  0.904854E+01  0.000000E+00  0.000000E+00  0.816669E-05  0.161938E+02
  0.778133E+01  0.175153E+02  0.888862E+01  0.000000E+00  0.000000E+00  0.814137E-07  0.159076E+02
  0.785954E+01  0.172057E+02  0.873148E+01  0.000000E+00  0.000000E+00  0.805099E-05  0.156264E+02
  0.793853E+01  0.169015E+02  0.857709E+01  0.000000E+00  0.000000E+00  0.686419E-06  0.153501E+02
  0.801831E+01  0.166025E+02  0.842539E+01  0.000000E+00  0.000000E+00  0.294920E-05  0.150786E+02
  0.809890E+01  0.163088E+02  0.827634E+01  0.000000E+00  0.000000E+00  0.629480E-05  0.148118E+02
  0.818029E+01  0.160202E+02  0.812989E+01  0.000000E+00  0.000000E+00  0.599515E-06  0.145497E+02
  0.826251E+01  0.157367E+02  0.798599E+01  0.000000E+00  0.000000E+00  0.118386E-04  0.142922E+02
  0.834554E+01  0.154581E+02  0.784463E+01  0.000000E+00  0.000000E+00  0.101557E-04  0.140392E+02
  0.842942E+01  0.151844E+02  0.770572E+01  0.000000E+00  0.000000E+00 -0.233629E-05  0.137906E+02
  0.851414E+01  0.149154E+02  0.756923E+01  0.000000E+00  0.000000E+00  0.916256E-06  0.135463E+02
  0.859971E+01  0.146512E+02  0.743513E+01  0.000000E+00  0.000000E+00  0.893110E-05  0.133064E+02
  0.868613E+01  0.143916E+02  0.730338E+01  0.000000E+00  0.000000E+00  0.118843E-05  0.130706E+02
  0.877343E+01  0.141365E+02  0.717393E+01  0.000000E+00  0.000000E+00  0.120606E-05  0.128389E+02
  0.886161E+01  0.138859E+02  0.704674E+01  0.000000E+00  0.000000E+00 -0.160735E-06  0.126113E+02
  0.895067E+01  0.136396E+02  0.692177E+01  0.000000E+00  0.000000E+00  0.402827E-05  0.123876E+02
  0.904062E+01  0.133977E+02  0.679901E+01  0.000000E+00  0.000000E+00  0.510396E-05  0.121679E+02
  0.913148E+01  0.131600E+02  0.667839E+01  0.000000E+00  0.000000E+00  0.395045E-05  0.119521E+02
  0.922325E+01  0.129265E+02  0.655988E+01  0.000000E+00  0.000000E+00 -0.136462E-08  0.117400E+02
  0.931595E+01  0.126971E+02  0.644344E+01  0.000000E+00  0.000000E+00  0.156926E-05  0.115316E+02
  0.940957E+01  0.124717E+02  0.632906E+01  0.000000E+00  0.000000E+00  0.146329E-05  0.113269E+02
  0.950414E+01  0.122502E+02  0.621666E+01  0.000000E+00  0.000000E+00  0.251157E-05  0.111258E+02
  0.959966E+01  0.120326E+02  0.610624E+01  0.000000E+00  0.000000E+00  0.143385E-05  0.109282E+02
  0.969614E+01  0.118189E+02  0.599776E+01  0.000000E+00  0.000000E+00  0.485112E-05  0.107340E+02
  0.979358E+01  0.116089E+02  0.589118E+01  0.000000E+00  0.000000E+00  0.378475E-06  0.105433E+02
  0.989201E+01  0.114026E+02  0.578647E+01  0.000000E+00  0.000000E+00  0.462752E-05  0.103559E+02
  0.999143E+01  0.111999E+02  0.568360E+01  0.000000E+00  0.000000E+00  0.155853E-06  0.101718E+02
  0.100918E+02  0.110007E+02  0.558253E+01  0.000000E+00  0.000000E+00  0.180990E-05  0.999093E+01
  0.101933E+02  0.108051E+02  0.548324E+01  0.000000E+00  0.000000E+00  0.886584E-05  0.981324E+01
  0.102957E+02  0.106129E+02  0.538570E+01  0.000000E+00  0.000000E+00  0.300800E-05  0.963869E+01
  0.103992E+02  0.104240E+02  0.528987E+01  0.000000E+00  0.000000E+00  0.184604E-05  0.946719E+01
  0.105037E+02  0.102385E+02  0.519572E+01  0.000000E+00  0.000000E+00  0.659732E-05  0.929870E+01
  0.106093E+02  0.100563E+02  0.510323E+01  0.000000E+00  0.000000E+00 -0.318490E-05  0.913318E+01
  0.107159E+02  0.987724E+01  0.501237E+01  0.000000E+00  0.000000E+00  0.516841E-05  0.897058E+01
  0.108236E+02  0.970134E+01  0.492310E+01  0.000000E+00  0.000000E+00 -0.167927E-06  0.881082E+01
  0.109324E+02  0.952853E+01  0.483539E+01  0.000000E+00  0.000000E+00  0.239311E-05  0.865388E+01
  0.110422E+02  0.935877E+01  0.474924E+01  0.000000E+00  0.000000E+00  0.834562E-06  0.849970E+01
  0.111532E+02  0.919202E+01  0.466461E+01  0.000000E+00  0.000000E+00 -0.889485E-07  0.834825E+01
  0.112653E+02  0.902818E+01  0.458146E+01  0.000000E+00  0.000000E+00  0.303981E-05  0.819946E+01
  0.113785E+02  0.886724E+01  0.449978E+01  0.000000E+00  0.000000E+00 -0.259557E-06  0.805328E+01
  0.114929E+02  0.870912E+01  0.441954E+01  0.000000E+00  0.000000E+00  0.101396E-05  0.790968E+01
  0.116084E+02  0.855381E+01  0.434071E+01  0.000000E+00  0.000000E+00  0.319911E-05  0.776863E+01
  0.117251E+02  0.840122E+01  0.426327E+01  0.000000E+00  0.000000E+00  0.203358E-05  0.763004E+01
  0.118429E+02  0.825132E+01  0.418719E+01  0.000000E+00  0.000000E+00 -0.261239E-05  0.749390E+01
  0.119619E+02  0.810407E+01  0.411246E+01  0.000000E+00  0.000000E+00 -0.103919E-05  0.736016E+01
  0.120821E+02  0.795942E+01  0.403905E+01  0.000000E+00  0.000000E+00  0.219416E-05  0.722879E+01
  0.122036E+02  0.781732E+01  0.396693E+01  0.000000E+00  0.000000E+00 -0.217737E-05  0.709973E+01
  0.123262E+02  0.767773E+01  0.389608E+01  0.000000E+00  0.000000E+00  0.779110E-06  0.697295E+01
  0.124501E+02  0.754060E+01  0.382648E+01  0.000000E+00  0.000000E+00 -0.449106E-06  0.684841E+01
  0.125752E+02  0.740590E+01  0.375812E+01  0.000000E+00  0.000000E+00  0.939772E-06  0.672607E+01
  0.127016E+02  0.727357E+01  0.369096E+01  0.000000E+00  0.000000E+00  0.106718E-05  0.660589E+01
  0.128293E+02  0.714358E+01  0.362499E+01  0.000000E+00  0.000000E+00  0.148340E-06  0.648783E+01
  0.129582E+02  0.701588E+01  0.356018E+01  0.000000E+00  0.000000E+00  0.191591E-05  0.637185E+01
  0.130884E+02  0.689045E+01  0.349652E+01  0.000000E+00  0.000000E+00  0.994653E-06  0.625793E+01
  0.132200E+02  0.676724E+01  0.343398E+01  0.000000E+00  0.000000E+00 -0.636321E-06  0.614603E+01
  0.133528E+02  0.664620E+01  0.337255E+01  0.000000E+00  0.000000E+00  0.851445E-06  0.603610E+01
  0.134870E+02  0.652730E+01  0.331221E+01  0.000000E+00  0.000000E+00 -0.466299E-06  0.592812E+01
  0.136226E+02  0.641051E+01  0.325293E+01  0.000000E+00  0.000000E+00  0.184690E-05  0.582204E+01
  0.137595E+02  0.629579E+01  0.319471E+01  0.000000E+00  0.000000E+00 -0.593648E-06  0.571785E+01
  0.138978E+02  0.618310E+01  0.313751E+01  0.000000E+00  0.000000E+00  0.318463E-06  0.561550E+01
  0.140374E+02  0.607240E+01  0.308133E+01  0.000000E+00  0.000000E+00  0.426823E-06  0.551496E+01
  0.141785E+02  0.596365E+01  0.302614E+01  0.000000E+00  0.000000E+00  0.145734E-05  0.541620E+01
  0.143210E+02  0.585685E+01  0.297193E+01  0.000000E+00  0.000000E+00 -0.130211E-05  0.531920E+01
  0.144649E+02  0.575193E+01  0.291868E+01  0.000000E+00  0.000000E+00  0.103381E-05  0.522391E+01
  0.146103E+02  0.564887E+01  0.286637E+01  0.000000E+00  0.000000E+00  0.717177E-06  0.513030E+01
  0.147572E+02  0.554763E+01  0.281499E+01  0.000000E+00  0.000000E+00  0.217781E-05  0.503836E+01
  0.149055E+02  0.544820E+01  0.276453E+01  0.000000E+00  0.000000E+00 -0.112045E-06  0.494806E+01
  0.150553E+02  0.535053E+01  0.271495E+01  0.000000E+00  0.000000E+00  0.113465E-05  0.485935E+01
  0.152066E+02  0.525459E+01  0.266626E+01  0.000000E+00  0.000000E+00  0.597929E-06  0.477221E+01
  0.153594E+02  0.516034E+01  0.261842E+01  0.000000E+00  0.000000E+00  0.712826E-06  0.468662E+01
  0.155138E+02  0.506778E+01  0.257145E+01  0.000000E+00  0.000000E+00  0.633020E-06  0.460255E+01
  0.156697E+02  0.497686E+01  0.252530E+01  0.000000E+00  0.000000E+00  0.114404E-05  0.451997E+01
  0.158272E+02  0.488755E+01  0.247997E+01  0.000000E+00  0.000000E+00  0.608859E-06  0.443886E+01
  0.159862E+02  0.479983E+01  0.243544E+01  0.000000E+00  0.000000E+00 -0.770581E-06  0.435919E+01
  0.161469E+02  0.471367E+01  0.239171E+01  0.000000E+00  0.000000E+00 -0.103021E-07  0.428094E+01
  0.163092E+02  0.462904E+01  0.234876E+01  0.000000E+00  0.000000E+00  0.369207E-06  0.420407E+01
  0.164731E+02  0.454591E+01  0.230657E+01  0.000000E+00  0.000000E+00  0.465247E-06  0.412857E+01
  0.166386E+02  0.446425E+01  0.226512E+01  0.000000E+00  0.000000E+00  0.500723E-07  0.405441E+01
  0.168059E+02  0.438405E+01  0.222442E+01  0.000000E+00  0.000000E+00  0.167857E-06  0.398157E+01
  0.169748E+02  0.430528E+01  0.218444E+01  0.000000E+00  0.000000E+00  0.414314E-06  0.391003E+01
  0.171454E+02  0.422791E+01  0.214516E+01  0.000000E+00  0.000000E+00  0.111988E-05  0.383976E+01
  0.173177E+02  0.415191E+01  0.210659E+01  0.000000E+00  0.000000E+00 -0.177715E-06  0.377074E+01
  0.174917E+02  0.407727E+01  0.206871E+01  0.000000E+00  0.000000E+00  0.355360E-06  0.370295E+01
  0.176675E+02  0.400396E+01  0.203150E+01  0.000000E+00  0.000000E+00  0.116599E-05  0.363637E+01
  0.178451E+02  0.393195E+01  0.199495E+01  0.000000E+00  0.000000E+00 -0.300547E-06  0.357096E+01
  0.180244E+02  0.386123E+01  0.195905E+01  0.000000E+00  0.000000E+00  0.357881E-06  0.350673E+01
  0.182056E+02  0.379176E+01  0.192379E+01  0.000000E+00  0.000000E+00  0.267549E-06  0.344363E+01
  0.183885E+02  0.372353E+01  0.188916E+01  0.000000E+00  0.000000E+00  0.273515E-06  0.338167E+01
  0.185734E+02  0.365652E+01  0.185515E+01  0.000000E+00  0.000000E+00 -0.332857E-06  0.332081E+01
  0.187600E+02  0.359070E+01  0.182174E+01  0.000000E+00  0.000000E+00  0.568489E-06  0.326103E+01
  0.189486E+02  0.352605E+01  0.178893E+01  0.000000E+00  0.000000E+00  0.821986E-06  0.320232E+01
  0.191390E+02  0.346256E+01  0.175670E+01  0.000000E+00  0.000000E+00 -0.423951E-06  0.314465E+01
  0.193313E+02  0.340020E+01  0.172505E+01  0.000000E+00  0.000000E+00  0.365183E-06  0.308802E+01
  0.195256E+02  0.333895E+01  0.169396E+01  0.000000E+00  0.000000E+00  0.790357E-06  0.303239E+01
  0.197219E+02  0.327880E+01  0.166343E+01  0.000000E+00  0.000000E+00 -0.456243E-06  0.297775E+01
  0.199201E+02  0.321972E+01  0.163344E+01  0.000000E+00  0.000000E+00 -0.694957E-06  0.292410E+01
  0.201203E+02  0.316169E+01  0.160399E+01  0.000000E+00  0.000000E+00  0.626394E-06  0.287139E+01
  0.203225E+02  0.310470E+01  0.157506E+01  0.000000E+00  0.000000E+00  0.108416E-06  0.281963E+01
  0.205267E+02  0.304872E+01  0.154665E+01  0.000000E+00  0.000000E+00  0.282971E-06  0.276879E+01
  0.207330E+02  0.299375E+01  0.151874E+01  0.000000E+00  0.000000E+00 -0.361651E-06  0.271887E+01
  0.209414E+02  0.293976E+01  0.149134E+01  0.000000E+00  0.000000E+00  0.145797E-06  0.266983E+01
  0.211519E+02  0.288673E+01  0.146442E+01  0.000000E+00  0.000000E+00  0.186372E-06  0.262167E+01
  0.213644E+02  0.283465E+01  0.143799E+01  0.000000E+00  0.000000E+00  0.392637E-06  0.257437E+01
  0.215791E+02  0.278351E+01  0.141203E+01  0.000000E+00  0.000000E+00  0.211335E-06  0.252792E+01
  0.217960E+02  0.273327E+01  0.138653E+01  0.000000E+00  0.000000E+00  0.255028E-06  0.248229E+01
  0.220151E+02  0.268394E+01  0.136149E+01  0.000000E+00  0.000000E+00 -0.692368E-07  0.243748E+01
  0.222363E+02  0.263548E+01  0.133689E+01  0.000000E+00  0.000000E+00  0.253794E-06  0.239348E+01
  0.224598E+02  0.258789E+01  0.131274E+01  0.000000E+00  0.000000E+00  0.703010E-07  0.235026E+01
  0.226855E+02  0.254116E+01  0.128901E+01  0.000000E+00  0.000000E+00  0.292619E-06  0.230781E+01
  0.229135E+02  0.249526E+01  0.126572E+01  0.000000E+00  0.000000E+00  0.144299E-06  0.226613E+01
  0.231438E+02  0.245019E+01  0.124284E+01  0.000000E+00  0.000000E+00  0.167873E-06  0.222519E+01
  0.233764E+02  0.240592E+01  0.122036E+01  0.000000E+00  0.000000E+00 -0.823525E-07  0.218498E+01
  0.236113E+02  0.236244E+01  0.119830E+01  0.000000E+00  0.000000E+00  0.218575E-06  0.214549E+01
  0.238487E+02  0.231974E+01  0.117662E+01  0.000000E+00  0.000000E+00  0.108226E-06  0.210671E+01
  0.240883E+02  0.227781E+01  0.115534E+01  0.000000E+00  0.000000E+00  0.462001E-06  0.206863E+01
  0.243304E+02  0.223662E+01  0.113443E+01  0.000000E+00  0.000000E+00  0.151089E-06  0.203122E+01
  0.245749E+02  0.219618E+01  0.111390E+01  0.000000E+00  0.000000E+00  0.173631E-06  0.199449E+01
  0.248219E+02  0.215646E+01  0.109374E+01  0.000000E+00  0.000000E+00  0.505913E-07  0.195842E+01
  0.250714E+02  0.211745E+01  0.107394E+01  0.000000E+00  0.000000E+00 -0.217273E-07  0.192299E+01
  0.253234E+02  0.207915E+01  0.105450E+01  0.000000E+00  0.000000E+00  0.125755E-06  0.188820E+01
  0.255779E+02  0.204153E+01  0.103540E+01  0.000000E+00  0.000000E+00  0.368929E-06  0.185403E+01
  0.258349E+02  0.200458E+01  0.101665E+01  0.000000E+00  0.000000E+00  0.204015E-06  0.182047E+01
  0.260946E+02  0.196830E+01  0.998228E+00  0.000000E+00  0.000000E+00  0.213332E-06  0.178752E+01
  0.263568E+02  0.193266E+01  0.980140E+00  0.000000E+00  0.000000E+00  0.325774E-07  0.175516E+01
  0.266217E+02  0.189767E+01  0.962379E+00  0.000000E+00  0.000000E+00 -0.120432E-06  0.172338E+01
  0.268893E+02  0.186331E+01  0.944935E+00  0.000000E+00  0.000000E+00  0.231626E-08  0.169217E+01
  0.271595E+02  0.182956E+01  0.927804E+00  0.000000E+00  0.000000E+00 -0.264844E-07  0.166152E+01
  0.274325E+02  0.179642E+01  0.910980E+00  0.000000E+00  0.000000E+00 -0.248237E-07  0.163141E+01
  0.277082E+02  0.176388E+01  0.894461E+00  0.000000E+00  0.000000E+00  0.350850E-07  0.160186E+01
  0.279866E+02  0.173191E+01  0.878236E+00  0.000000E+00  0.000000E+00 -0.322721E-07  0.157283E+01
  0.282679E+02  0.170053E+01  0.862303E+00  0.000000E+00  0.000000E+00 -0.131845E-06  0.154432E+01
  0.285520E+02  0.166970E+01  0.846656E+00  0.000000E+00  0.000000E+00  0.957755E-07  0.151633E+01
  0.288390E+02  0.163943E+01  0.831291E+00  0.000000E+00  0.000000E+00  0.188350E-06  0.148884E+01
  0.291288E+02  0.160971E+01  0.816203E+00  0.000000E+00  0.000000E+00 -0.311747E-07  0.146184E+01
  0.294216E+02  0.158052E+01  0.801385E+00  0.000000E+00  0.000000E+00  0.575312E-07  0.143533E+01
  0.297173E+02  0.155185E+01  0.786833E+00  0.000000E+00  0.000000E+00 -0.603046E-07  0.140929E+01
  0.300159E+02  0.152370E+01  0.772543E+00  0.000000E+00  0.000000E+00 -0.663325E-07  0.138373E+01
  0.303176E+02  0.149606E+01  0.758512E+00  0.000000E+00  0.000000E+00  0.823853E-07  0.135862E+01
  0.306223E+02  0.146892E+01  0.744731E+00  0.000000E+00  0.000000E+00  0.145615E-08  0.133397E+01
  0.309300E+02  0.144226E+01  0.731199E+00  0.000000E+00  0.000000E+00 -0.903713E-07  0.130975E+01
  0.312409E+02  0.141608E+01  0.717910E+00  0.000000E+00  0.000000E+00  0.634950E-07  0.128598E+01
  0.315549E+02  0.139038E+01  0.704861E+00  0.000000E+00  0.000000E+00  0.156585E-06  0.126263E+01
  0.318720E+02  0.136513E+01  0.692047E+00  0.000000E+00  0.000000E+00 -0.101795E-06  0.123971E+01
  0.321923E+02  0.134034E+01  0.679463E+00  0.000000E+00  0.000000E+00 -0.124003E-06  0.121719E+01
  0.325159E+02  0.131600E+01  0.667106E+00  0.000000E+00  0.000000E+00  0.621497E-07  0.119508E+01
  0.328426E+02  0.129210E+01  0.654972E+00  0.000000E+00  0.000000E+00  0.119310E-06  0.117337E+01
  0.331727E+02  0.126863E+01  0.643056E+00  0.000000E+00  0.000000E+00  0.372272E-07  0.115206E+01
  0.335061E+02  0.124558E+01  0.631354E+00  0.000000E+00  0.000000E+00 -0.301540E-07  0.113112E+01
  0.338429E+02  0.122294E+01  0.619864E+00  0.000000E+00  0.000000E+00  0.165589E-06  0.111056E+01
  0.341830E+02  0.120072E+01  0.608582E+00  0.000000E+00  0.000000E+00  0.133137E-06  0.109038E+01
  0.345265E+02  0.117889E+01  0.597502E+00  0.000000E+00  0.000000E+00  0.653747E-07  0.107055E+01
  0.348735E+02  0.115746E+01  0.586621E+00  0.000000E+00  0.000000E+00 -0.719719E-07  0.105109E+01
  0.352240E+02  0.113641E+01  0.575937E+00  0.000000E+00  0.000000E+00 -0.272299E-07  0.103197E+01
  0.355780E+02  0.111575E+01  0.565447E+00  0.000000E+00  0.000000E+00  0.871695E-07  0.101321E+01
  0.359356E+02  0.109546E+01  0.555145E+00  0.000000E+00  0.000000E+00 -0.108503E-06  0.994776E+00
  0.362967E+02  0.107553E+01  0.545029E+00  0.000000E+00  0.000000E+00  0.759855E-08  0.976678E+00
  0.366615E+02  0.105596E+01  0.535095E+00  0.000000E+00  0.000000E+00  0.179676E-07  0.958906E+00
  0.370300E+02  0.103675E+01  0.525341E+00  0.000000E+00  0.000000E+00  0.554538E-07  0.941455E+00
  0.374021E+02  0.101788E+01  0.515764E+00  0.000000E+00  0.000000E+00  0.608726E-07  0.924321E+00
  0.377780E+02  0.999359E+00  0.506359E+00  0.000000E+00  0.000000E+00  0.412368E-07  0.907495E+00
  0.381577E+02  0.981167E+00  0.497123E+00  0.000000E+00  0.000000E+00  0.177734E-07  0.890973E+00
  0.385412E+02  0.963304E+00  0.488055E+00  0.000000E+00  0.000000E+00  0.204166E-07  0.874749E+00
  0.389285E+02  0.945766E+00  0.479151E+00  0.000000E+00  0.000000E+00  0.646490E-07  0.858820E+00
  0.393198E+02  0.928543E+00  0.470407E+00  0.000000E+00  0.000000E+00  0.112008E-06  0.843177E+00
  0.397150E+02  0.911631E+00  0.461821E+00  0.000000E+00  0.000000E+00 -0.385890E-07  0.827817E+00
  0.401141E+02  0.895025E+00  0.453391E+00  0.000000E+00  0.000000E+00  0.948012E-07  0.812734E+00
  0.405172E+02  0.878720E+00  0.445113E+00  0.000000E+00  0.000000E+00 -0.281753E-07  0.797926E+00
  0.409244E+02  0.862709E+00  0.436984E+00  0.000000E+00  0.000000E+00  0.249280E-07  0.783384E+00
  0.413358E+02  0.846988E+00  0.429003E+00  0.000000E+00  0.000000E+00  0.187812E-07  0.769105E+00
  0.417512E+02  0.831551E+00  0.421165E+00  0.000000E+00  0.000000E+00 -0.517552E-07  0.755084E+00
  0.421708E+02  0.816394E+00  0.413471E+00  0.000000E+00  0.000000E+00  0.108553E-07  0.741319E+00
  0.425946E+02  0.801511E+00  0.405914E+00  0.000000E+00  0.000000E+00 -0.873648E-09  0.727801E+00
  0.430227E+02  0.786897E+00  0.398495E+00  0.000000E+00  0.000000E+00  0.699197E-07  0.714527E+00
  0.434551E+02  0.772547E+00  0.391209E+00  0.000000E+00  0.000000E+00 -0.176193E-07  0.701494E+00
  0.438918E+02  0.758458E+00  0.384056E+00  0.000000E+00  0.000000E+00 -0.455150E-07  0.688699E+00
  0.443329E+02  0.744624E+00  0.377032E+00  0.000000E+00  0.000000E+00  0.283578E-08  0.676133E+00
  0.447785E+02  0.731039E+00  0.370135E+00  0.000000E+00  0.000000E+00  0.557268E-07  0.663795E+00
  0.452285E+02  0.717701E+00  0.363363E+00  0.000000E+00  0.000000E+00 -0.801881E-08  0.651681E+00
  0.456831E+02  0.704606E+00  0.356715E+00  0.000000E+00  0.000000E+00  0.757053E-07  0.639787E+00
  0.461422E+02  0.691747E+00  0.350186E+00  0.000000E+00  0.000000E+00  0.248196E-07  0.628108E+00
  0.466059E+02  0.679120E+00  0.343775E+00  0.000000E+00  0.000000E+00 -0.224738E-07  0.616640E+00
  0.470743E+02  0.666723E+00  0.337481E+00  0.000000E+00  0.000000E+00 -0.416376E-07  0.605380E+00
  0.475475E+02  0.654550E+00  0.331300E+00  0.000000E+00  0.000000E+00 -0.140724E-07  0.594324E+00
  0.480253E+02  0.642599E+00  0.325232E+00  0.000000E+00  0.000000E+00  0.220685E-07  0.583470E+00
  0.485080E+02  0.630864E+00  0.319274E+00  0.000000E+00  0.000000E+00 -0.640932E-08  0.572811E+00
  0.489955E+02  0.619341E+00  0.313424E+00  0.000000E+00  0.000000E+00 -0.114107E-07  0.562345E+00
  0.494879E+02  0.608028E+00  0.307679E+00  0.000000E+00  0.000000E+00  0.390082E-07  0.552070E+00
  0.499852E+02  0.596920E+00  0.302040E+00  0.000000E+00  0.000000E+00 -0.268875E-07  0.541982E+00
  0.504876E+02  0.586014E+00  0.296502E+00  0.000000E+00  0.000000E+00 -0.163670E-07  0.532076E+00
  0.509950E+02  0.575305E+00  0.291064E+00  0.000000E+00  0.000000E+00  0.306885E-07  0.522349E+00
  0.515075E+02  0.564790E+00  0.285726E+00  0.000000E+00  0.000000E+00 -0.154320E-07  0.512799E+00
  0.520252E+02  0.554467E+00  0.280484E+00  0.000000E+00  0.000000E+00  0.299841E-07  0.503424E+00
  0.525480E+02  0.544331E+00  0.275337E+00  0.000000E+00  0.000000E+00  0.194269E-07  0.494217E+00
  0.530762E+02  0.534379E+00  0.270284E+00  0.000000E+00  0.000000E+00  0.147443E-07  0.485178E+00
  0.536096E+02  0.524607E+00  0.265322E+00  0.000000E+00  0.000000E+00  0.102196E-07  0.476303E+00
  0.541483E+02  0.515014E+00  0.260451E+00  0.000000E+00  0.000000E+00 -0.335853E-08  0.467590E+00
  0.546926E+02  0.505594E+00  0.255668E+00  0.000000E+00  0.000000E+00 -0.889222E-08  0.459034E+00
  0.552422E+02  0.496345E+00  0.250972E+00  0.000000E+00  0.000000E+00 -0.397048E-08  0.450634E+00
  0.557974E+02  0.487265E+00  0.246361E+00  0.000000E+00  0.000000E+00  0.759484E-08  0.442386E+00
  0.563582E+02  0.478350E+00  0.241834E+00  0.000000E+00  0.000000E+00  0.110469E-07  0.434289E+00
  0.569246E+02  0.469596E+00  0.237389E+00  0.000000E+00  0.000000E+00  0.174311E-07  0.426339E+00
  0.574967E+02  0.461002E+00  0.233025E+00  0.000000E+00  0.000000E+00 -0.118544E-07  0.418533E+00
  0.580746E+02  0.452564E+00  0.228740E+00  0.000000E+00  0.000000E+00 -0.151096E-07  0.410869E+00
  0.586582E+02  0.444280E+00  0.224534E+00  0.000000E+00  0.000000E+00 -0.261378E-08  0.403345E+00
  0.592477E+02  0.436145E+00  0.220403E+00  0.000000E+00  0.000000E+00  0.294497E-07  0.395957E+00
  0.598432E+02  0.428159E+00  0.216348E+00  0.000000E+00  0.000000E+00 -0.419611E-08  0.388703E+00
  0.604446E+02  0.420318E+00  0.212366E+00  0.000000E+00  0.000000E+00 -0.251637E-08  0.381581E+00
  0.610521E+02  0.412620E+00  0.208457E+00  0.000000E+00  0.000000E+00 -0.152467E-07  0.374589E+00
  0.616657E+02  0.405062E+00  0.204619E+00  0.000000E+00  0.000000E+00  0.222488E-07  0.367725E+00
  0.622854E+02  0.397642E+00  0.200851E+00  0.000000E+00  0.000000E+00 -0.181913E-08  0.360985E+00
  0.629114E+02  0.390356E+00  0.197151E+00  0.000000E+00  0.000000E+00 -0.279347E-08  0.354368E+00
  0.635437E+02  0.383203E+00  0.193519E+00  0.000000E+00  0.000000E+00  0.156853E-07  0.347871E+00
  0.641823E+02  0.376181E+00  0.189953E+00  0.000000E+00  0.000000E+00 -0.695968E-08  0.341493E+00
  0.648274E+02  0.369286E+00  0.186451E+00  0.000000E+00  0.000000E+00  0.858913E-08  0.335231E+00
  0.654789E+02  0.362517E+00  0.183013E+00  0.000000E+00  0.000000E+00 -0.165615E-08  0.329082E+00
  0.661370E+02  0.355871E+00  0.179638E+00  0.000000E+00  0.000000E+00  0.139905E-07  0.323046E+00
  0.668016E+02  0.349346E+00  0.176325E+00  0.000000E+00  0.000000E+00  0.610762E-08  0.317120E+00
  0.674730E+02  0.342940E+00  0.173072E+00  0.000000E+00  0.000000E+00  0.275328E-08  0.311301E+00
  0.681511E+02  0.336651E+00  0.169877E+00  0.000000E+00  0.000000E+00  0.935676E-08  0.305589E+00
  0.688361E+02  0.330476E+00  0.166742E+00  0.000000E+00  0.000000E+00 -0.112342E-08  0.299981E+00
  0.695279E+02  0.324414E+00  0.163663E+00  0.000000E+00  0.000000E+00 -0.541348E-08  0.294475E+00
  0.702266E+02  0.318463E+00  0.160640E+00  0.000000E+00  0.000000E+00  0.119296E-07  0.289069E+00
  0.709324E+02  0.312619E+00  0.157673E+00  0.000000E+00  0.000000E+00 -0.178358E-09  0.283762E+00
  0.716453E+02  0.306883E+00  0.154759E+00  0.000000E+00  0.000000E+00  0.106806E-07  0.278551E+00
  0.723653E+02  0.301251E+00  0.151899E+00  0.000000E+00  0.000000E+00  0.140662E-08  0.273436E+00
  0.730926E+02  0.295722E+00  0.149091E+00  0.000000E+00  0.000000E+00  0.291502E-08  0.268414E+00
  0.738272E+02  0.290293E+00  0.146334E+00  0.000000E+00  0.000000E+00 -0.114712E-07  0.263484E+00
  0.745692E+02  0.284964E+00  0.143627E+00  0.000000E+00  0.000000E+00  0.224436E-09  0.258643E+00
  0.753186E+02  0.279732E+00  0.140970E+00  0.000000E+00  0.000000E+00 -0.323825E-08  0.253891E+00
  0.760756E+02  0.274595E+00  0.138361E+00  0.000000E+00  0.000000E+00  0.109595E-07  0.249225E+00
  0.768402E+02  0.269552E+00  0.135799E+00  0.000000E+00  0.000000E+00  0.687923E-08  0.244645E+00
  0.776125E+02  0.264601E+00  0.133284E+00  0.000000E+00  0.000000E+00  0.603067E-08  0.240148E+00
  0.783925E+02  0.259741E+00  0.130816E+00  0.000000E+00  0.000000E+00 -0.963062E-08  0.235733E+00
  0.791803E+02  0.254969E+00  0.128392E+00  0.000000E+00  0.000000E+00  0.300517E-08  0.231399E+00
  0.799761E+02  0.250285E+00  0.126013E+00  0.000000E+00  0.000000E+00 -0.571413E-08  0.227144E+00
  0.807799E+02  0.245685E+00  0.123676E+00  0.000000E+00  0.000000E+00 -0.219775E-08  0.222967E+00
  0.815918E+02  0.241170E+00  0.121383E+00  0.000000E+00  0.000000E+00  0.148174E-08  0.218866E+00
  0.824117E+02  0.236738E+00  0.119132E+00  0.000000E+00  0.000000E+00  0.196876E-08  0.214840E+00
  0.832400E+02  0.232386E+00  0.116921E+00  0.000000E+00  0.000000E+00  0.564874E-08  0.210888E+00
  0.840766E+02  0.228114E+00  0.114751E+00  0.000000E+00  0.000000E+00  0.219647E-08  0.207007E+00
  0.849216E+02  0.223920E+00  0.112621E+00  0.000000E+00  0.000000E+00 -0.117685E-08  0.203198E+00
  0.857750E+02  0.219803E+00  0.110529E+00  0.000000E+00  0.000000E+00  0.494586E-08  0.199458E+00
  0.866371E+02  0.215761E+00  0.108476E+00  0.000000E+00  0.000000E+00 -0.182882E-08  0.195787E+00
  0.875078E+02  0.211792E+00  0.106460E+00  0.000000E+00  0.000000E+00 -0.360462E-08  0.192182E+00
  0.883873E+02  0.207897E+00  0.104481E+00  0.000000E+00  0.000000E+00  0.187496E-08  0.188644E+00
  0.892756E+02  0.204072E+00  0.102538E+00  0.000000E+00  0.000000E+00 -0.597596E-08  0.185170E+00
  0.901729E+02  0.200318E+00  0.100631E+00  0.000000E+00  0.000000E+00  0.164316E-08  0.181760E+00
  0.910790E+02  0.196632E+00  0.987585E-01  0.000000E+00  0.000000E+00  0.214401E-08  0.178412E+00
  0.919943E+02  0.193014E+00  0.969202E-01  0.000000E+00  0.000000E+00  0.447442E-08  0.175126E+00
  0.929189E+02  0.189462E+00  0.951155E-01  0.000000E+00  0.000000E+00  0.225813E-08  0.171899E+00
  0.938528E+02  0.185974E+00  0.933438E-01  0.000000E+00  0.000000E+00 -0.378671E-08  0.168732E+00
  0.947961E+02  0.182551E+00  0.916045E-01  0.000000E+00  0.000000E+00 -0.339623E-08  0.165622E+00
  0.957488E+02  0.179190E+00  0.898971E-01  0.000000E+00  0.000000E+00  0.449505E-09  0.162569E+00
  0.967111E+02  0.175891E+00  0.882208E-01  0.000000E+00  0.000000E+00  0.155656E-08  0.159573E+00
  0.976831E+02  0.172652E+00  0.865752E-01  0.000000E+00  0.000000E+00 -0.341708E-10  0.156631E+00
  0.986647E+02  0.169473E+00  0.849601E-01  0.000000E+00  0.000000E+00  0.235914E-08  0.153743E+00
  0.996563E+02  0.166351E+00  0.833741E-01  0.000000E+00  0.000000E+00 -0.565368E-08  0.150908E+00
  0.100658E+03  0.163287E+00  0.818172E-01  0.000000E+00  0.000000E+00 -0.372469E-09  0.148125E+00
