  0.352308E-05  0.413558E+07  0.413558E+07  0.551405E+07  0.551405E+07  0.414286E+07  0.413561E+07
  0.364246E-05  0.413558E+07  0.413558E+07  0.551405E+07  0.551405E+07  0.414286E+07  0.413561E+07
  0.376588E-05  0.413558E+07  0.413558E+07  0.551404E+07  0.551404E+07  0.414286E+07  0.413561E+07
  0.389348E-05  0.413558E+07  0.413558E+07  0.551404E+07  0.551404E+07  0.414286E+07  0.413561E+07
  0.402541E-05  0.413558E+07  0.413558E+07  0.551403E+07  0.551403E+07  0.414286E+07  0.413561E+07
  0.416180E-05  0.413558E+07  0.413558E+07  0.551403E+07  0.551403E+07  0.414285E+07  0.413561E+07
  0.430282E-05  0.413558E+07  0.413558E+07  0.551402E+07  0.551402E+07  0.414285E+07  0.413561E+07
  0.444861E-05  0.413558E+07  0.413558E+07  0.551402E+07  0.551401E+07  0.414285E+07  0.413561E+07
  0.459935E-05  0.413558E+07  0.413558E+07  0.551401E+07  0.551401E+07  0.414285E+07  0.413561E+07
  0.475519E-05  0.413558E+07  0.413558E+07  0.551400E+07  0.551400E+07  0.414285E+07  0.413561E+07
  0.491631E-05  0.413558E+07  0.413558E+07  0.551400E+07  0.551399E+07  0.414285E+07  0.413561E+07
  0.508290E-05  0.413558E+07  0.413558E+07  0.551399E+07  0.551398E+07  0.414285E+07  0.413561E+07
  0.525512E-05  0.413558E+07  0.413558E+07  0.551398E+07  0.551397E+07  0.414285E+07  0.413561E+07
  0.543319E-05  0.413558E+07  0.413558E+07  0.551397E+07  0.551396E+07  0.414285E+07  0.413561E+07
  0.561728E-05  0.413558E+07  0.413558E+07  0.551396E+07  0.551396E+07  0.414285E+07  0.413561E+07
  0.580762E-05  0.413558E+07  0.413558E+07  0.551395E+07  0.551394E+07  0.414285E+07  0.413561E+07
  0.600440E-05  0.413558E+07  0.413558E+07  0.551394E+07  0.551393E+07  0.414285E+07  0.413561E+07
  0.620785E-05  0.413558E+07  0.413558E+07  0.551393E+07  0.551392E+07  0.414285E+07  0.413561E+07
  0.641820E-05  0.413558E+07  0.413558E+07  0.551391E+07  0.551391E+07  0.414285E+07  0.413561E+07
  0.663567E-05  0.413558E+07  0.413558E+07  0.551390E+07  0.551389E+07  0.414285E+07  0.413561E+07
  0.686051E-05  0.413558E+07  0.413558E+07  0.551388E+07  0.551388E+07  0.414285E+07  0.413561E+07
  0.709297E-05  0.413558E+07  0.413558E+07  0.551387E+07  0.551386E+07  0.414285E+07  0.413561E+07
  0.733330E-05  0.413558E+07  0.413558E+07  0.551385E+07  0.551384E+07  0.414285E+07  0.413561E+07
  0.758178E-05  0.413558E+07  0.413558E+07  0.551383E+07  0.551383E+07  0.414284E+07  0.413561E+07
  0.783868E-05  0.413558E+07  0.413558E+07  0.551382E+07  0.551381E+07  0.414284E+07  0.413561E+07
  0.810428E-05  0.413558E+07  0.413558E+07  0.551379E+07  0.551378E+07  0.414284E+07  0.413561E+07
  0.837889E-05  0.413558E+07  0.413558E+07  0.551377E+07  0.551376E+07  0.414284E+07  0.413561E+07
  0.866280E-05  0.413558E+07  0.413558E+07  0.551375E+07  0.551374E+07  0.414284E+07  0.413561E+07
  0.895632E-05  0.413558E+07  0.413558E+07  0.551372E+07  0.551371E+07  0.414284E+07  0.413561E+07
  0.925979E-05  0.413558E+07  0.413558E+07  0.551370E+07  0.551368E+07  0.414284E+07  0.413561E+07
  0.957355E-05  0.413558E+07  0.413558E+07  0.551367E+07  0.551366E+07  0.414284E+07  0.413561E+07
  0.989794E-05  0.413558E+07  0.413558E+07  0.551364E+07  0.551362E+07  0.414283E+07  0.413561E+07
  0.102333E-04  0.413558E+07  0.413558E+07  0.551361E+07  0.551359E+07  0.414283E+07  0.413561E+07
  0.105801E-04  0.413558E+07  0.413558E+07  0.551357E+07  0.551355E+07  0.414283E+07  0.413561E+07
  0.109385E-04  0.413558E+07  0.413558E+07  0.551353E+07  0.551352E+07  0.414283E+07  0.413561E+07
  0.113092E-04  0.413558E+07  0.413558E+07  0.551349E+07  0.551347E+07  0.414283E+07  0.413561E+07
  0.116924E-04  0.413558E+07  0.413558E+07  0.551345E+07  0.551343E+07  0.414282E+07  0.413561E+07
  0.120886E-04  0.413558E+07  0.413558E+07  0.551341E+07  0.551338E+07  0.414282E+07  0.413561E+07
  0.124982E-04  0.413558E+07  0.413558E+07  0.551336E+07  0.551333E+07  0.414282E+07  0.413561E+07
  0.129217E-04  0.413558E+07  0.413558E+07  0.551330E+07  0.551328E+07  0.414282E+07  0.413561E+07
  0.133595E-04  0.413558E+07  0.413558E+07  0.551325E+07  0.551322E+07  0.414281E+07  0.413561E+07
  0.138122E-04  0.413558E+07  0.413558E+07  0.551319E+07  0.551316E+07  0.414281E+07  0.413560E+07
  0.142802E-04  0.413558E+07  0.413558E+07  0.551313E+07  0.551310E+07  0.414281E+07  0.413560E+07
  0.147640E-04  0.413558E+07  0.413558E+07  0.551306E+07  0.551302E+07  0.414280E+07  0.413560E+07
  0.152643E-04  0.413558E+07  0.413558E+07  0.551299E+07  0.551295E+07  0.414280E+07  0.413560E+07
  0.157815E-04  0.413558E+07  0.413558E+07  0.551291E+07  0.551287E+07  0.414280E+07  0.413560E+07
  0.163162E-04  0.413558E+07  0.413558E+07  0.551282E+07  0.551278E+07  0.414279E+07  0.413560E+07
  0.168691E-04  0.413558E+07  0.413557E+07  0.551274E+07  0.551269E+07  0.414279E+07  0.413560E+07
  0.174407E-04  0.413557E+07  0.413557E+07  0.551264E+07  0.551259E+07  0.414278E+07  0.413560E+07
  0.180316E-04  0.413557E+07  0.413557E+07  0.551254E+07  0.551249E+07  0.414278E+07  0.413560E+07
  0.186426E-04  0.413557E+07  0.413557E+07  0.551243E+07  0.551238E+07  0.414277E+07  0.413560E+07
  0.192743E-04  0.413557E+07  0.413557E+07  0.551232E+07  0.551226E+07  0.414276E+07  0.413560E+07
  0.199274E-04  0.413557E+07  0.413557E+07  0.551219E+07  0.551213E+07  0.414276E+07  0.413560E+07
  0.206026E-04  0.413557E+07  0.413557E+07  0.551206E+07  0.551199E+07  0.414275E+07  0.413560E+07
  0.213007E-04  0.413557E+07  0.413557E+07  0.551192E+07  0.551185E+07  0.414274E+07  0.413560E+07
  0.220224E-04  0.413557E+07  0.413557E+07  0.551177E+07  0.551169E+07  0.414274E+07  0.413560E+07
  0.227686E-04  0.413557E+07  0.413557E+07  0.551160E+07  0.551153E+07  0.414273E+07  0.413559E+07
  0.235401E-04  0.413557E+07  0.413557E+07  0.551143E+07  0.551135E+07  0.414272E+07  0.413559E+07
  0.243377E-04  0.413556E+07  0.413556E+07  0.551125E+07  0.551116E+07  0.414271E+07  0.413559E+07
  0.251624E-04  0.413556E+07  0.413556E+07  0.551105E+07  0.551095E+07  0.414270E+07  0.413559E+07
  0.260149E-04  0.413556E+07  0.413556E+07  0.551084E+07  0.551074E+07  0.414269E+07  0.413559E+07
  0.268964E-04  0.413556E+07  0.413556E+07  0.551061E+07  0.551050E+07  0.414267E+07  0.413559E+07
  0.278078E-04  0.413556E+07  0.413556E+07  0.551037E+07  0.551025E+07  0.414266E+07  0.413559E+07
  0.287500E-04  0.413556E+07  0.413556E+07  0.551012E+07  0.550999E+07  0.414265E+07  0.413558E+07
  0.297242E-04  0.413556E+07  0.413555E+07  0.550984E+07  0.550970E+07  0.414263E+07  0.413558E+07
  0.307313E-04  0.413555E+07  0.413555E+07  0.550955E+07  0.550940E+07  0.414262E+07  0.413558E+07
  0.317726E-04  0.413555E+07  0.413555E+07  0.550923E+07  0.550908E+07  0.414260E+07  0.413558E+07
  0.328492E-04  0.413555E+07  0.413555E+07  0.550890E+07  0.550873E+07  0.414258E+07  0.413558E+07
  0.339622E-04  0.413555E+07  0.413555E+07  0.550854E+07  0.550836E+07  0.414256E+07  0.413557E+07
  0.351130E-04  0.413554E+07  0.413554E+07  0.550815E+07  0.550796E+07  0.414254E+07  0.413557E+07
  0.363028E-04  0.413554E+07  0.413554E+07  0.550774E+07  0.550754E+07  0.414252E+07  0.413557E+07
  0.375328E-04  0.413554E+07  0.413554E+07  0.550730E+07  0.550709E+07  0.414250E+07  0.413556E+07
  0.388046E-04  0.413554E+07  0.413553E+07  0.550683E+07  0.550660E+07  0.414247E+07  0.413556E+07
  0.401194E-04  0.413553E+07  0.413553E+07  0.550633E+07  0.550608E+07  0.414245E+07  0.413556E+07
  0.414788E-04  0.413553E+07  0.413553E+07  0.550580E+07  0.550553E+07  0.414242E+07  0.413555E+07
  0.428843E-04  0.413552E+07  0.413552E+07  0.550522E+07  0.550494E+07  0.414239E+07  0.413555E+07
  0.443373E-04  0.413552E+07  0.413552E+07  0.550461E+07  0.550431E+07  0.414236E+07  0.413555E+07
  0.458397E-04  0.413552E+07  0.413551E+07  0.550396E+07  0.550364E+07  0.414232E+07  0.413554E+07
  0.473929E-04  0.413551E+07  0.413551E+07  0.550326E+07  0.550291E+07  0.414228E+07  0.413554E+07
  0.489987E-04  0.413551E+07  0.413550E+07  0.550251E+07  0.550214E+07  0.414224E+07  0.413553E+07
  0.506590E-04  0.413550E+07  0.413550E+07  0.550171E+07  0.550132E+07  0.414220E+07  0.413553E+07
  0.523755E-04  0.413550E+07  0.413549E+07  0.550086E+07  0.550044E+07  0.414216E+07  0.413552E+07
  0.541501E-04  0.413549E+07  0.413549E+07  0.549994E+07  0.549950E+07  0.414211E+07  0.413551E+07
  0.559850E-04  0.413548E+07  0.413548E+07  0.549897E+07  0.549849E+07  0.414206E+07  0.413551E+07
  0.578819E-04  0.413548E+07  0.413547E+07  0.549793E+07  0.549742E+07  0.414200E+07  0.413550E+07
  0.598432E-04  0.413547E+07  0.413546E+07  0.549681E+07  0.549627E+07  0.414194E+07  0.413549E+07
  0.618709E-04  0.413546E+07  0.413546E+07  0.549562E+07  0.549504E+07  0.414188E+07  0.413548E+07
  0.639673E-04  0.413545E+07  0.413545E+07  0.549435E+07  0.549373E+07  0.414181E+07  0.413547E+07
  0.661347E-04  0.413544E+07  0.413544E+07  0.549299E+07  0.549232E+07  0.414174E+07  0.413546E+07
  0.683756E-04  0.413543E+07  0.413543E+07  0.549154E+07  0.549083E+07  0.414166E+07  0.413545E+07
  0.706924E-04  0.413542E+07  0.413542E+07  0.548999E+07  0.548922E+07  0.414158E+07  0.413544E+07
  0.730878E-04  0.413541E+07  0.413540E+07  0.548833E+07  0.548751E+07  0.414149E+07  0.413543E+07
  0.755642E-04  0.413540E+07  0.413539E+07  0.548656E+07  0.548568E+07  0.414140E+07  0.413542E+07
  0.781246E-04  0.413539E+07  0.413538E+07  0.548466E+07  0.548373E+07  0.414130E+07  0.413541E+07
  0.807718E-04  0.413537E+07  0.413537E+07  0.548264E+07  0.548164E+07  0.414119E+07  0.413539E+07
  0.835086E-04  0.413536E+07  0.413535E+07  0.548048E+07  0.547941E+07  0.414108E+07  0.413538E+07
  0.863382E-04  0.413534E+07  0.413533E+07  0.547816E+07  0.547703E+07  0.414095E+07  0.413536E+07
  0.892636E-04  0.413532E+07  0.413532E+07  0.547570E+07  0.547448E+07  0.414082E+07  0.413534E+07
  0.922882E-04  0.413531E+07  0.413530E+07  0.547306E+07  0.547176E+07  0.414068E+07  0.413533E+07
  0.954153E-04  0.413529E+07  0.413528E+07  0.547024E+07  0.546885E+07  0.414053E+07  0.413531E+07
  0.986483E-04  0.413527E+07  0.413526E+07  0.546723E+07  0.546575E+07  0.414037E+07  0.413528E+07
  0.101991E-03  0.413525E+07  0.413524E+07  0.546401E+07  0.546243E+07  0.414020E+07  0.413526E+07
  0.105447E-03  0.413522E+07  0.413521E+07  0.546057E+07  0.545888E+07  0.414002E+07  0.413524E+07
  0.109020E-03  0.413520E+07  0.413519E+07  0.545690E+07  0.545510E+07  0.413982E+07  0.413521E+07
  0.112714E-03  0.413517E+07  0.413516E+07  0.545298E+07  0.545105E+07  0.413961E+07  0.413518E+07
  0.116533E-03  0.413514E+07  0.413513E+07  0.544879E+07  0.544673E+07  0.413939E+07  0.413516E+07
  0.120481E-03  0.413511E+07  0.413510E+07  0.544432E+07  0.544211E+07  0.413915E+07  0.413512E+07
  0.124564E-03  0.413508E+07  0.413506E+07  0.543954E+07  0.543719E+07  0.413889E+07  0.413509E+07
  0.128784E-03  0.413504E+07  0.413503E+07  0.543443E+07  0.543192E+07  0.413862E+07  0.413506E+07
  0.133148E-03  0.413501E+07  0.413499E+07  0.542898E+07  0.542630E+07  0.413833E+07  0.413502E+07
  0.137660E-03  0.413497E+07  0.413495E+07  0.542316E+07  0.542030E+07  0.413802E+07  0.413498E+07
  0.142324E-03  0.413492E+07  0.413491E+07  0.541695E+07  0.541389E+07  0.413768E+07  0.413493E+07
  0.147146E-03  0.413488E+07  0.413486E+07  0.541031E+07  0.540704E+07  0.413733E+07  0.413489E+07
  0.152132E-03  0.413483E+07  0.413481E+07  0.540323E+07  0.539974E+07  0.413695E+07  0.413484E+07
  0.157287E-03  0.413478E+07  0.413476E+07  0.539566E+07  0.539194E+07  0.413654E+07  0.413478E+07
  0.162617E-03  0.413472E+07  0.413470E+07  0.538759E+07  0.538361E+07  0.413611E+07  0.413472E+07
  0.168127E-03  0.413466E+07  0.413464E+07  0.537897E+07  0.537473E+07  0.413564E+07  0.413466E+07
  0.173823E-03  0.413460E+07  0.413457E+07  0.536978E+07  0.536524E+07  0.413515E+07  0.413460E+07
  0.179713E-03  0.413453E+07  0.413450E+07  0.535996E+07  0.535512E+07  0.413462E+07  0.413453E+07
  0.185802E-03  0.413446E+07  0.413443E+07  0.534949E+07  0.534433E+07  0.413405E+07  0.413445E+07
  0.192098E-03  0.413438E+07  0.413435E+07  0.533832E+07  0.533281E+07  0.413344E+07  0.413438E+07
  0.198607E-03  0.413430E+07  0.413426E+07  0.532641E+07  0.532052E+07  0.413280E+07  0.413429E+07
  0.205337E-03  0.413421E+07  0.413417E+07  0.531370E+07  0.530742E+07  0.413211E+07  0.413420E+07
  0.212294E-03  0.413412E+07  0.413408E+07  0.530014E+07  0.529345E+07  0.413137E+07  0.413410E+07
  0.219487E-03  0.413402E+07  0.413397E+07  0.528569E+07  0.527855E+07  0.413058E+07  0.413400E+07
  0.226924E-03  0.413391E+07  0.413386E+07  0.527029E+07  0.526267E+07  0.412974E+07  0.413389E+07
  0.234613E-03  0.413380E+07  0.413374E+07  0.525387E+07  0.524575E+07  0.412884E+07  0.413377E+07
  0.242563E-03  0.413367E+07  0.413362E+07  0.523637E+07  0.522771E+07  0.412787E+07  0.413364E+07
  0.250782E-03  0.413354E+07  0.413348E+07  0.521773E+07  0.520850E+07  0.412685E+07  0.413351E+07
  0.259279E-03  0.413340E+07  0.413334E+07  0.519787E+07  0.518804E+07  0.412575E+07  0.413336E+07
  0.268065E-03  0.413325E+07  0.413319E+07  0.517673E+07  0.516625E+07  0.412458E+07  0.413321E+07
  0.277148E-03  0.413309E+07  0.413302E+07  0.515422E+07  0.514305E+07  0.412332E+07  0.413305E+07
  0.286538E-03  0.413292E+07  0.413285E+07  0.513026E+07  0.511837E+07  0.412199E+07  0.413287E+07
  0.296247E-03  0.413274E+07  0.413266E+07  0.510476E+07  0.509211E+07  0.412056E+07  0.413268E+07
  0.306285E-03  0.413255E+07  0.413246E+07  0.507765E+07  0.506417E+07  0.411903E+07  0.413248E+07
  0.316663E-03  0.413234E+07  0.413224E+07  0.504881E+07  0.503448E+07  0.411740E+07  0.413227E+07
  0.327393E-03  0.413212E+07  0.413202E+07  0.501817E+07  0.500292E+07  0.411567E+07  0.413204E+07
  0.338486E-03  0.413188E+07  0.413177E+07  0.498561E+07  0.496939E+07  0.411381E+07  0.413179E+07
  0.349956E-03  0.413162E+07  0.413151E+07  0.495102E+07  0.493378E+07  0.411183E+07  0.413153E+07
  0.361813E-03  0.413135E+07  0.413124E+07  0.491431E+07  0.489599E+07  0.410971E+07  0.413126E+07
  0.374073E-03  0.413107E+07  0.413094E+07  0.487536E+07  0.485589E+07  0.410745E+07  0.413096E+07
  0.386748E-03  0.413076E+07  0.413062E+07  0.483405E+07  0.481338E+07  0.410504E+07  0.413064E+07
  0.399852E-03  0.413043E+07  0.413028E+07  0.479027E+07  0.476833E+07  0.410247E+07  0.413030E+07
  0.413401E-03  0.413008E+07  0.412992E+07  0.474389E+07  0.472061E+07  0.409973E+07  0.412994E+07
  0.427408E-03  0.412970E+07  0.412954E+07  0.469479E+07  0.467011E+07  0.409680E+07  0.412956E+07
  0.441890E-03  0.412930E+07  0.412913E+07  0.464285E+07  0.461670E+07  0.409368E+07  0.412914E+07
  0.456863E-03  0.412888E+07  0.412869E+07  0.458794E+07  0.456024E+07  0.409034E+07  0.412870E+07
  0.472343E-03  0.412842E+07  0.412822E+07  0.452994E+07  0.450063E+07  0.408679E+07  0.412824E+07
  0.488348E-03  0.412794E+07  0.412773E+07  0.446872E+07  0.443772E+07  0.408300E+07  0.412774E+07
  0.504895E-03  0.412742E+07  0.412720E+07  0.440417E+07  0.437141E+07  0.407896E+07  0.412720E+07
  0.522003E-03  0.412687E+07  0.412663E+07  0.433617E+07  0.430157E+07  0.407466E+07  0.412663E+07
  0.539690E-03  0.412628E+07  0.412603E+07  0.426462E+07  0.422811E+07  0.407007E+07  0.412603E+07
  0.557977E-03  0.412565E+07  0.412538E+07  0.418939E+07  0.415090E+07  0.406518E+07  0.412538E+07
  0.576883E-03  0.412498E+07  0.412470E+07  0.411042E+07  0.406988E+07  0.405997E+07  0.412469E+07
  0.596430E-03  0.412427E+07  0.412397E+07  0.402760E+07  0.398495E+07  0.405442E+07  0.412396E+07
  0.616639E-03  0.412351E+07  0.412319E+07  0.394088E+07  0.389605E+07  0.404851E+07  0.412318E+07
  0.637533E-03  0.412270E+07  0.412236E+07  0.385021E+07  0.380315E+07  0.404222E+07  0.412235E+07
  0.659135E-03  0.412184E+07  0.412148E+07  0.375556E+07  0.370621E+07  0.403553E+07  0.412146E+07
  0.681469E-03  0.412092E+07  0.412054E+07  0.365691E+07  0.360524E+07  0.402841E+07  0.412051E+07
  0.704560E-03  0.411994E+07  0.411954E+07  0.355430E+07  0.350027E+07  0.402083E+07  0.411951E+07
  0.728433E-03  0.411890E+07  0.411848E+07  0.344778E+07  0.339137E+07  0.401278E+07  0.411844E+07
  0.753115E-03  0.411779E+07  0.411735E+07  0.333743E+07  0.327862E+07  0.400423E+07  0.411730E+07
  0.778633E-03  0.411662E+07  0.411615E+07  0.322338E+07  0.316218E+07  0.399513E+07  0.411609E+07
  0.805016E-03  0.411537E+07  0.411487E+07  0.310580E+07  0.304223E+07  0.398548E+07  0.411480E+07
  0.832293E-03  0.411404E+07  0.411351E+07  0.298490E+07  0.291900E+07  0.397523E+07  0.411344E+07
  0.860494E-03  0.411262E+07  0.411207E+07  0.286096E+07  0.279277E+07  0.396436E+07  0.411198E+07
  0.889651E-03  0.411112E+07  0.411054E+07  0.273429E+07  0.266390E+07  0.395283E+07  0.411044E+07
  0.919795E-03  0.410953E+07  0.410892E+07  0.260528E+07  0.253278E+07  0.394061E+07  0.410880E+07
  0.950961E-03  0.410783E+07  0.410719E+07  0.247436E+07  0.239989E+07  0.392766E+07  0.410706E+07
  0.983184E-03  0.410604E+07  0.410537E+07  0.234205E+07  0.226574E+07  0.391395E+07  0.410522E+07
  0.101650E-02  0.410413E+07  0.410343E+07  0.220891E+07  0.213093E+07  0.389945E+07  0.410326E+07
  0.105094E-02  0.410211E+07  0.410138E+07  0.207556E+07  0.199611E+07  0.388412E+07  0.410119E+07
  0.108655E-02  0.409998E+07  0.409921E+07  0.194269E+07  0.186200E+07  0.386793E+07  0.409899E+07
  0.112337E-02  0.409771E+07  0.409692E+07  0.181105E+07  0.172937E+07  0.385083E+07  0.409667E+07
  0.116143E-02  0.409531E+07  0.409449E+07  0.168143E+07  0.159901E+07  0.383280E+07  0.409420E+07
  0.120078E-02  0.409278E+07  0.409192E+07  0.155465E+07  0.147179E+07  0.381379E+07  0.409160E+07
  0.124147E-02  0.409010E+07  0.408920E+07  0.143156E+07  0.134858E+07  0.379378E+07  0.408885E+07
  0.128354E-02  0.408726E+07  0.408634E+07  0.131303E+07  0.123023E+07  0.377273E+07  0.408594E+07
  0.132703E-02  0.408427E+07  0.408331E+07  0.119991E+07  0.111762E+07  0.375061E+07  0.408288E+07
  0.137199E-02  0.408111E+07  0.408013E+07  0.109301E+07  0.101156E+07  0.372740E+07  0.407964E+07
  0.141848E-02  0.407778E+07  0.407676E+07  0.993104E+06  0.912802E+06  0.370306E+07  0.407622E+07
  0.146654E-02  0.407427E+07  0.407322E+07  0.900861E+06  0.822005E+06  0.367758E+07  0.407262E+07
  0.151623E-02  0.407057E+07  0.406950E+07  0.816842E+06  0.739703E+06  0.365093E+07  0.406883E+07
  0.156761E-02  0.406667E+07  0.406558E+07  0.741460E+06  0.666277E+06  0.362310E+07  0.406485E+07
  0.162073E-02  0.406258E+07  0.406145E+07  0.674955E+06  0.601921E+06  0.359409E+07  0.406065E+07
  0.167564E-02  0.405827E+07  0.405712E+07  0.617363E+06  0.546622E+06  0.356388E+07  0.405624E+07
  0.173242E-02  0.405374E+07  0.405257E+07  0.568498E+06  0.500138E+06  0.353248E+07  0.405161E+07
  0.179112E-02  0.404899E+07  0.404780E+07  0.527936E+06  0.461983E+06  0.349989E+07  0.404675E+07
  0.185181E-02  0.404400E+07  0.404280E+07  0.495008E+06  0.431432E+06  0.346614E+07  0.404166E+07
  0.191456E-02  0.403877E+07  0.403755E+07  0.468816E+06  0.407528E+06  0.343124E+07  0.403632E+07
  0.197943E-02  0.403329E+07  0.403205E+07  0.448249E+06  0.389116E+06  0.339523E+07  0.403072E+07
  0.204650E-02  0.402756E+07  0.402629E+07  0.432031E+06  0.374882E+06  0.335815E+07  0.402486E+07
  0.211584E-02  0.402155E+07  0.402027E+07  0.418774E+06  0.363424E+06  0.332004E+07  0.401873E+07
  0.218753E-02  0.401527E+07  0.401397E+07  0.407056E+06  0.353323E+06  0.328095E+07  0.401232E+07
  0.226165E-02  0.400870E+07  0.400738E+07  0.395511E+06  0.343240E+06  0.324096E+07  0.400563E+07
  0.233829E-02  0.400184E+07  0.400049E+07  0.382925E+06  0.332012E+06  0.320014E+07  0.399864E+07
  0.241752E-02  0.399468E+07  0.399330E+07  0.368335E+06  0.318748E+06  0.315856E+07  0.399134E+07
  0.249943E-02  0.398720E+07  0.398579E+07  0.351119E+06  0.302911E+06  0.311630E+07  0.398373E+07
  0.258412E-02  0.397940E+07  0.397796E+07  0.331064E+06  0.284379E+06  0.307346E+07  0.397579E+07
  0.267168E-02  0.397126E+07  0.396978E+07  0.308397E+06  0.263466E+06  0.303013E+07  0.396752E+07
  0.276221E-02  0.396279E+07  0.396126E+07  0.283776E+06  0.240894E+06  0.298640E+07  0.395891E+07
  0.285580E-02  0.395396E+07  0.395238E+07  0.258223E+06  0.217714E+06  0.294236E+07  0.394994E+07
  0.295257E-02  0.394480E+07  0.394316E+07  0.233003E+06  0.195173E+06  0.290401E+07  0.394066E+07
  0.305261E-02  0.393523E+07  0.393354E+07  0.209441E+06  0.174531E+06  0.285980E+07  0.393096E+07
  0.315604E-02  0.392529E+07  0.392353E+07  0.188739E+06  0.156871E+06  0.281548E+07  0.392087E+07
  0.326298E-02  0.391495E+07  0.391311E+07  0.171754E+06  0.142896E+06  0.277108E+07  0.391039E+07
  0.337354E-02  0.390420E+07  0.390229E+07  0.158831E+06  0.132782E+06  0.272666E+07  0.389951E+07
  0.348785E-02  0.389304E+07  0.389105E+07  0.149701E+06  0.126114E+06  0.268224E+07  0.388821E+07
  0.360603E-02  0.388146E+07  0.387938E+07  0.143497E+06  0.121934E+06  0.263782E+07  0.387649E+07
  0.372822E-02  0.386943E+07  0.386726E+07  0.138897E+06  0.118912E+06  0.259128E+07  0.386432E+07
  0.385454E-02  0.385696E+07  0.385470E+07  0.134389E+06  0.115627E+06  0.254659E+07  0.385172E+07
  0.398515E-02  0.384404E+07  0.384168E+07  0.128621E+06  0.110905E+06  0.250182E+07  0.383866E+07
  0.412018E-02  0.383065E+07  0.382818E+07  0.120747E+06  0.104127E+06  0.245692E+07  0.382514E+07
  0.425979E-02  0.381678E+07  0.381421E+07  0.110684E+06  0.954174E+05  0.241186E+07  0.381114E+07
  0.440412E-02  0.380243E+07  0.379974E+07  0.991694E+05  0.856241E+05  0.236657E+07  0.379665E+07
  0.455335E-02  0.378758E+07  0.378476E+07  0.875656E+05  0.760667E+05  0.232180E+07  0.378167E+07
  0.470764E-02  0.377221E+07  0.376927E+07  0.774273E+05  0.680879E+05  0.227605E+07  0.376617E+07
  0.486715E-02  0.375633E+07  0.375324E+07  0.699475E+05  0.625513E+05  0.222997E+07  0.375015E+07
  0.503206E-02  0.373991E+07  0.373668E+07  0.654731E+05  0.594729E+05  0.218356E+07  0.373360E+07
  0.520257E-02  0.372296E+07  0.371956E+07  0.633114E+05  0.579731E+05  0.213681E+07  0.371651E+07
  0.537885E-02  0.370545E+07  0.370187E+07  0.619701E+05  0.566275E+05  0.208947E+07  0.369886E+07
  0.556111E-02  0.368737E+07  0.368361E+07  0.598034E+05  0.541191E+05  0.204208E+07  0.368065E+07
  0.574954E-02  0.366872E+07  0.366476E+07  0.558133E+05  0.499037E+05  0.199446E+07  0.366186E+07
  0.594435E-02  0.364949E+07  0.364532E+07  0.502032E+05  0.445227E+05  0.194666E+07  0.364249E+07
  0.614577E-02  0.362966E+07  0.362527E+07  0.443142E+05  0.393160E+05  0.189874E+07  0.362252E+07
  0.635401E-02  0.360922E+07  0.360460E+07  0.398628E+05  0.356104E+05  0.185086E+07  0.360194E+07
  0.656931E-02  0.358816E+07  0.358329E+07  0.378375E+05  0.338369E+05  0.180289E+07  0.358074E+07
  0.679190E-02  0.356648E+07  0.356134E+07  0.377509E+05  0.331924E+05  0.175496E+07  0.355892E+07
  0.702203E-02  0.354415E+07  0.353873E+07  0.378606E+05  0.321934E+05  0.170712E+07  0.353645E+07
  0.725996E-02  0.352117E+07  0.351546E+07  0.363695E+05  0.298245E+05  0.165938E+07  0.351333E+07
  0.750596E-02  0.349753E+07  0.349150E+07  0.328008E+05  0.263965E+05  0.161188E+07  0.348955E+07
  0.776029E-02  0.347322E+07  0.346685E+07  0.283926E+05  0.232902E+05  0.156465E+07  0.346510E+07
  0.802324E-02  0.344822E+07  0.344150E+07  0.250042E+05  0.216561E+05  0.151776E+07  0.343997E+07
  0.829509E-02  0.342253E+07  0.341543E+07  0.233859E+05  0.212380E+05  0.147126E+07  0.341414E+07
  0.857616E-02  0.339613E+07  0.338864E+07  0.225213E+05  0.206146E+05  0.142517E+07  0.338761E+07
  0.886675E-02  0.336902E+07  0.336110E+07  0.228943E+05  0.187892E+05  0.137950E+07  0.336036E+07
  0.916719E-02  0.334118E+07  0.333282E+07  0.203708E+05  0.163870E+05  0.133421E+07  0.333239E+07
  0.947781E-02  0.331260E+07  0.330377E+07  0.179297E+05  0.148628E+05  0.128925E+07  0.330367E+07
  0.979895E-02  0.328328E+07  0.327395E+07  0.168788E+05  0.145317E+05  0.124456E+07  0.327421E+07
  0.101310E-01  0.325319E+07  0.324334E+07  0.163462E+05  0.141090E+05  0.120015E+07  0.324400E+07
  0.104742E-01  0.322234E+07  0.321193E+07  0.145799E+05  0.126516E+05  0.115613E+07  0.321301E+07
  0.108292E-01  0.319071E+07  0.317972E+07  0.118983E+05  0.110422E+05  0.111269E+07  0.318124E+07
  0.111961E-01  0.315829E+07  0.314668E+07  0.121176E+05  0.000000E+00  0.107007E+07  0.314869E+07
  0.115754E-01  0.312507E+07  0.311282E+07  0.122452E+05  0.000000E+00  0.102847E+07  0.311534E+07
  0.119677E-01  0.309104E+07  0.307811E+07  0.116211E+05  0.000000E+00  0.987956E+06  0.308118E+07
  0.123732E-01  0.305620E+07  0.304255E+07  0.949079E+04  0.000000E+00  0.948429E+06  0.304621E+07
  0.127924E-01  0.302053E+07  0.300614E+07  0.793513E+04  0.000000E+00  0.909650E+06  0.301041E+07
  0.132259E-01  0.298403E+07  0.296885E+07  0.788638E+04  0.000000E+00  0.871392E+06  0.297378E+07
  0.136740E-01  0.294669E+07  0.293069E+07  0.758903E+04  0.000000E+00  0.833582E+06  0.293631E+07
  0.141373E-01  0.290850E+07  0.289165E+07  0.697906E+04  0.000000E+00  0.796355E+06  0.289799E+07
  0.146164E-01  0.286946E+07  0.285172E+07  0.632374E+04  0.000000E+00  0.759983E+06  0.285883E+07
  0.151116E-01  0.282957E+07  0.281089E+07  0.581124E+04  0.000000E+00  0.724708E+06  0.281881E+07
  0.156237E-01  0.278882E+07  0.276918E+07  0.485904E+04  0.000000E+00  0.690606E+06  0.277793E+07
  0.161530E-01  0.274721E+07  0.272656E+07  0.503622E+04  0.000000E+00  0.657584E+06  0.273620E+07
  0.167004E-01  0.270475E+07  0.268306E+07  0.480527E+04  0.000000E+00  0.625491E+06  0.269361E+07
  0.172662E-01  0.266143E+07  0.263868E+07  0.367729E+04  0.000000E+00  0.594236E+06  0.265017E+07
  0.178513E-01  0.261727E+07  0.259342E+07  0.379189E+04  0.000000E+00  0.563824E+06  0.260589E+07
  0.184562E-01  0.257228E+07  0.254729E+07  0.378903E+04  0.000000E+00  0.534313E+06  0.256078E+07
  0.190815E-01  0.252647E+07  0.250032E+07  0.294868E+04  0.000000E+00  0.505757E+06  0.251486E+07
  0.197281E-01  0.247986E+07  0.245253E+07  0.294855E+04  0.000000E+00  0.478190E+06  0.246813E+07
  0.203965E-01  0.243247E+07  0.240393E+07  0.267707E+04  0.000000E+00  0.451603E+06  0.242064E+07
  0.210876E-01  0.238433E+07  0.235458E+07  0.276323E+04  0.000000E+00  0.425940E+06  0.237239E+07
  0.218022E-01  0.233548E+07  0.230450E+07  0.213226E+04  0.000000E+00  0.401177E+06  0.232344E+07
  0.225409E-01  0.228596E+07  0.225374E+07  0.210269E+04  0.000000E+00  0.377384E+06  0.227382E+07
  0.233047E-01  0.223581E+07  0.220237E+07  0.199224E+04  0.000000E+00  0.354617E+06  0.222358E+07
  0.240943E-01  0.218508E+07  0.215044E+07  0.172336E+04  0.000000E+00  0.332762E+06  0.217278E+07
  0.249107E-01  0.213386E+07  0.209803E+07  0.157552E+04  0.000000E+00  0.311702E+06  0.212148E+07
  0.257548E-01  0.208220E+07  0.204522E+07  0.154027E+04  0.000000E+00  0.291546E+06  0.206976E+07
  0.266274E-01  0.203019E+07  0.199210E+07  0.123636E+04  0.000000E+00  0.272443E+06  0.201770E+07
  0.275297E-01  0.197792E+07  0.193878E+07  0.131071E+04  0.000000E+00  0.254260E+06  0.196539E+07
  0.284625E-01  0.192549E+07  0.188538E+07  0.103750E+04  0.000000E+00  0.236959E+06  0.191294E+07
  0.294269E-01  0.187302E+07  0.183201E+07  0.103397E+04  0.000000E+00  0.220633E+06  0.186047E+07
  0.304240E-01  0.182062E+07  0.177882E+07  0.932165E+03  0.000000E+00  0.205234E+06  0.180808E+07
  0.314549E-01  0.176843E+07  0.172596E+07  0.822732E+03  0.000000E+00  0.190682E+06  0.175593E+07
  0.325207E-01  0.171658E+07  0.167358E+07  0.809831E+03  0.000000E+00  0.176938E+06  0.170414E+07
  0.336226E-01  0.166523E+07  0.162183E+07  0.780345E+03  0.000000E+00  0.163973E+06  0.165287E+07
  0.347618E-01  0.161452E+07  0.157090E+07  0.670966E+03  0.000000E+00  0.151775E+06  0.160227E+07
  0.359397E-01  0.156462E+07  0.152096E+07  0.507289E+03  0.000000E+00  0.140302E+06  0.155250E+07
  0.371575E-01  0.151567E+07  0.147217E+07  0.508387E+03  0.000000E+00  0.129628E+06  0.150373E+07
  0.384165E-01  0.146785E+07  0.142470E+07  0.489329E+03  0.000000E+00  0.119738E+06  0.145610E+07
  0.397182E-01  0.142130E+07  0.137873E+07  0.439098E+03  0.000000E+00  0.110487E+06  0.140978E+07
  0.410640E-01  0.137616E+07  0.133439E+07  0.382490E+03  0.000000E+00  0.101911E+06  0.136490E+07
  0.424554E-01  0.133256E+07  0.129183E+07  0.331260E+03  0.000000E+00  0.939829E+05  0.132160E+07
  0.438939E-01  0.129062E+07  0.125115E+07  0.275746E+03  0.000000E+00  0.866484E+05  0.127998E+07
  0.453571E-01  0.125105E+07  0.121303E+07  0.273254E+03  0.000000E+00  0.799880E+05  0.124076E+07
  0.468202E-01  0.121440E+07  0.117798E+07  0.242777E+03  0.000000E+00  0.740220E+05  0.120448E+07
  0.482833E-01  0.118046E+07  0.114575E+07  0.215609E+03  0.000000E+00  0.686782E+05  0.117091E+07
  0.497465E-01  0.114901E+07  0.111610E+07  0.209056E+03  0.000000E+00  0.638791E+05  0.113984E+07
  0.512096E-01  0.111984E+07  0.108877E+07  0.186146E+03  0.000000E+00  0.595461E+05  0.111104E+07
  0.526727E-01  0.109271E+07  0.106352E+07  0.180248E+03  0.000000E+00  0.556439E+05  0.108429E+07
  0.541358E-01  0.106741E+07  0.104008E+07  0.170556E+03  0.000000E+00  0.520897E+05  0.105937E+07
  0.555990E-01  0.104372E+07  0.101823E+07  0.151430E+03  0.000000E+00  0.488566E+05  0.103604E+07
  0.570621E-01  0.102144E+07  0.997720E+06  0.161273E+03  0.000000E+00  0.459055E+05  0.101411E+07
  0.585252E-01  0.100036E+07  0.978332E+06  0.125805E+03  0.000000E+00  0.431960E+05  0.993358E+06
  0.599884E-01  0.980295E+06  0.959858E+06  0.133498E+03  0.000000E+00  0.407063E+05  0.973607E+06
  0.614515E-01  0.961073E+06  0.942108E+06  0.117119E+03  0.000000E+00  0.383998E+05  0.954676E+06
  0.629146E-01  0.942534E+06  0.924910E+06  0.119654E+03  0.000000E+00  0.362705E+05  0.936407E+06
  0.643778E-01  0.924536E+06  0.908110E+06  0.109402E+03  0.000000E+00  0.342820E+05  0.918656E+06
  0.658409E-01  0.906955E+06  0.891576E+06  0.856443E+02  0.000000E+00  0.324275E+05  0.901297E+06
  0.673040E-01  0.889686E+06  0.875200E+06  0.871037E+02  0.000000E+00  0.306951E+05  0.884224E+06
  0.687672E-01  0.872639E+06  0.858891E+06  0.877467E+02  0.000000E+00  0.290667E+05  0.867350E+06
  0.702303E-01  0.855744E+06  0.842581E+06  0.770278E+02  0.000000E+00  0.275358E+05  0.850603E+06
  0.716934E-01  0.838948E+06  0.826222E+06  0.738568E+02  0.000000E+00  0.260928E+05  0.833933E+06
  0.731566E-01  0.822215E+06  0.809785E+06  0.758541E+02  0.000000E+00  0.247312E+05  0.817304E+06
  0.746197E-01  0.805526E+06  0.793261E+06  0.536692E+02  0.000000E+00  0.234449E+05  0.800697E+06
  0.760828E-01  0.788871E+06  0.776652E+06  0.788907E+02  0.000000E+00  0.222253E+05  0.784107E+06
  0.775459E-01  0.772250E+06  0.759971E+06  0.497259E+02  0.000000E+00  0.210756E+05  0.767535E+06
  0.790091E-01  0.755693E+06  0.743262E+06  0.455460E+02  0.000000E+00  0.199833E+05  0.751012E+06
  0.804722E-01  0.739227E+06  0.726568E+06  0.633261E+02  0.000000E+00  0.189510E+05  0.734568E+06
  0.819353E-01  0.722888E+06  0.709942E+06  0.464913E+02  0.000000E+00  0.179752E+05  0.718242E+06
  0.833985E-01  0.706720E+06  0.693442E+06  0.638969E+02  0.000000E+00  0.170511E+05  0.702079E+06
  0.848616E-01  0.690769E+06  0.677131E+06  0.394658E+02  0.000000E+00  0.161795E+05  0.686128E+06
  0.863247E-01  0.675085E+06  0.661075E+06  0.312364E+02  0.000000E+00  0.153547E+05  0.670442E+06
  0.877879E-01  0.659719E+06  0.645339E+06  0.493513E+02  0.000000E+00  0.145797E+05  0.655072E+06
  0.892510E-01  0.644719E+06  0.629986E+06  0.298586E+02  0.000000E+00  0.138475E+05  0.640071E+06
  0.907141E-01  0.630134E+06  0.615076E+06  0.424728E+02  0.000000E+00  0.131594E+05  0.625487E+06
  0.921773E-01  0.616008E+06  0.600665E+06  0.370825E+02  0.000000E+00  0.125140E+05  0.611367E+06
  0.940024E-01  0.599089E+06  0.583462E+06  0.282967E+02  0.000000E+00  0.117628E+05  0.594464E+06
  0.958275E-01  0.583010E+06  0.567190E+06  0.364467E+02  0.000000E+00  0.110713E+05  0.578413E+06
  0.976526E-01  0.567819E+06  0.551909E+06  0.216406E+02  0.000000E+00  0.104338E+05  0.563262E+06
  0.994777E-01  0.553549E+06  0.537656E+06  0.215710E+02  0.000000E+00  0.984882E+04  0.549045E+06
  0.101303E+00  0.540212E+06  0.524448E+06  0.141330E+02  0.000000E+00  0.931040E+04  0.535776E+06
  0.103128E+00  0.527805E+06  0.512278E+06  0.277373E+02  0.000000E+00  0.881745E+04  0.523451E+06
  0.104953E+00  0.516306E+06  0.501118E+06  0.227261E+02  0.000000E+00  0.836380E+04  0.512046E+06
  0.106778E+00  0.505678E+06  0.490922E+06  0.219982E+02  0.000000E+00  0.794822E+04  0.501523E+06
  0.108603E+00  0.495867E+06  0.481626E+06  0.137249E+02  0.000000E+00  0.756520E+04  0.491828E+06
  0.110428E+00  0.486809E+06  0.473150E+06  0.224744E+02  0.000000E+00  0.721283E+04  0.482893E+06
  0.112254E+00  0.478430E+06  0.465405E+06  0.212398E+02  0.000000E+00  0.688733E+04  0.474642E+06
  0.114079E+00  0.470645E+06  0.458290E+06  0.218955E+02  0.000000E+00  0.658546E+04  0.466990E+06
  0.115904E+00  0.463372E+06  0.451705E+06  0.121700E+02  0.000000E+00  0.630481E+04  0.459849E+06
  0.117729E+00  0.456520E+06  0.445543E+06  0.170211E+02  0.000000E+00  0.604265E+04  0.453130E+06
  0.119554E+00  0.449999E+06  0.439698E+06  0.147760E+02  0.000000E+00  0.579639E+04  0.446738E+06
  0.121379E+00  0.443722E+06  0.434068E+06  0.188493E+02  0.000000E+00  0.556426E+04  0.440584E+06
  0.123204E+00  0.437608E+06  0.428558E+06  0.123617E+02  0.000000E+00  0.534416E+04  0.434586E+06
  0.125029E+00  0.431584E+06  0.423086E+06  0.168239E+02  0.000000E+00  0.513422E+04  0.428670E+06
  0.126855E+00  0.425588E+06  0.417578E+06  0.127198E+02  0.000000E+00  0.493401E+04  0.422771E+06
  0.128680E+00  0.419569E+06  0.411978E+06  0.134929E+02  0.000000E+00  0.474137E+04  0.416838E+06
  0.130505E+00  0.413484E+06  0.406239E+06  0.879327E+01  0.000000E+00  0.455623E+04  0.410830E+06
  0.132330E+00  0.407303E+06  0.400330E+06  0.131594E+02  0.000000E+00  0.437760E+04  0.404714E+06
  0.134155E+00  0.401007E+06  0.394230E+06  0.121514E+02  0.000000E+00  0.420482E+04  0.398471E+06
  0.135980E+00  0.394584E+06  0.387932E+06  0.000000E+00  0.000000E+00  0.403774E+04  0.392091E+06
  0.137805E+00  0.388039E+06  0.381444E+06  0.000000E+00  0.000000E+00  0.387625E+04  0.385578E+06
  0.139630E+00  0.381382E+06  0.374785E+06  0.000000E+00  0.000000E+00  0.371958E+04  0.378945E+06
  0.141455E+00  0.374633E+06  0.367982E+06  0.000000E+00  0.000000E+00  0.356867E+04  0.372213E+06
  0.143281E+00  0.367821E+06  0.361072E+06  0.000000E+00  0.000000E+00  0.342271E+04  0.365410E+06
  0.145106E+00  0.360983E+06  0.354101E+06  0.000000E+00  0.000000E+00  0.328223E+04  0.358576E+06
  0.146931E+00  0.354155E+06  0.347118E+06  0.000000E+00  0.000000E+00  0.314733E+04  0.351749E+06
  0.148756E+00  0.347376E+06  0.340172E+06  0.000000E+00  0.000000E+00  0.301801E+04  0.344970E+06
  0.150581E+00  0.340689E+06  0.333312E+06  0.000000E+00  0.000000E+00  0.289422E+04  0.338280E+06
  0.152406E+00  0.334131E+06  0.326589E+06  0.000000E+00  0.000000E+00  0.277652E+04  0.331720E+06
  0.154231E+00  0.327738E+06  0.320046E+06  0.000000E+00  0.000000E+00  0.266414E+04  0.325327E+06
  0.156056E+00  0.321546E+06  0.313726E+06  0.000000E+00  0.000000E+00  0.255791E+04  0.319138E+06
  0.157882E+00  0.315586E+06  0.307665E+06  0.000000E+00  0.000000E+00  0.245714E+04  0.313184E+06
  0.159707E+00  0.309882E+06  0.301895E+06  0.000000E+00  0.000000E+00  0.236218E+04  0.307490E+06
  0.161532E+00  0.304453E+06  0.296436E+06  0.000000E+00  0.000000E+00  0.227250E+04  0.302077E+06
  0.163357E+00  0.299314E+06  0.291307E+06  0.000000E+00  0.000000E+00  0.218846E+04  0.296958E+06
  0.165182E+00  0.294470E+06  0.286513E+06  0.000000E+00  0.000000E+00  0.210923E+04  0.292140E+06
  0.167007E+00  0.289921E+06  0.282052E+06  0.000000E+00  0.000000E+00  0.203509E+04  0.287621E+06
  0.168832E+00  0.285658E+06  0.277914E+06  0.000000E+00  0.000000E+00  0.196510E+04  0.283394E+06
  0.170657E+00  0.281670E+06  0.274086E+06  0.000000E+00  0.000000E+00  0.189992E+04  0.279446E+06
  0.172482E+00  0.277941E+06  0.270547E+06  0.000000E+00  0.000000E+00  0.183815E+04  0.275760E+06
  0.174308E+00  0.274449E+06  0.267269E+06  0.000000E+00  0.000000E+00  0.178023E+04  0.272314E+06
  0.176133E+00  0.271170E+06  0.264225E+06  0.000000E+00  0.000000E+00  0.172556E+04  0.269083E+06
  0.177958E+00  0.268077E+06  0.261380E+06  0.000000E+00  0.000000E+00  0.167372E+04  0.266040E+06
  0.179783E+00  0.265141E+06  0.258700E+06  0.000000E+00  0.000000E+00  0.162445E+04  0.263155E+06
  0.181608E+00  0.262332E+06  0.256150E+06  0.000000E+00  0.000000E+00  0.157775E+04  0.260396E+06
  0.183433E+00  0.259618E+06  0.253692E+06  0.000000E+00  0.000000E+00  0.153264E+04  0.257733E+06
  0.185258E+00  0.256972E+06  0.251292E+06  0.000000E+00  0.000000E+00  0.148967E+04  0.255134E+06
  0.187083E+00  0.254366E+06  0.248919E+06  0.000000E+00  0.000000E+00  0.144803E+04  0.252574E+06
  0.188909E+00  0.251776E+06  0.246544E+06  0.000000E+00  0.000000E+00  0.140761E+04  0.250027E+06
  0.190734E+00  0.249180E+06  0.244143E+06  0.000000E+00  0.000000E+00  0.136858E+04  0.247471E+06
  0.192559E+00  0.246562E+06  0.241696E+06  0.000000E+00  0.000000E+00  0.133039E+04  0.244890E+06
  0.194384E+00  0.243908E+06  0.239187E+06  0.000000E+00  0.000000E+00  0.129308E+04  0.242267E+06
  0.196209E+00  0.241206E+06  0.236604E+06  0.000000E+00  0.000000E+00  0.125680E+04  0.239594E+06
  0.198034E+00  0.238451E+06  0.233942E+06  0.000000E+00  0.000000E+00  0.122105E+04  0.236864E+06
  0.199859E+00  0.235641E+06  0.231198E+06  0.000000E+00  0.000000E+00  0.118613E+04  0.234074E+06
  0.201684E+00  0.232774E+06  0.228373E+06  0.000000E+00  0.000000E+00  0.115205E+04  0.231225E+06
  0.203509E+00  0.229857E+06  0.225476E+06  0.000000E+00  0.000000E+00  0.111840E+04  0.228321E+06
  0.205335E+00  0.226896E+06  0.222515E+06  0.000000E+00  0.000000E+00  0.108572E+04  0.225371E+06
  0.207160E+00  0.223903E+06  0.219506E+06  0.000000E+00  0.000000E+00  0.105372E+04  0.222387E+06
  0.208985E+00  0.220890E+06  0.216462E+06  0.000000E+00  0.000000E+00  0.102241E+04  0.219380E+06
  0.210810E+00  0.217871E+06  0.213402E+06  0.000000E+00  0.000000E+00  0.992076E+03  0.216366E+06
  0.212635E+00  0.214860E+06  0.210345E+06  0.000000E+00  0.000000E+00  0.962553E+03  0.213359E+06
  0.214460E+00  0.211873E+06  0.207308E+06  0.000000E+00  0.000000E+00  0.933852E+03  0.210375E+06
  0.216285E+00  0.208925E+06  0.204309E+06  0.000000E+00  0.000000E+00  0.906321E+03  0.207430E+06
  0.218110E+00  0.206028E+06  0.201367E+06  0.000000E+00  0.000000E+00  0.879563E+03  0.204537E+06
  0.219936E+00  0.203198E+06  0.198497E+06  0.000000E+00  0.000000E+00  0.853891E+03  0.201711E+06
  0.221761E+00  0.200446E+06  0.195714E+06  0.000000E+00  0.000000E+00  0.829299E+03  0.198964E+06
  0.223586E+00  0.197782E+06  0.193030E+06  0.000000E+00  0.000000E+00  0.805599E+03  0.196307E+06
  0.225411E+00  0.195215E+06  0.190456E+06  0.000000E+00  0.000000E+00  0.783014E+03  0.193748E+06
  0.227236E+00  0.192751E+06  0.187997E+06  0.000000E+00  0.000000E+00  0.761438E+03  0.191294E+06
  0.229061E+00  0.190393E+06  0.185659E+06  0.000000E+00  0.000000E+00  0.740754E+03  0.188948E+06
  0.230886E+00  0.188142E+06  0.183443E+06  0.000000E+00  0.000000E+00  0.721126E+03  0.186711E+06
  0.232711E+00  0.185999E+06  0.181346E+06  0.000000E+00  0.000000E+00  0.702364E+03  0.184583E+06
  0.234536E+00  0.183958E+06  0.179366E+06  0.000000E+00  0.000000E+00  0.684430E+03  0.182559E+06
  0.236362E+00  0.182016E+06  0.177495E+06  0.000000E+00  0.000000E+00  0.667394E+03  0.180635E+06
  0.238187E+00  0.180166E+06  0.175727E+06  0.000000E+00  0.000000E+00  0.651043E+03  0.178805E+06
  0.240012E+00  0.178402E+06  0.174053E+06  0.000000E+00  0.000000E+00  0.635400E+03  0.177061E+06
  0.241837E+00  0.176713E+06  0.172460E+06  0.000000E+00  0.000000E+00  0.620471E+03  0.175394E+06
  0.243662E+00  0.175090E+06  0.170939E+06  0.000000E+00  0.000000E+00  0.606037E+03  0.173793E+06
  0.245487E+00  0.173523E+06  0.169475E+06  0.000000E+00  0.000000E+00  0.592224E+03  0.172247E+06
  0.247312E+00  0.172000E+06  0.168056E+06  0.000000E+00  0.000000E+00  0.578839E+03  0.170747E+06
  0.249137E+00  0.170513E+06  0.166671E+06  0.000000E+00  0.000000E+00  0.565898E+03  0.169280E+06
  0.250963E+00  0.169049E+06  0.165306E+06  0.000000E+00  0.000000E+00  0.553346E+03  0.167837E+06
  0.252788E+00  0.167601E+06  0.163952E+06  0.000000E+00  0.000000E+00  0.541162E+03  0.166409E+06
  0.254613E+00  0.166160E+06  0.162598E+06  0.000000E+00  0.000000E+00  0.529193E+03  0.164987E+06
  0.256438E+00  0.164719E+06  0.161236E+06  0.000000E+00  0.000000E+00  0.517595E+03  0.163564E+06
  0.258263E+00  0.163271E+06  0.159861E+06  0.000000E+00  0.000000E+00  0.506136E+03  0.162133E+06
  0.260088E+00  0.161814E+06  0.158465E+06  0.000000E+00  0.000000E+00  0.494972E+03  0.160690E+06
  0.261913E+00  0.160341E+06  0.157046E+06  0.000000E+00  0.000000E+00  0.483963E+03  0.159232E+06
  0.263738E+00  0.158853E+06  0.155601E+06  0.000000E+00  0.000000E+00  0.473162E+03  0.157756E+06
  0.265563E+00  0.157347E+06  0.154131E+06  0.000000E+00  0.000000E+00  0.462527E+03  0.156261E+06
  0.267389E+00  0.155826E+06  0.152635E+06  0.000000E+00  0.000000E+00  0.452131E+03  0.154749E+06
  0.269214E+00  0.154289E+06  0.151117E+06  0.000000E+00  0.000000E+00  0.441851E+03  0.153221E+06
  0.271039E+00  0.152742E+06  0.149581E+06  0.000000E+00  0.000000E+00  0.431821E+03  0.151681E+06
  0.272864E+00  0.151186E+06  0.148031E+06  0.000000E+00  0.000000E+00  0.421952E+03  0.150132E+06
  0.274689E+00  0.149628E+06  0.146473E+06  0.000000E+00  0.000000E+00  0.412296E+03  0.148580E+06
  0.276514E+00  0.148071E+06  0.144913E+06  0.000000E+00  0.000000E+00  0.402864E+03  0.147028E+06
  0.278339E+00  0.146521E+06  0.143357E+06  0.000000E+00  0.000000E+00  0.393634E+03  0.145483E+06
  0.280164E+00  0.144982E+06  0.141812E+06  0.000000E+00  0.000000E+00  0.384627E+03  0.143949E+06
  0.281990E+00  0.143461E+06  0.140284E+06  0.000000E+00  0.000000E+00  0.375895E+03  0.142432E+06
  0.283815E+00  0.141961E+06  0.138779E+06  0.000000E+00  0.000000E+00  0.367379E+03  0.140937E+06
  0.285640E+00  0.140489E+06  0.137303E+06  0.000000E+00  0.000000E+00  0.359085E+03  0.139470E+06
  0.287465E+00  0.139047E+06  0.135861E+06  0.000000E+00  0.000000E+00  0.351111E+03  0.138034E+06
  0.289290E+00  0.137641E+06  0.134458E+06  0.000000E+00  0.000000E+00  0.343330E+03  0.136633E+06
  0.291115E+00  0.136272E+06  0.133096E+06  0.000000E+00  0.000000E+00  0.335831E+03  0.135270E+06
  0.292940E+00  0.134943E+06  0.131778E+06  0.000000E+00  0.000000E+00  0.328570E+03  0.133948E+06
  0.294765E+00  0.133655E+06  0.130507E+06  0.000000E+00  0.000000E+00  0.321571E+03  0.132667E+06
  0.296591E+00  0.132408E+06  0.129281E+06  0.000000E+00  0.000000E+00  0.314805E+03  0.131428E+06
  0.298416E+00  0.131203E+06  0.128101E+06  0.000000E+00  0.000000E+00  0.308305E+03  0.130231E+06
  0.300241E+00  0.130037E+06  0.126966E+06  0.000000E+00  0.000000E+00  0.301966E+03  0.129075E+06
  0.302066E+00  0.128911E+06  0.125874E+06  0.000000E+00  0.000000E+00  0.295921E+03  0.127958E+06
  0.303891E+00  0.127822E+06  0.124822E+06  0.000000E+00  0.000000E+00  0.290053E+03  0.126879E+06
  0.305716E+00  0.126766E+06  0.123807E+06  0.000000E+00  0.000000E+00  0.284350E+03  0.125833E+06
  0.307541E+00  0.125742E+06  0.122825E+06  0.000000E+00  0.000000E+00  0.278854E+03  0.124819E+06
  0.309366E+00  0.124744E+06  0.121872E+06  0.000000E+00  0.000000E+00  0.273526E+03  0.123833E+06
  0.311191E+00  0.123771E+06  0.120944E+06  0.000000E+00  0.000000E+00  0.268325E+03  0.122870E+06
  0.313017E+00  0.122817E+06  0.120036E+06  0.000000E+00  0.000000E+00  0.263291E+03  0.121927E+06
  0.314842E+00  0.121880E+06  0.119144E+06  0.000000E+00  0.000000E+00  0.258359E+03  0.121000E+06
  0.316667E+00  0.120956E+06  0.118263E+06  0.000000E+00  0.000000E+00  0.253564E+03  0.120086E+06
  0.318492E+00  0.120042E+06  0.117391E+06  0.000000E+00  0.000000E+00  0.248903E+03  0.119182E+06
  0.320317E+00  0.119135E+06  0.116524E+06  0.000000E+00  0.000000E+00  0.244293E+03  0.118285E+06
  0.322142E+00  0.118232E+06  0.115659E+06  0.000000E+00  0.000000E+00  0.239800E+03  0.117391E+06
  0.323967E+00  0.117332E+06  0.114793E+06  0.000000E+00  0.000000E+00  0.235425E+03  0.116499E+06
  0.325792E+00  0.116432E+06  0.113924E+06  0.000000E+00  0.000000E+00  0.231076E+03  0.115607E+06
  0.327617E+00  0.115530E+06  0.113051E+06  0.000000E+00  0.000000E+00  0.226839E+03  0.114714E+06
  0.329443E+00  0.114627E+06  0.112173E+06  0.000000E+00  0.000000E+00  0.222669E+03  0.113818E+06
  0.331268E+00  0.113721E+06  0.111289E+06  0.000000E+00  0.000000E+00  0.218559E+03  0.112919E+06
  0.333093E+00  0.112814E+06  0.110400E+06  0.000000E+00  0.000000E+00  0.214533E+03  0.112017E+06
  0.334918E+00  0.111904E+06  0.109506E+06  0.000000E+00  0.000000E+00  0.210567E+03  0.111114E+06
  0.336743E+00  0.110994E+06  0.108609E+06  0.000000E+00  0.000000E+00  0.206651E+03  0.110209E+06
  0.338568E+00  0.110084E+06  0.107710E+06  0.000000E+00  0.000000E+00  0.202858E+03  0.109304E+06
  0.340393E+00  0.109176E+06  0.106811E+06  0.000000E+00  0.000000E+00  0.199073E+03  0.108401E+06
  0.342218E+00  0.108270E+06  0.105913E+06  0.000000E+00  0.000000E+00  0.195384E+03  0.107500E+06
  0.344044E+00  0.107370E+06  0.105019E+06  0.000000E+00  0.000000E+00  0.191776E+03  0.106604E+06
  0.345869E+00  0.106476E+06  0.104132E+06  0.000000E+00  0.000000E+00  0.188235E+03  0.105714E+06
  0.347694E+00  0.105591E+06  0.103252E+06  0.000000E+00  0.000000E+00  0.184763E+03  0.104833E+06
  0.349519E+00  0.104715E+06  0.102382E+06  0.000000E+00  0.000000E+00  0.181393E+03  0.103962E+06
  0.351344E+00  0.103852E+06  0.101526E+06  0.000000E+00  0.000000E+00  0.178064E+03  0.103103E+06
  0.353169E+00  0.103002E+06  0.100683E+06  0.000000E+00  0.000000E+00  0.174871E+03  0.102257E+06
  0.354994E+00  0.102166E+06  0.998555E+05  0.000000E+00  0.000000E+00  0.171714E+03  0.101426E+06
  0.356819E+00  0.101346E+06  0.990451E+05  0.000000E+00  0.000000E+00  0.168639E+03  0.100611E+06
  0.358645E+00  0.100543E+06  0.982523E+05  0.000000E+00  0.000000E+00  0.165667E+03  0.998115E+05
  0.360470E+00  0.997558E+05  0.974777E+05  0.000000E+00  0.000000E+00  0.162755E+03  0.990295E+05
  0.362295E+00  0.989860E+05  0.967218E+05  0.000000E+00  0.000000E+00  0.159915E+03  0.982646E+05
  0.364120E+00  0.982332E+05  0.959845E+05  0.000000E+00  0.000000E+00  0.157163E+03  0.975171E+05
  0.365945E+00  0.974974E+05  0.952656E+05  0.000000E+00  0.000000E+00  0.154466E+03  0.967867E+05
  0.367770E+00  0.967783E+05  0.945646E+05  0.000000E+00  0.000000E+00  0.151858E+03  0.960730E+05
  0.369595E+00  0.960751E+05  0.938808E+05  0.000000E+00  0.000000E+00  0.149322E+03  0.953754E+05
  0.371420E+00  0.953869E+05  0.932131E+05  0.000000E+00  0.000000E+00  0.146814E+03  0.946930E+05
  0.373245E+00  0.947126E+05  0.925601E+05  0.000000E+00  0.000000E+00  0.144423E+03  0.940245E+05
  0.375071E+00  0.940511E+05  0.919204E+05  0.000000E+00  0.000000E+00  0.142054E+03  0.933689E+05
  0.376896E+00  0.934012E+05  0.912927E+05  0.000000E+00  0.000000E+00  0.139744E+03  0.927248E+05
  0.378721E+00  0.927616E+05  0.906754E+05  0.000000E+00  0.000000E+00  0.137497E+03  0.920911E+05
  0.380546E+00  0.921312E+05  0.900672E+05  0.000000E+00  0.000000E+00  0.135298E+03  0.914665E+05
  0.382371E+00  0.915087E+05  0.894666E+05  0.000000E+00  0.000000E+00  0.133133E+03  0.908497E+05
  0.384196E+00  0.908930E+05  0.888723E+05  0.000000E+00  0.000000E+00  0.131039E+03  0.902396E+05
  0.386021E+00  0.902830E+05  0.882831E+05  0.000000E+00  0.000000E+00  0.128942E+03  0.896352E+05
  0.387846E+00  0.896777E+05  0.876976E+05  0.000000E+00  0.000000E+00  0.126927E+03  0.890352E+05
  0.389672E+00  0.890762E+05  0.871150E+05  0.000000E+00  0.000000E+00  0.124933E+03  0.884389E+05
  0.391497E+00  0.884776E+05  0.865343E+05  0.000000E+00  0.000000E+00  0.122952E+03  0.878453E+05
  0.393322E+00  0.878816E+05  0.859549E+05  0.000000E+00  0.000000E+00  0.121030E+03  0.872541E+05
  0.395147E+00  0.872876E+05  0.853765E+05  0.000000E+00  0.000000E+00  0.119139E+03  0.866647E+05
  0.396972E+00  0.866956E+05  0.847989E+05  0.000000E+00  0.000000E+00  0.117256E+03  0.860771E+05
  0.398797E+00  0.861054E+05  0.842220E+05  0.000000E+00  0.000000E+00  0.115434E+03  0.854912E+05
  0.400622E+00  0.855171E+05  0.836460E+05  0.000000E+00  0.000000E+00  0.113621E+03  0.849070E+05
  0.402447E+00  0.849309E+05  0.830711E+05  0.000000E+00  0.000000E+00  0.111847E+03  0.843248E+05
  0.404272E+00  0.843471E+05  0.824977E+05  0.000000E+00  0.000000E+00  0.110117E+03  0.837448E+05
  0.406098E+00  0.837658E+05  0.819261E+05  0.000000E+00  0.000000E+00  0.108387E+03  0.831672E+05
  0.407923E+00  0.831876E+05  0.813569E+05  0.000000E+00  0.000000E+00  0.106704E+03  0.825925E+05
  0.409748E+00  0.826130E+05  0.807908E+05  0.000000E+00  0.000000E+00  0.105060E+03  0.820213E+05
  0.411573E+00  0.820425E+05  0.802284E+05  0.000000E+00  0.000000E+00  0.103417E+03  0.814542E+05
  0.413398E+00  0.814767E+05  0.796706E+05  0.000000E+00  0.000000E+00  0.101825E+03  0.808918E+05
  0.415223E+00  0.809163E+05  0.791180E+05  0.000000E+00  0.000000E+00  0.100260E+03  0.803347E+05
  0.417048E+00  0.803617E+05  0.785714E+05  0.000000E+00  0.000000E+00  0.987149E+02  0.797834E+05
  0.418873E+00  0.798136E+05  0.780313E+05  0.000000E+00  0.000000E+00  0.972152E+02  0.792386E+05
  0.420699E+00  0.792722E+05  0.774981E+05  0.000000E+00  0.000000E+00  0.957364E+02  0.787005E+05
  0.422524E+00  0.787378E+05  0.769724E+05  0.000000E+00  0.000000E+00  0.942824E+02  0.781694E+05
  0.424349E+00  0.782109E+05  0.764543E+05  0.000000E+00  0.000000E+00  0.928824E+02  0.776458E+05
  0.426174E+00  0.776915E+05  0.759444E+05  0.000000E+00  0.000000E+00  0.914824E+02  0.771299E+05
  0.427999E+00  0.771800E+05  0.754426E+05  0.000000E+00  0.000000E+00  0.901258E+02  0.766218E+05
  0.429824E+00  0.766763E+05  0.749492E+05  0.000000E+00  0.000000E+00  0.888010E+02  0.761215E+05
  0.431649E+00  0.761804E+05  0.744641E+05  0.000000E+00  0.000000E+00  0.874996E+02  0.756292E+05
  0.433474E+00  0.756923E+05  0.739871E+05  0.000000E+00  0.000000E+00  0.862207E+02  0.751447E+05
  0.435299E+00  0.752117E+05  0.735181E+05  0.000000E+00  0.000000E+00  0.849799E+02  0.746676E+05
  0.437125E+00  0.747383E+05  0.730565E+05  0.000000E+00  0.000000E+00  0.837486E+02  0.741978E+05
  0.438950E+00  0.742717E+05  0.726021E+05  0.000000E+00  0.000000E+00  0.825624E+02  0.737349E+05
  0.440775E+00  0.738117E+05  0.721544E+05  0.000000E+00  0.000000E+00  0.813808E+02  0.732785E+05
  0.442600E+00  0.733577E+05  0.717129E+05  0.000000E+00  0.000000E+00  0.802233E+02  0.728281E+05
  0.444425E+00  0.729095E+05  0.712773E+05  0.000000E+00  0.000000E+00  0.791002E+02  0.723836E+05
  0.446250E+00  0.724668E+05  0.708470E+05  0.000000E+00  0.000000E+00  0.779895E+02  0.719444E+05
  0.448075E+00  0.720289E+05  0.704216E+05  0.000000E+00  0.000000E+00  0.768974E+02  0.715101E+05
  0.449900E+00  0.715957E+05  0.700006E+05  0.000000E+00  0.000000E+00  0.758301E+02  0.710804E+05
  0.451726E+00  0.711665E+05  0.695835E+05  0.000000E+00  0.000000E+00  0.747827E+02  0.706547E+05
  0.453551E+00  0.707410E+05  0.691699E+05  0.000000E+00  0.000000E+00  0.737515E+02  0.702327E+05
  0.455376E+00  0.703189E+05  0.687592E+05  0.000000E+00  0.000000E+00  0.727425E+02  0.698139E+05
  0.457201E+00  0.698999E+05  0.683513E+05  0.000000E+00  0.000000E+00  0.717374E+02  0.693982E+05
  0.459026E+00  0.694837E+05  0.679458E+05  0.000000E+00  0.000000E+00  0.707674E+02  0.689852E+05
  0.460851E+00  0.690701E+05  0.675426E+05  0.000000E+00  0.000000E+00  0.697971E+02  0.685748E+05
  0.462676E+00  0.686591E+05  0.671415E+05  0.000000E+00  0.000000E+00  0.688455E+02  0.681669E+05
  0.464501E+00  0.682506E+05  0.667425E+05  0.000000E+00  0.000000E+00  0.679085E+02  0.677613E+05
  0.466326E+00  0.678444E+05  0.663454E+05  0.000000E+00  0.000000E+00  0.669928E+02  0.673581E+05
  0.468152E+00  0.674406E+05  0.659503E+05  0.000000E+00  0.000000E+00  0.660782E+02  0.669571E+05
  0.469977E+00  0.670391E+05  0.655572E+05  0.000000E+00  0.000000E+00  0.651923E+02  0.665585E+05
  0.471802E+00  0.666401E+05  0.651662E+05  0.000000E+00  0.000000E+00  0.643065E+02  0.661622E+05
  0.473627E+00  0.662436E+05  0.647775E+05  0.000000E+00  0.000000E+00  0.634481E+02  0.657684E+05
  0.475452E+00  0.658498E+05  0.643912E+05  0.000000E+00  0.000000E+00  0.625946E+02  0.653772E+05
  0.477277E+00  0.654589E+05  0.640076E+05  0.000000E+00  0.000000E+00  0.617555E+02  0.649889E+05
  0.479102E+00  0.650711E+05  0.636270E+05  0.000000E+00  0.000000E+00  0.609313E+02  0.646036E+05
  0.480927E+00  0.646864E+05  0.632494E+05  0.000000E+00  0.000000E+00  0.601272E+02  0.642215E+05
  0.482753E+00  0.643051E+05  0.628751E+05  0.000000E+00  0.000000E+00  0.593229E+02  0.638427E+05
  0.484578E+00  0.639272E+05  0.625042E+05  0.000000E+00  0.000000E+00  0.585421E+02  0.634673E+05
  0.486403E+00  0.635529E+05  0.621368E+05  0.000000E+00  0.000000E+00  0.577726E+02  0.630955E+05
  0.488228E+00  0.631823E+05  0.617732E+05  0.000000E+00  0.000000E+00  0.570136E+02  0.627273E+05
  0.490053E+00  0.628155E+05  0.614135E+05  0.000000E+00  0.000000E+00  0.562716E+02  0.623630E+05
  0.491878E+00  0.624526E+05  0.610578E+05  0.000000E+00  0.000000E+00  0.555357E+02  0.620026E+05
  0.493703E+00  0.620937E+05  0.607062E+05  0.000000E+00  0.000000E+00  0.548139E+02  0.616462E+05
  0.495528E+00  0.617389E+05  0.603588E+05  0.000000E+00  0.000000E+00  0.541114E+02  0.612938E+05
  0.497353E+00  0.613881E+05  0.600155E+05  0.000000E+00  0.000000E+00  0.534127E+02  0.609455E+05
  0.499179E+00  0.610413E+05  0.596763E+05  0.000000E+00  0.000000E+00  0.527268E+02  0.606012E+05
  0.501004E+00  0.606985E+05  0.593411E+05  0.000000E+00  0.000000E+00  0.520619E+02  0.602608E+05
  0.502829E+00  0.603594E+05  0.590099E+05  0.000000E+00  0.000000E+00  0.514007E+02  0.599242E+05
  0.504654E+00  0.600241E+05  0.586824E+05  0.000000E+00  0.000000E+00  0.507525E+02  0.595914E+05
  0.506479E+00  0.596924E+05  0.583587E+05  0.000000E+00  0.000000E+00  0.501202E+02  0.592622E+05
  0.508304E+00  0.593643E+05  0.580385E+05  0.000000E+00  0.000000E+00  0.494898E+02  0.589365E+05
  0.510129E+00  0.590396E+05  0.577218E+05  0.000000E+00  0.000000E+00  0.488795E+02  0.586142E+05
  0.511954E+00  0.587181E+05  0.574083E+05  0.000000E+00  0.000000E+00  0.482714E+02  0.582952E+05
  0.513780E+00  0.583998E+05  0.570979E+05  0.000000E+00  0.000000E+00  0.476714E+02  0.579793E+05
  0.515605E+00  0.580843E+05  0.567903E+05  0.000000E+00  0.000000E+00  0.470881E+02  0.576662E+05
  0.517430E+00  0.577716E+05  0.564854E+05  0.000000E+00  0.000000E+00  0.465121E+02  0.573559E+05
  0.519255E+00  0.574616E+05  0.561831E+05  0.000000E+00  0.000000E+00  0.459348E+02  0.570482E+05
  0.521080E+00  0.571540E+05  0.558831E+05  0.000000E+00  0.000000E+00  0.453817E+02  0.567430E+05
  0.522905E+00  0.568488E+05  0.555854E+05  0.000000E+00  0.000000E+00  0.448280E+02  0.564401E+05
  0.524730E+00  0.565460E+05  0.552899E+05  0.000000E+00  0.000000E+00  0.442840E+02  0.561396E+05
  0.526555E+00  0.562454E+05  0.549965E+05  0.000000E+00  0.000000E+00  0.437502E+02  0.558412E+05
  0.528381E+00  0.559470E+05  0.547051E+05  0.000000E+00  0.000000E+00  0.432192E+02  0.555450E+05
  0.530206E+00  0.556506E+05  0.544156E+05  0.000000E+00  0.000000E+00  0.427023E+02  0.552508E+05
  0.532031E+00  0.553563E+05  0.541280E+05  0.000000E+00  0.000000E+00  0.421933E+02  0.549586E+05
  0.533856E+00  0.550639E+05  0.538422E+05  0.000000E+00  0.000000E+00  0.416826E+02  0.546684E+05
  0.535681E+00  0.547735E+05  0.535582E+05  0.000000E+00  0.000000E+00  0.411880E+02  0.543800E+05
  0.537506E+00  0.544850E+05  0.532759E+05  0.000000E+00  0.000000E+00  0.407023E+02  0.540936E+05
  0.539331E+00  0.541986E+05  0.529956E+05  0.000000E+00  0.000000E+00  0.402126E+02  0.538091E+05
  0.541156E+00  0.539141E+05  0.527172E+05  0.000000E+00  0.000000E+00  0.397413E+02  0.535267E+05
  0.542981E+00  0.536317E+05  0.524407E+05  0.000000E+00  0.000000E+00  0.392682E+02  0.532462E+05
  0.544807E+00  0.533514E+05  0.521662E+05  0.000000E+00  0.000000E+00  0.388066E+02  0.529679E+05
  0.546632E+00  0.530731E+05  0.518937E+05  0.000000E+00  0.000000E+00  0.383506E+02  0.526916E+05
  0.548457E+00  0.527970E+05  0.516232E+05  0.000000E+00  0.000000E+00  0.378999E+02  0.524174E+05
  0.550282E+00  0.525231E+05  0.513549E+05  0.000000E+00  0.000000E+00  0.374544E+02  0.521453E+05
  0.552107E+00  0.522513E+05  0.510887E+05  0.000000E+00  0.000000E+00  0.370267E+02  0.518754E+05
  0.553932E+00  0.519818E+05  0.508248E+05  0.000000E+00  0.000000E+00  0.365891E+02  0.516078E+05
  0.555757E+00  0.517145E+05  0.505631E+05  0.000000E+00  0.000000E+00  0.361719E+02  0.513424E+05
  0.557582E+00  0.514496E+05  0.503037E+05  0.000000E+00  0.000000E+00  0.357540E+02  0.510793E+05
  0.559408E+00  0.511870E+05  0.500467E+05  0.000000E+00  0.000000E+00  0.353439E+02  0.508185E+05
  0.561233E+00  0.509267E+05  0.497920E+05  0.000000E+00  0.000000E+00  0.349395E+02  0.505601E+05
  0.563058E+00  0.506687E+05  0.495395E+05  0.000000E+00  0.000000E+00  0.345408E+02  0.503039E+05
  0.564883E+00  0.504130E+05  0.492894E+05  0.000000E+00  0.000000E+00  0.341446E+02  0.500500E+05
  0.566708E+00  0.501596E+05  0.490415E+05  0.000000E+00  0.000000E+00  0.337634E+02  0.497984E+05
  0.568533E+00  0.499083E+05  0.487959E+05  0.000000E+00  0.000000E+00  0.333760E+02  0.495490E+05
  0.570358E+00  0.496594E+05  0.485525E+05  0.000000E+00  0.000000E+00  0.329998E+02  0.493018E+05
  0.572183E+00  0.494126E+05  0.483114E+05  0.000000E+00  0.000000E+00  0.326337E+02  0.490569E+05
  0.574008E+00  0.491681E+05  0.480724E+05  0.000000E+00  0.000000E+00  0.322653E+02  0.488141E+05
  0.575834E+00  0.489256E+05  0.478356E+05  0.000000E+00  0.000000E+00  0.319073E+02  0.485734E+05
  0.577659E+00  0.486853E+05  0.476008E+05  0.000000E+00  0.000000E+00  0.315525E+02  0.483348E+05
  0.579484E+00  0.484469E+05  0.473680E+05  0.000000E+00  0.000000E+00  0.312013E+02  0.480982E+05
  0.581309E+00  0.482105E+05  0.471371E+05  0.000000E+00  0.000000E+00  0.308617E+02  0.478635E+05
  0.700351E+00  0.359498E+05  0.351501E+05  0.000000E+00  0.000000E+00  0.159234E+02  0.356912E+05
  0.855411E+00  0.261030E+05  0.255228E+05  0.000000E+00  0.000000E+00  0.777708E+01  0.259153E+05
  0.104480E+01  0.188636E+05  0.184444E+05  0.000000E+00  0.000000E+00  0.377631E+01  0.187280E+05
  0.127612E+01  0.135737E+05  0.132721E+05  0.000000E+00  0.000000E+00  0.182444E+01  0.134761E+05
  0.155866E+01  0.972910E+04  0.951294E+04  0.000000E+00  0.000000E+00  0.121758E+01  0.965914E+04
  0.190375E+01  0.694862E+04  0.679424E+04  0.000000E+00  0.000000E+00  0.583818E+00  0.689865E+04
  0.232525E+01  0.494662E+04  0.483672E+04  0.000000E+00  0.000000E+00  0.278887E+00  0.491105E+04
  0.284006E+01  0.351092E+04  0.343291E+04  0.000000E+00  0.000000E+00  0.132765E+00  0.348568E+04
  0.346886E+01  0.248509E+04  0.242986E+04  0.000000E+00  0.000000E+00  0.630244E-01  0.246722E+04
  0.423688E+01  0.175456E+04  0.171555E+04  0.000000E+00  0.000000E+00  0.298382E-01  0.174194E+04
  0.517493E+01  0.123589E+04  0.120840E+04  0.000000E+00  0.000000E+00  0.140918E-01  0.122700E+04
  0.632068E+01  0.868679E+03  0.849331E+03  0.000000E+00  0.000000E+00  0.663964E-02  0.862425E+03
  0.772010E+01  0.609359E+03  0.595764E+03  0.000000E+00  0.000000E+00  0.312146E-02  0.604969E+03
  0.942934E+01  0.426662E+03  0.417120E+03  0.000000E+00  0.000000E+00  0.146635E-02  0.423584E+03
  0.115170E+02  0.298228E+03  0.291532E+03  0.000000E+00  0.000000E+00  0.686903E-03  0.296072E+03
  0.140669E+02  0.208120E+03  0.203421E+03  0.000000E+00  0.000000E+00  0.321349E-03  0.206612E+03
  0.171814E+02  0.145020E+03  0.141718E+03  0.000000E+00  0.000000E+00  0.150096E-03  0.143964E+03
  0.209854E+02  0.100908E+03  0.985826E+02  0.000000E+00  0.000000E+00  0.699701E-04  0.100170E+03
  0.256316E+02  0.701211E+02  0.684752E+02  0.000000E+00  0.000000E+00  0.326143E-04  0.696031E+02
  0.313065E+02  0.486652E+02  0.474923E+02  0.000000E+00  0.000000E+00  0.151712E-04  0.483010E+02
  0.382379E+02  0.337333E+02  0.328886E+02  0.000000E+00  0.000000E+00  0.705378E-05  0.334759E+02
  0.467038E+02  0.233553E+02  0.227378E+02  0.000000E+00  0.000000E+00  0.327113E-05  0.231720E+02
  0.570442E+02  0.161510E+02  0.156903E+02  0.000000E+00  0.000000E+00  0.151557E-05  0.160190E+02
  0.696740E+02  0.111555E+02  0.108028E+02  0.000000E+00  0.000000E+00  0.701148E-06  0.110590E+02
  0.850999E+02  0.769544E+01  0.741683E+01  0.000000E+00  0.000000E+00  0.323543E-06  0.762335E+01
  0.103941E+03  0.530116E+01  0.507327E+01  0.000000E+00  0.000000E+00  0.149613E-06  0.524590E+01
